address|type|disassembly|bytes
32768|data|DCD 0x464C457F; File format: \x7FELF|127-69-76-70
32772|data|DCB 1; File class: 32-bit|1
32773|data|DCB 1; Data encoding: little-endian|1
32774|data|DCB 1; File version|1
32775|data|DCB 0; OS/ABI: UNIX System V ABI|0
32776|data|DCB 0; ABI Version|0
32777|data|DCB 0, 0, 0, 0, 0, 0, 0; Padding|0-0-0-0-0-0-0
32784|data|DCW 2; File type: Executable|2-0
32786|data|DCW 0x28; Machine: ARM|40-0
32788|data|DCD 1; File version|1-0-0-0
32792|data|DCD start+1; Entry point|57-136-0-0
32796|data|DCD 0x34; PHT file offset|52-0-0-0
32800|data|DCD 0x45A8; SHT file offset|168-69-0-0
32804|data|DCD 0x5000002; Processor-specific flags|2-0-0-5
32808|data|DCW 0x34; ELF header size|52-0
32810|data|DCW 0x20; PHT entry size|32-0
32812|data|DCW 8; Number of entries in PHT|8-0
32814|data|DCW 0x28; SHT entry size|40-0
32816|data|DCW 0x1C; Number of entries in SHT|28-0
32818|data|DCW 0x1B; SHT entry index for string table|27-0
32820|data|DCD 0x70000001; Type: EXIDX|1-0-0-112
32824|data|DCD 0x426C; File offset|108-66-0-0
32828|data|DCD unk_C26C; Virtual address|108-194-0-0
32832|data|DCD 0xC26C; Physical address|108-194-0-0
32836|data|DCD 8; Size in file image|8-0-0-0
32840|data|DCD 8; Size in memory image|8-0-0-0
32844|data|DCD 4; Flags|4-0-0-0
32848|data|DCD 4; Alignment|4-0-0-0
32852|data|DCD 6; Type: PHDR|6-0-0-0
32856|data|DCD 0x34; File offset|52-0-0-0
32860|data|DCD dword_8034; Virtual address|52-128-0-0
32864|data|DCD 0x8034; Physical address|52-128-0-0
32868|data|DCD 0x100; Size in file image|0-1-0-0
32872|data|DCD 0x100; Size in memory image|0-1-0-0
32876|data|DCD 5; Flags|5-0-0-0
32880|data|DCD 4; Alignment|4-0-0-0
32884|data|DCD 3; Type: INTERP|3-0-0-0
32888|data|DCD 0x134; File offset|52-1-0-0
32892|data|DCD aLibArmLinuxGnu; Virtual address|52-129-0-0
32896|data|DCD 0x8134; Physical address|52-129-0-0
32900|data|DCD 0x27; Size in file image|39-0-0-0
32904|data|DCD 0x27; Size in memory image|39-0-0-0
32908|data|DCD 4; Flags|4-0-0-0
32912|data|DCD 1; Alignment|1-0-0-0
32916|data|DCD 1; Type: LOAD|1-0-0-0
32920|data|DCD 0; File offset|0-0-0-0
32924|data|DCD dword_8000; Virtual address|0-128-0-0
32928|data|DCD 0x8000; Physical address|0-128-0-0
32932|data|DCD 0x4278; Size in file image|120-66-0-0
32936|data|DCD 0x4278; Size in memory image|120-66-0-0
32940|data|DCD 5; Flags|5-0-0-0
32944|data|DCD 0x8000; Alignment|0-128-0-0
32948|data|DCD 1; Type: LOAD|1-0-0-0
32952|data|DCD 0x4278; File offset|120-66-0-0
32956|data|DCD off_14278; Virtual address|120-66-1-0
32960|data|DCD 0x14278; Physical address|120-66-1-0
32964|data|DCD 0x20C; Size in file image|12-2-0-0
32968|data|DCD 0x3BE4; Size in memory image|228-59-0-0
32972|data|DCD 6; Flags|6-0-0-0
32976|data|DCD 0x8000; Alignment|0-128-0-0
32980|data|DCD 2; Type: DYNAMIC|2-0-0-0
32984|data|DCD 0x4284; File offset|132-66-0-0
32988|data|DCD stru_14284; Virtual address|132-66-1-0
32992|data|DCD 0x14284; Physical address|132-66-1-0
32996|data|DCD 0xF0; Size in file image|240-0-0-0
33000|data|DCD 0xF0; Size in memory image|240-0-0-0
33004|data|DCD 6; Flags|6-0-0-0
33008|data|DCD 4; Alignment|4-0-0-0
33012|data|DCD 4; Type: NOTE|4-0-0-0
33016|data|DCD 0x15C; File offset|92-1-0-0
33020|data|DCD dword_815C; Virtual address|92-129-0-0
33024|data|DCD 0x815C; Physical address|92-129-0-0
33028|data|DCD 0x44; Size in file image|68-0-0-0
33032|data|DCD 0x44; Size in memory image|68-0-0-0
33036|data|DCD 4; Flags|4-0-0-0
33040|data|DCD 4; Alignment|4-0-0-0
33044|data|DCD 0x6474E551; Type: STACK|81-229-116-100
33048|data|DCD 0; File offset|0-0-0-0
33052|data|DCD 0; Virtual address|0-0-0-0
33056|data|DCD 0; Physical address|0-0-0-0
33060|data|DCD 0; Size in file image|0-0-0-0
33064|data|DCD 0; Size in memory image|0-0-0-0
33068|data|DCD 6; Flags|6-0-0-0
33072|data|DCD 4; Alignment|4-0-0-0
33076|data|DCB "/lib/arm-linux-gnueabihf/ld-linux.so.3",0|47-108-105-98-47-97-114-109-45-108-105-110-117-120-45-103-110-117-101-97-98-105-104-102-47-108-100-45-108-105-110-117-120-46-115-111-46-51-0
33115|data|DCB 0|0
33116|data|DCD 4; Name Size|4-0-0-0
33120|data|DCD 0x10; Desc Size|16-0-0-0
33124|data|DCD 1; Type: NT_GNU_ABI_TAG|1-0-0-0
33128|data|DCB "GNU",0; Name|71-78-85-0
33132|data|DCD 0, 2, 6, 0x1A; ABI: Linux 2.6.26|0-0-0-0-2-0-0-0-6-0-0-0-26-0-0-0
33148|data|DCD 4; Name Size|4-0-0-0
33152|data|DCD 0x14; Desc Size|20-0-0-0
33156|data|DCD 3; Type: NT_GNU_BUILD_ID|3-0-0-0
33160|data|DCB "GNU",0; Name|71-78-85-0
33164|data|DCB 0xD2, 0x37, 0xE1, 0xCF, 0xF, 0xDC, 0x6B, 0xF0, 0x71; Desc|210-55-225-207-15-220-107-240-113-25-129-15-58-78-254-235-232-25-58-101
33184|data|DCD 0x11|17-0-0-0
33188|data|DCD 0x1B|27-0-0-0
33192|data|DCD 0xC, 0, 0xE, 0x11, 0x13, 8, 0x19, 0x17, 0x14, 5, 9|12-0-0-0-0-0-0-0-14-0-0-0-17-0-0-0-19-0-0-0-8-0-0-0-25-0-0-0-23-0-0-0-20-0-0-0-5-0-0-0-9-0-0-0-0-0-0-0-7-0-0-0-11-0-0-0-15-0-0-0-1-0-0-0-0-0-0-0
33260|data|DCD 0, 0, 0, 0xA, 0, 0, 0x15, 0, 0, 0x18, 0, 3, 0, 2, 0x12|0-0-0-0-0-0-0-0-0-0-0-0-10-0-0-0-0-0-0-0-0-0-0-0-21-0-0-0-0-0-0-0-0-0-0-0-24-0-0-0-0-0-0-0-3-0-0-0-0-0-0-0-2-0-0-0-18-0-0-0-4-0-0-0-0-0-0-0-16-0-0-0-0-0-0-0-0-0-0-0-0-0-0-0-0-0-0-0-26-0-0-0-13-0-0-0-22-0-0-0-0-0-0-0-6-0-0-0
33368|data|DCD 0x11|17-0-0-0
33372|data|DCD 2|2-0-0-0
33376|data|DCD 8|8-0-0-0
33380|data|DCD 8|8-0-0-0
33384|data|DCD 0x48428C00, 0xE329E112, 0x82, 0x38442820, 0x42100A0|0-140-66-72-18-225-41-227-130-0-0-0-32-40-68-56-160-0-33-4-0-72-32-17-0-0-0-0-0-0-72-0
33416|data|DCD 2, 3, 4, 6, 0xA, 0xC, 0xD, 0xE, 0, 0x10, 0, 0, 0x12|2-0-0-0-3-0-0-0-4-0-0-0-6-0-0-0-10-0-0-0-12-0-0-0-13-0-0-0-14-0-0-0-0-0-0-0-16-0-0-0-0-0-0-0-0-0-0-0-18-0-0-0-20-0-0-0-0-0-0-0-21-0-0-0-25-0-0-0
33484|data|DCD 0xF750147, 0xD82B831, 0x1931D5AE, 0xF758E33, 0xF738B7C|71-1-117-15-49-184-130-13-174-213-49-25-51-142-117-15-124-139-115-15-134-240-150-124-30-118-181-218-125-237-17-15-62-126-150-124-115-60-148-124-119-229-137-235-47-78-61-246-36-117-130-13-189-238-144-202-242-22-230-245-33-207-9-253-124-27-118-15-17-123-156-124-145-117-130-13-184-43-107-21-60-173-57-13-132-186-150-124-11-15-181-165-56-232-68-16-23-234-118-254
33584|data|Elf32_Sym <0>|0-0-0-0-0-0-0-0-0-0-0-0-0-0-0-0
33600|data|Elf32_Sym <aGmonStart - byte_84E0, 0, 0, 0x20, 0, 0>; "__gmon_start__"|1-0-0-0-0-0-0-0-0-0-0-0-32-0-0-0
33616|data|Elf32_Sym <aFread - byte_84E0, fread, 0, 0x12, 0, 0>; "fread"|151-0-0-0-140-135-0-0-0-0-0-0-18-0-0-0
33632|data|Elf32_Sym <aMemset - byte_84E0, memset, 0, 0x12, 0, 0>; "memset"|97-0-0-0-228-135-0-0-0-0-0-0-18-0-0-0
33648|data|Elf32_Sym <aRewind - byte_84E0, rewind, 0, 0x12, 0, 0>; "rewind"|70-0-0-0-104-135-0-0-0-0-0-0-18-0-0-0
33664|data|Elf32_Sym <aFseek - byte_84E0, fseek, 0, 0x12, 0, 0>; "fseek"|104-0-0-0-32-136-0-0-0-0-0-0-18-0-0-0
33680|data|Elf32_Sym <aFopen - byte_84E0, fopen, 0, 0x12, 0, 0>; "fopen"|39-0-0-0-32-135-0-0-0-0-0-0-18-0-0-0
33696|data|Elf32_Sym <aFree - byte_84E0, free, 0, 0x12, 0, 0>; "free"|189-0-0-0-44-135-0-0-0-0-0-0-18-0-0-0
33712|data|Elf32_Sym <aIoGetc - byte_84E0, _IO_getc, 0, 0x12, 0, 0>; "_IO_getc"|162-0-0-0-68-135-0-0-0-0-0-0-18-0-0-0
33728|data|Elf32_Sym <aAbort - byte_84E0, abort, 0, 0x12, 0, 0>; "abort"|64-0-0-0-44-136-0-0-0-0-0-0-18-0-0-0
33744|data|Elf32_Sym <aExit - byte_84E0, exit, 0, 0x12, 0, 0>; "exit"|26-0-0-0-204-135-0-0-0-0-0-0-18-0-0-0
33760|data|Elf32_Sym <aAtoi - byte_84E0, atoi, 0, 0x12, 0, 0>; "atoi"|157-0-0-0-20-136-0-0-0-0-0-0-18-0-0-0
33776|data|Elf32_Sym <aTmpfile - byte_84E0, tmpfile, 0, 0x12, 0, 0>; "tmpfile"|89-0-0-0-128-135-0-0-0-0-0-0-18-0-0-0
33792|data|Elf32_Sym <aLibcStartMain - byte_84E0, __libc_start_main, 0, 0x12, 0, \; "__libc_start_main"|171-0-0-0-176-135-0-0-0-0-0-0-18-0-0-0
33808|data|Elf32_Sym <aMemcmp - byte_84E0, memcmp, 0, 0x12, 0, 0>; "memcmp"|110-0-0-0-92-135-0-0-0-0-0-0-18-0-0-0
33824|data|Elf32_Sym <aPutchar - byte_84E0, putchar, 0, 0x12, 0, 0>; "putchar"|56-0-0-0-240-135-0-0-0-0-0-0-18-0-0-0
33840|data|Elf32_Sym <aCalloc - byte_84E0, calloc, 0, 0x12, 0, 0>; "calloc"|82-0-0-0-252-134-0-0-0-0-0-0-18-0-0-0
33856|data|Elf32_Sym <aFclose - byte_84E0, fclose, 0, 0x12, 0, 0>; "fclose"|124-0-0-0-252-135-0-0-0-0-0-0-18-0-0-0
33872|data|Elf32_Sym <aFtell - byte_84E0, ftell, 0, 0x12, 0, 0>; "ftell"|45-0-0-0-80-135-0-0-0-0-0-0-18-0-0-0
33888|data|Elf32_Sym <aPuts - byte_84E0, puts, 0, 0x12, 0, 0>; "puts"|51-0-0-0-152-135-0-0-0-0-0-0-18-0-0-0
33904|data|Elf32_Sym <aMemcpy - byte_84E0, memcpy, 0, 0x12, 0, 0>; "memcpy"|117-0-0-0-56-135-0-0-0-0-0-0-18-0-0-0
33920|data|Elf32_Sym <aSprintf+1 - byte_84E0, printf, 0, 0x12, 0, 0>; "printf"|32-0-0-0-20-135-0-0-0-0-0-0-18-0-0-0
33936|data|Elf32_Sym <aMalloc - byte_84E0, malloc, 0, 0x12, 0, 0>; "malloc"|131-0-0-0-164-135-0-0-0-0-0-0-18-0-0-0
33952|data|Elf32_Sym <aFeof - byte_84E0, feof, 0, 0x12, 0, 0>; "feof"|77-0-0-0-216-135-0-0-0-0-0-0-18-0-0-0
33968|data|Elf32_Sym <aSprintf - byte_84E0, sprintf, 0, 0x12, 0, 0>; "sprintf"|31-0-0-0-8-136-0-0-0-0-0-0-18-0-0-0
33984|data|Elf32_Sym <aRaise - byte_84E0, raise, 0, 0x12, 0, 0>; "raise"|138-0-0-0-8-135-0-0-0-0-0-0-18-0-0-0
34000|data|Elf32_Sym <aFwrite - byte_84E0, fwrite, 0, 0x12, 0, 0>; "fwrite"|144-0-0-0-116-135-0-0-0-0-0-0-18-0-0-0
34016|data|DCB 0|0
34017|data|DCB "__gmon_start__",0|95-95-103-109-111-110-95-115-116-97-114-116-95-95-0
34032|data|DCB "libc.so.6",0|108-105-98-99-46-115-111-46-54-0
34042|data|DCB "exit",0|101-120-105-116-0
34047|data|DCB "sprintf",0|115-112-114-105-110-116-102-0
34055|data|DCB "fopen",0|102-111-112-101-110-0
34061|data|DCB "ftell",0|102-116-101-108-108-0
34067|data|DCB "puts",0|112-117-116-115-0
34072|data|DCB "putchar",0|112-117-116-99-104-97-114-0
34080|data|DCB "abort",0|97-98-111-114-116-0
34086|data|DCB "rewind",0|114-101-119-105-110-100-0
34093|data|DCB "feof",0|102-101-111-102-0
34098|data|DCB "calloc",0|99-97-108-108-111-99-0
34105|data|DCB "tmpfile",0|116-109-112-102-105-108-101-0
34113|data|DCB "memset",0|109-101-109-115-101-116-0
34120|data|DCB "fseek",0|102-115-101-101-107-0
34126|data|DCB "memcmp",0|109-101-109-99-109-112-0
34133|data|DCB "memcpy",0|109-101-109-99-112-121-0
34140|data|DCB "fclose",0|102-99-108-111-115-101-0
34147|data|DCB "malloc",0|109-97-108-108-111-99-0
34154|data|DCB "raise",0|114-97-105-115-101-0
34160|data|DCB "fwrite",0|102-119-114-105-116-101-0
34167|data|DCB "fread",0|102-114-101-97-100-0
34173|data|DCB "atoi",0|97-116-111-105-0
34178|data|DCB "_IO_getc",0|95-73-79-95-103-101-116-99-0
34187|data|DCB "__libc_start_main",0|95-95-108-105-98-99-95-115-116-97-114-116-95-109-97-105-110-0
34205|data|DCB "free",0|102-114-101-101-0
34210|data|DCB "GLIBC_2.4",0|71-76-73-66-67-95-50-46-52-0
34220|data|DCW 0|0-0
34222|data|DCW 0; local  symbol: __gmon_start__|0-0
34224|data|DCW 2; fread@@GLIBC_2.4|2-0
34226|data|DCW 2; memset@@GLIBC_2.4|2-0
34228|data|DCW 2; rewind@@GLIBC_2.4|2-0
34230|data|DCW 2; fseek@@GLIBC_2.4|2-0
34232|data|DCW 2; fopen@@GLIBC_2.4|2-0
34234|data|DCW 2; free@@GLIBC_2.4|2-0
34236|data|DCW 2; _IO_getc@@GLIBC_2.4|2-0
34238|data|DCW 2; abort@@GLIBC_2.4|2-0
34240|data|DCW 2; exit@@GLIBC_2.4|2-0
34242|data|DCW 2; atoi@@GLIBC_2.4|2-0
34244|data|DCW 2; tmpfile@@GLIBC_2.4|2-0
34246|data|DCW 2; __libc_start_main@@GLIBC_2.4|2-0
34248|data|DCW 2; memcmp@@GLIBC_2.4|2-0
34250|data|DCW 2; putchar@@GLIBC_2.4|2-0
34252|data|DCW 2; calloc@@GLIBC_2.4|2-0
34254|data|DCW 2; fclose@@GLIBC_2.4|2-0
34256|data|DCW 2; ftell@@GLIBC_2.4|2-0
34258|data|DCW 2; puts@@GLIBC_2.4|2-0
34260|data|DCW 2; memcpy@@GLIBC_2.4|2-0
34262|data|DCW 2; printf@@GLIBC_2.4|2-0
34264|data|DCW 2; malloc@@GLIBC_2.4|2-0
34266|data|DCW 2; feof@@GLIBC_2.4|2-0
34268|data|DCW 2; sprintf@@GLIBC_2.4|2-0
34270|data|DCW 2; raise@@GLIBC_2.4|2-0
34272|data|DCW 2; fwrite@@GLIBC_2.4|2-0
34274|data|DCW 0|0-0
34276|data|Elf32_Verneed <1, 1, aLibcSo6 - byte_84E0, 0x10, 0>; "libc.so.6"|1-0-1-0-16-0-0-0-16-0-0-0-0-0-0-0
34292|data|Elf32_Vernaux <0xD696914, 0, 2, aGlibc24 - byte_84E0, 0>; "GLIBC_2.4"|20-105-105-13-0-0-2-0-194-0-0-0-0-0-0-0
34308|data|Elf32_Rel <0x143E8, 0x115>; R_ARM_GLOB_DAT __gmon_start__|232-67-1-0-21-1-0-0
34316|data|Elf32_Rel <0x14380, 0x1016>; R_ARM_JUMP_SLOT calloc|128-67-1-0-22-16-0-0
34324|data|Elf32_Rel <0x14384, 0x1916>; R_ARM_JUMP_SLOT raise|132-67-1-0-22-25-0-0
34332|data|Elf32_Rel <0x14388, 0x1516>; R_ARM_JUMP_SLOT printf|136-67-1-0-22-21-0-0
34340|data|Elf32_Rel <0x1438C, 0x616>; R_ARM_JUMP_SLOT fopen|140-67-1-0-22-6-0-0
34348|data|Elf32_Rel <0x14390, 0x716>; R_ARM_JUMP_SLOT free|144-67-1-0-22-7-0-0
34356|data|Elf32_Rel <0x14394, 0x1416>; R_ARM_JUMP_SLOT memcpy|148-67-1-0-22-20-0-0
34364|data|Elf32_Rel <0x14398, 0x816>; R_ARM_JUMP_SLOT _IO_getc|152-67-1-0-22-8-0-0
34372|data|Elf32_Rel <0x1439C, 0x1216>; R_ARM_JUMP_SLOT ftell|156-67-1-0-22-18-0-0
34380|data|Elf32_Rel <0x143A0, 0xE16>; R_ARM_JUMP_SLOT memcmp|160-67-1-0-22-14-0-0
34388|data|Elf32_Rel <0x143A4, 0x416>; R_ARM_JUMP_SLOT rewind|164-67-1-0-22-4-0-0
34396|data|Elf32_Rel <0x143A8, 0x1A16>; R_ARM_JUMP_SLOT fwrite|168-67-1-0-22-26-0-0
34404|data|Elf32_Rel <0x143AC, 0xC16>; R_ARM_JUMP_SLOT tmpfile|172-67-1-0-22-12-0-0
34412|data|Elf32_Rel <0x143B0, 0x216>; R_ARM_JUMP_SLOT fread|176-67-1-0-22-2-0-0
34420|data|Elf32_Rel <0x143B4, 0x1316>; R_ARM_JUMP_SLOT puts|180-67-1-0-22-19-0-0
34428|data|Elf32_Rel <0x143B8, 0x1616>; R_ARM_JUMP_SLOT malloc|184-67-1-0-22-22-0-0
34436|data|Elf32_Rel <0x143BC, 0xD16>; R_ARM_JUMP_SLOT __libc_start_main|188-67-1-0-22-13-0-0
34444|data|Elf32_Rel <0x143C0, 0x116>; R_ARM_JUMP_SLOT __gmon_start__|192-67-1-0-22-1-0-0
34452|data|Elf32_Rel <0x143C4, 0xA16>; R_ARM_JUMP_SLOT exit|196-67-1-0-22-10-0-0
34460|data|Elf32_Rel <0x143C8, 0x1716>; R_ARM_JUMP_SLOT feof|200-67-1-0-22-23-0-0
34468|data|Elf32_Rel <0x143CC, 0x316>; R_ARM_JUMP_SLOT memset|204-67-1-0-22-3-0-0
34476|data|Elf32_Rel <0x143D0, 0xF16>; R_ARM_JUMP_SLOT putchar|208-67-1-0-22-15-0-0
34484|data|Elf32_Rel <0x143D4, 0x1116>; R_ARM_JUMP_SLOT fclose|212-67-1-0-22-17-0-0
34492|data|Elf32_Rel <0x143D8, 0x1816>; R_ARM_JUMP_SLOT sprintf|216-67-1-0-22-24-0-0
34500|data|Elf32_Rel <0x143DC, 0xB16>; R_ARM_JUMP_SLOT atoi|220-67-1-0-22-11-0-0
34508|data|Elf32_Rel <0x143E0, 0x516>; R_ARM_JUMP_SLOT fseek|224-67-1-0-22-5-0-0
34516|data|Elf32_Rel <0x143E4, 0x916>; R_ARM_JUMP_SLOT abort|228-67-1-0-22-9-0-0
34524|code|PUSH            {R3,LR}|8-181
34526|code|BL              sub_8870|0-240-199-248
34530|code|NOP|0-191
34532|code|POP             {R3,PC}|8-189
34534|data|DCW 0|0-0
34536|code|PUSH            {LR}|4-224-45-229
34540|code|LDR             LR, =(_GLOBAL_OFFSET_TABLE_ - 0x86F8)|4-224-159-229
34544|code|ADD             LR, PC, LR; _GLOBAL_OFFSET_TABLE_|14-224-143-224
34548|code|LDR             PC, [LR,#8]!|8-240-190-229
34552|data|DCD _GLOBAL_OFFSET_TABLE_ - 0x86F8|124-188-0-0
34556|code|ADR             R12, 0x8704|0-198-143-226
34560|code|ADD             R12, R12, #0xB000|11-202-140-226
34564|code|LDR             PC, [R12,#(calloc_ptr - 0x13704)]!; __imp_calloc|124-252-188-229
34568|code|ADR             R12, 0x8710|0-198-143-226
34572|code|ADD             R12, R12, #0xB000|11-202-140-226
34576|code|LDR             PC, [R12,#(raise_ptr - 0x13710)]!; __imp_raise|116-252-188-229
34580|code|ADR             R12, 0x871C|0-198-143-226
34584|code|ADD             R12, R12, #0xB000|11-202-140-226
34588|code|LDR             PC, [R12,#(printf_ptr - 0x1371C)]!; __imp_printf|108-252-188-229
34592|code|ADR             R12, 0x8728|0-198-143-226
34596|code|ADD             R12, R12, #0xB000|11-202-140-226
34600|code|LDR             PC, [R12,#(fopen_ptr - 0x13728)]!; __imp_fopen|100-252-188-229
34604|code|ADR             R12, 0x8734|0-198-143-226
34608|code|ADD             R12, R12, #0xB000|11-202-140-226
34612|code|LDR             PC, [R12,#(free_ptr - 0x13734)]!; __imp_free|92-252-188-229
34616|code|ADR             R12, 0x8740|0-198-143-226
34620|code|ADD             R12, R12, #0xB000|11-202-140-226
34624|code|LDR             PC, [R12,#(memcpy_ptr - 0x13740)]!; __imp_memcpy|84-252-188-229
34628|code|ADR             R12, 0x874C|0-198-143-226
34632|code|ADD             R12, R12, #0xB000|11-202-140-226
34636|code|LDR             PC, [R12,#(_IO_getc_ptr - 0x1374C)]!; __imp__IO_getc|76-252-188-229
34640|code|ADR             R12, 0x8758|0-198-143-226
34644|code|ADD             R12, R12, #0xB000|11-202-140-226
34648|code|LDR             PC, [R12,#(ftell_ptr - 0x13758)]!; __imp_ftell|68-252-188-229
34652|code|ADR             R12, 0x8764|0-198-143-226
34656|code|ADD             R12, R12, #0xB000|11-202-140-226
34660|code|LDR             PC, [R12,#(memcmp_ptr - 0x13764)]!; __imp_memcmp|60-252-188-229
34664|code|ADR             R12, 0x8770|0-198-143-226
34668|code|ADD             R12, R12, #0xB000|11-202-140-226
34672|code|LDR             PC, [R12,#(rewind_ptr - 0x13770)]!; __imp_rewind|52-252-188-229
34676|code|ADR             R12, 0x877C|0-198-143-226
34680|code|ADD             R12, R12, #0xB000|11-202-140-226
34684|code|LDR             PC, [R12,#(fwrite_ptr - 0x1377C)]!; __imp_fwrite|44-252-188-229
34688|code|ADR             R12, 0x8788|0-198-143-226
34692|code|ADD             R12, R12, #0xB000|11-202-140-226
34696|code|LDR             PC, [R12,#(tmpfile_ptr - 0x13788)]!; __imp_tmpfile|36-252-188-229
34700|code|ADR             R12, 0x8794|0-198-143-226
34704|code|ADD             R12, R12, #0xB000|11-202-140-226
34708|code|LDR             PC, [R12,#(fread_ptr - 0x13794)]!; __imp_fread|28-252-188-229
34712|code|ADR             R12, 0x87A0|0-198-143-226
34716|code|ADD             R12, R12, #0xB000|11-202-140-226
34720|code|LDR             PC, [R12,#(puts_ptr - 0x137A0)]!; __imp_puts|20-252-188-229
34724|code|ADR             R12, 0x87AC|0-198-143-226
34728|code|ADD             R12, R12, #0xB000|11-202-140-226
34732|code|LDR             PC, [R12,#(malloc_ptr - 0x137AC)]!; __imp_malloc|12-252-188-229
34736|code|ADR             R12, 0x87B8|0-198-143-226
34740|code|ADD             R12, R12, #0xB000|11-202-140-226
34744|code|LDR             PC, [R12,#(__libc_start_main_ptr - 0x137B8)]!; __imp___libc_start_main|4-252-188-229
34748|code|BX              PC|120-71
34750|data|ALIGN 4|192-70
34752|code|ADR             R12, 0x87C8|0-198-143-226
34756|code|ADD             R12, R12, #0xB000|11-202-140-226
34760|code|LDR             PC, [R12,#(__gmon_start___ptr - 0x137C8)]!; __imp___gmon_start__|248-251-188-229
34764|code|ADR             R12, 0x87D4|0-198-143-226
34768|code|ADD             R12, R12, #0xB000|11-202-140-226
34772|code|LDR             PC, [R12,#(exit_ptr - 0x137D4)]!; __imp_exit|240-251-188-229
34776|code|ADR             R12, 0x87E0|0-198-143-226
34780|code|ADD             R12, R12, #0xB000|11-202-140-226
34784|code|LDR             PC, [R12,#(feof_ptr - 0x137E0)]!; __imp_feof|232-251-188-229
34788|code|ADR             R12, 0x87EC|0-198-143-226
34792|code|ADD             R12, R12, #0xB000|11-202-140-226
34796|code|LDR             PC, [R12,#(memset_ptr - 0x137EC)]!; __imp_memset|224-251-188-229
34800|code|ADR             R12, 0x87F8|0-198-143-226
34804|code|ADD             R12, R12, #0xB000|11-202-140-226
34808|code|LDR             PC, [R12,#(putchar_ptr - 0x137F8)]!; __imp_putchar|216-251-188-229
34812|code|ADR             R12, 0x8804|0-198-143-226
34816|code|ADD             R12, R12, #0xB000|11-202-140-226
34820|code|LDR             PC, [R12,#(fclose_ptr - 0x13804)]!; __imp_fclose|208-251-188-229
34824|code|ADR             R12, 0x8810|0-198-143-226
34828|code|ADD             R12, R12, #0xB000|11-202-140-226
34832|code|LDR             PC, [R12,#(sprintf_ptr - 0x13810)]!; __imp_sprintf|200-251-188-229
34836|code|ADR             R12, 0x881C|0-198-143-226
34840|code|ADD             R12, R12, #0xB000|11-202-140-226
34844|code|LDR             PC, [R12,#(atoi_ptr - 0x1381C)]!; __imp_atoi|192-251-188-229
34848|code|ADR             R12, 0x8828|0-198-143-226
34852|code|ADD             R12, R12, #0xB000|11-202-140-226
34856|code|LDR             PC, [R12,#(fseek_ptr - 0x13828)]!; __imp_fseek|184-251-188-229
34860|code|ADR             R12, 0x8834|0-198-143-226
34864|code|ADD             R12, R12, #0xB000|11-202-140-226
34868|code|LDR             PC, [R12,#(abort_ptr - 0x13834)]!; __imp_abort|176-251-188-229
34872|code|MOV.W           R11, #0|79-240-0-11
34876|code|MOV.W           LR, #0|79-240-0-14
34880|code|POP.W           {R1}; argc|93-248-4-27
34884|code|MOV             R2, SP; ubp_av|106-70
34886|code|PUSH.W          {R2}; stack_end|77-248-4-45
34890|code|PUSH.W          {R0}; rtld_fini|77-248-4-13
34894|code|LDR.W           R12, =(nullsub_1+1)|223-248-20-192
34898|code|PUSH.W          {R12}; fini|77-248-4-205
34902|code|LDR             R0, =(sub_8AD8+1); main|4-72
34904|code|LDR             R3, =(sub_B684+1); init|4-75
34906|code|BLX             __libc_start_main|255-247-170-239
34910|code|BLX             abort|255-247-230-239
34914|data|ALIGN 4|0-0
34916|data|DCD nullsub_1+1|201-182-0-0
34920|data|DCD sub_8AD8+1|217-138-0-0
34924|data|DCD sub_B684+1|133-182-0-0
34928|code|LDR             R3, =(_GLOBAL_OFFSET_TABLE_ - 0x8878)|3-75
34930|code|LDR             R2, =(__gmon_start___ptr_0 - 0x14374)|4-74
34932|code|ADD             R3, PC; _GLOBAL_OFFSET_TABLE_|123-68
34934|code|LDR             R3, [R3,R2]; __imp___gmon_start__|155-88
34936|code|CBZ             R3, locret_887E|11-177
34938|code|B.W             j___gmon_start__|255-247-159-191
34942|code|BX              LR|112-71
34944|data|DCD _GLOBAL_OFFSET_TABLE_ - 0x8878|252-186-0-0
34948|data|DCD __gmon_start___ptr_0 - 0x14374|116-0-0-0
34952|code|LDR             R3, =byte_14484|2-75
34954|code|LDRB            R2, [R3]|26-120
34956|code|CBNZ            R2, locret_8892|10-185
34958|code|MOVS            R2, #1|1-34
34960|code|STRB            R2, [R3]|26-112
34962|code|BX              LR|112-71
34964|data|DCD byte_14484|132-68-1-0
34968|code|LDR             R0, =dword_14280|3-72
34970|code|PUSH            {R3,LR}|8-181
34972|code|LDR             R3, [R0]|3-104
34974|code|CBZ             R3, locret_88A6|19-177
34976|code|LDR             R3, =0|2-75
34978|code|CBZ             R3, locret_88A6|3-177
34980|code|BLX             R3|152-71
34982|code|POP             {R3,PC}|8-189
34984|data|DCD dword_14280|128-66-1-0
34988|data|DCD 0|0-0-0-0
34992|code|PUSH            {R7,LR}|128-181
34994|code|SUB             SP, SP, #0x10|132-176
34996|code|ADD             R7, SP, #0|0-175
34998|code|MOV             R3, R0|3-70
35000|code|STR             R1, [R7,#0x10+var_10]|57-96
35002|code|STRB            R3, [R7,#0x10+var_9]|251-113
35004|code|MOV.W           R3, #1|79-240-1-3
35008|code|STRB            R3, [R7,#0x10+var_1]|251-115
35010|code|B               loc_8A26|176-224
35012|code|LDRB            R3, [R7,#0x10+var_1]|251-123
35014|code|MOV.W           R3, R3,LSL#2|79-234-131-3
35018|code|LDR             R2, [R7,#0x10+var_10]|58-104
35020|code|ADDS            R3, R2, R3|211-24
35022|code|LDR             R3, [R3]|27-104
35024|code|MOV             R0, R3|24-70
35026|code|MOV             R1, #0xB6D8|75-242-216-97-192-242-0-1
35034|code|BL              sub_9500|0-240-17-254
35038|code|MOV             R3, R0|3-70
35040|code|CMP             R3, #0|0-43
35042|code|BNE             loc_893A|42-209
35044|code|MOV             R0, #aAwardbiosdecoH; s|75-242-220-96-192-242-0-0
35052|code|BLX             puts|255-247-84-239
35056|code|MOV             R3, #aThisProgramVer; "\nThis Program Version Number %s"|75-242-4-115-192-242-0-3
35064|code|MOV             R0, R3; format|24-70
35066|code|MOV             R1, #0xB724|75-242-36-113-192-242-0-1
35074|code|BLX             printf|255-247-8-239
35078|code|MOV             R3, #aAwardbiosdecoD; "\nAwardBIOSDeco - Decompressor for Awar"...|75-242-48-115-192-242-0-3
35086|code|MOV             R0, R3; format|24-70
35088|code|MOV             R1, #0xB830|75-246-48-1-192-242-0-1
35096|code|MOV             R2, #0xB83C|75-246-60-2-192-242-0-2
35104|code|MOV             R3, #0xB848|75-246-72-3-192-242-0-3
35112|code|BLX             printf|255-247-244-238
35116|code|MOV.W           R0, #0xA; c|79-240-10-0
35120|code|BLX             putchar|255-247-94-239
35124|code|MOV.W           R3, #0x80|79-240-128-3
35128|code|B               loc_8A34|124-224
35130|code|LDRB            R3, [R7,#0x10+var_1]|251-123
35132|code|MOV.W           R3, R3,LSL#2|79-234-131-3
35136|code|LDR             R2, [R7,#0x10+var_10]|58-104
35138|code|ADDS            R3, R2, R3|211-24
35140|code|LDR             R3, [R3]|27-104
35142|code|MOV             R0, R3|24-70
35144|code|MOV             R1, #0xB850|75-246-80-1-192-242-0-1
35152|code|BL              sub_9500|0-240-214-253
35156|code|MOV             R3, R0|3-70
35158|code|CMP             R3, #0|0-43
35160|code|BNE             loc_8960|2-209
35162|code|MOV.W           R3, #0x20 ; ' '|79-240-32-3
35166|code|B               loc_8A34|105-224
35168|code|LDRB            R3, [R7,#0x10+var_1]|251-123
35170|code|MOV.W           R3, R3,LSL#2|79-234-131-3
35174|code|LDR             R2, [R7,#0x10+var_10]|58-104
35176|code|ADDS            R3, R2, R3|211-24
35178|code|LDR             R3, [R3]|27-104
35180|code|MOV             R0, R3|24-70
35182|code|MOV             R1, #0xB854|75-246-84-1-192-242-0-1
35190|code|BL              sub_9500|0-240-195-253
35194|code|MOV             R3, R0|3-70
35196|code|CMP             R3, #0|0-43
35198|code|BNE             loc_8986|2-209
35200|code|MOV.W           R3, #0x40 ; '@'|79-240-64-3
35204|code|B               loc_8A34|86-224
35206|code|LDRB            R3, [R7,#0x10+var_1]|251-123
35208|code|MOV.W           R3, R3,LSL#2|79-234-131-3
35212|code|LDR             R2, [R7,#0x10+var_10]|58-104
35214|code|ADDS            R3, R2, R3|211-24
35216|code|LDR             R3, [R3]|27-104
35218|code|MOV             R0, R3|24-70
35220|code|MOV             R1, #0xB858|75-246-88-1-192-242-0-1
35228|code|BL              sub_9500|0-240-176-253
35232|code|MOV             R3, R0|3-70
35234|code|CMP             R3, #0|0-43
35236|code|BNE             loc_89AC|2-209
35238|code|MOV.W           R3, #0x10|79-240-16-3
35242|code|B               loc_8A34|67-224
35244|code|LDRB            R3, [R7,#0x10+var_1]|251-123
35246|code|MOV.W           R3, R3,LSL#2|79-234-131-3
35250|code|LDR             R2, [R7,#0x10+var_10]|58-104
35252|code|ADDS            R3, R2, R3|211-24
35254|code|LDR             R3, [R3]|27-104
35256|code|MOV             R0, R3|24-70
35258|code|MOV             R1, #0xB85C|75-246-92-1-192-242-0-1
35266|code|BL              sub_9500|0-240-157-253
35270|code|MOV             R3, R0|3-70
35272|code|CMP             R3, #0|0-43
35274|code|BNE             loc_89D2|2-209
35276|code|MOV.W           R3, #0x41 ; 'A'|79-240-65-3
35280|code|B               loc_8A34|48-224
35282|code|LDRB            R3, [R7,#0x10+var_1]|251-123
35284|code|MOV.W           R3, R3,LSL#2|79-234-131-3
35288|code|LDR             R2, [R7,#0x10+var_10]|58-104
35290|code|ADDS            R3, R2, R3|211-24
35292|code|LDR             R3, [R3]|27-104
35294|code|MOV             R0, R3|24-70
35296|code|MOV             R1, #0xB860|75-246-96-1-192-242-0-1
35304|code|BL              sub_9500|0-240-138-253
35308|code|MOV             R3, R0|3-70
35310|code|CMP             R3, #0|0-43
35312|code|BNE             loc_89F8|2-209
35314|code|MOV.W           R3, #0x11|79-240-17-3
35318|code|B               loc_8A34|29-224
35320|code|LDRB            R3, [R7,#0x10+var_1]|251-123
35322|code|MOV.W           R3, R3,LSL#2|79-234-131-3
35326|code|LDR             R2, [R7,#0x10+var_10]|58-104
35328|code|ADDS            R3, R2, R3|211-24
35330|code|LDR             R3, [R3]|27-104
35332|code|MOV             R0, R3|24-70
35334|code|MOV             R1, #0xB864|75-246-100-1-192-242-0-1
35342|code|BL              sub_9500|0-240-119-253
35346|code|MOV             R3, R0|3-70
35348|code|CMP             R3, #0|0-43
35350|code|BNE             loc_8A1E|2-209
35352|code|MOV.W           R3, #0x30 ; '0'|79-240-48-3
35356|code|B               loc_8A34|10-224
35358|code|LDRB            R3, [R7,#0x10+var_1]|251-123
35360|code|ADD.W           R3, R3, #1|3-241-1-3
35364|code|STRB            R3, [R7,#0x10+var_1]|251-115
35366|code|LDRB            R2, [R7,#0x10+var_1]|250-123
35368|code|LDRB            R3, [R7,#0x10+var_9]|251-121
35370|code|CMP             R2, R3|154-66
35372|code|BCC.W           loc_88C4|255-244-74-175
35376|code|MOV.W           R3, #0|79-240-0-3
35380|code|MOV             R0, R3|24-70
35382|code|ADD.W           R7, R7, #0x10|7-241-16-7
35386|code|MOV             SP, R7|189-70
35388|code|POP             {R7,PC}|128-189
35390|data|ALIGN 0x10|0-191
35392|code|PUSH            {R7,LR}|128-181
35394|code|SUB             SP, SP, #0x10|132-176
35396|code|ADD             R7, SP, #8|2-175
35398|code|STR             R0, [R7,#8+var_4]|120-96
35400|code|MOV             R3, #aCSCS; "\n%c%s%c%s"|75-246-104-3-192-242-0-3
35408|code|LDR             R2, [R7,#8+var_4]|122-104
35410|code|STR             R2, [SP,#0x10+var_10]|0-146
35412|code|MOV             R0, R3; format|24-70
35414|code|MOV.W           R1, #4|79-240-4-1
35418|code|MOV             R2, #0x143F4|68-242-244-50-192-242-1-2
35426|code|MOV.W           R3, #4|79-240-4-3
35430|code|BLX             printf|255-247-86-238
35434|code|ADD.W           R7, R7, #8|7-241-8-7
35438|code|MOV             SP, R7|189-70
35440|code|POP             {R7,PC}|128-189
35442|data|ALIGN 4|0-191
35444|code|PUSH            {R7,LR}|128-181
35446|code|ADD             R7, SP, #0|0-175
35448|code|MOV             R0, #0xB874|75-246-116-0-192-242-0-0
35456|code|BL              sub_8A40|255-247-222-255
35460|code|MOV             R3, #aS; "%s"|75-246-120-3-192-242-0-3
35468|code|MOV             R0, R3; format|24-70
35470|code|MOV             R1, #0x1441C|68-242-28-65-192-242-1-1
35478|code|BLX             printf|255-247-62-238
35482|code|MOV             R3, #aUsageSBioBinOp; "\n\nUsage: %s <BIO.BIN> [Options]"|75-246-124-3-192-242-0-3
35490|code|MOV             R0, R3; format|24-70
35492|code|MOV             R1, #0xB89C|75-246-156-1-192-242-0-1
35500|code|BLX             printf|255-247-50-238
35504|code|MOV             R3, #aOptionsLListBi; "\n\t\tOptions:\n\t\t\t\"-l\" List Bios "...|75-246-172-3-192-242-0-3
35512|code|MOV             R0, R3; format|24-70
35514|code|BLX             printf|255-247-44-238
35518|code|MOV             R3, #aS_0; "\n\n\t*%s*\n"|75-246-116-19-192-242-0-3
35526|code|MOV             R0, R3; format|24-70
35528|code|MOV             R1, #0x14454|68-242-84-65-192-242-1-1
35536|code|BLX             printf|255-247-32-238
35540|code|POP             {R7,PC}|128-189
35542|data|ALIGN 4|0-191
35544|code|PUSH            {R4,R5,R7,LR}|176-181
35546|code|SUB             SP, SP, #0xB8|174-176
35548|code|ADD             R7, SP, #8|2-175
35550|code|MOV             R3, R0|3-70
35552|code|STR             R1, [R7,#0xB0+var_B0]|57-96
35554|code|STRB            R3, [R7,#0xB0+var_A9]|251-113
35556|code|MOV.W           R3, #0|79-240-0-3
35560|code|STR.W           R3, [R7,#0xB0+var_18]|199-248-152-48
35564|code|MOV.W           R3, #0|79-240-0-3
35568|code|STRB.W          R3, [R7,#0xB0+var_1]|135-248-175-48
35572|code|MOV.W           R3, #0|79-240-0-3
35576|code|STRB.W          R3, [R7,#0xB0+var_2]|135-248-174-48
35580|code|MOV.W           R3, #0|79-240-0-3
35584|code|STRB.W          R3, [R7,#0xB0+var_19]|135-248-151-48
35588|code|MOV.W           R3, #0|79-240-0-3
35592|code|STRB.W          R3, [R7,#0xB0+var_3]|135-248-173-48
35596|code|MOV.W           R3, #0|79-240-0-3
35600|code|STR.W           R3, [R7,#0xB0+var_20]|199-248-144-48
35604|code|MOV.W           R3, #0|79-240-0-3
35608|code|STR.W           R3, [R7,#0xB0+var_C]|199-248-164-48
35612|code|MOV.W           R3, #0|79-240-0-3
35616|code|STR.W           R3, [R7,#0xB0+var_10]|199-248-160-48
35620|code|MOV.W           R3, #0|79-240-0-3
35624|code|STR.W           R3, [R7,#0xB0+var_24]|199-248-140-48
35628|code|MOV.W           R3, #0|79-240-0-3
35632|code|STR.W           R3, [R7,#0xB0+var_28]|199-248-136-48
35636|code|MOV.W           R3, #0xFFFFFFFF|79-240-255-51
35640|code|STR.W           R3, [R7,#0xB0+var_14]|199-248-156-48
35644|code|MOV.W           R3, #0x1000|79-244-128-83
35648|code|STR.W           R3, [R7,#0xB0+var_2C]|199-248-132-48
35652|code|MOV.W           R3, #0|79-240-0-3
35656|code|STRH.W          R3, [R7,#0xB0+var_2E]|167-248-130-48
35660|code|MOV             R3, #0xBAB0|75-246-176-35-192-242-0-3
35668|code|ADD.W           R4, R7, #0x34 ; '4'|7-241-52-4
35672|code|MOV             R5, R3|29-70
35674|code|LDM             R5!, {R0-R3}; "= Award Decompre"|15-205
35676|code|STM             R4!, {R0-R3}|15-196
35678|code|LDR             R3, [R5]; ""|43-104
35680|code|STRB            R3, [R4]|35-112
35682|code|MOV             R3, #0xBAC4|75-246-196-35-192-242-0-3
35690|code|ADD.W           R4, R7, #0x20 ; ' '|7-241-32-4
35694|code|MOV             R5, R3|29-70
35696|code|LDM             R5!, {R0-R3}; "Award BootBlock "|15-205
35698|code|STM             R4!, {R0-R3}|15-196
35700|code|LDR             R3, [R5]; ""|43-104
35702|code|STRB            R3, [R4]|35-112
35704|code|MOV             R2, #0xBAD8|75-246-216-34-192-242-0-2
35712|code|ADD.W           R3, R7, #0x18|7-241-24-3
35716|code|LDM.W           R2, {R0,R1}; "-lh5-"|146-232-3-0
35720|code|STR             R0, [R3]|24-96
35722|code|ADD.W           R3, R3, #4|3-241-4-3
35726|code|STRH            R1, [R3]|25-128
35728|code|MOV             R2, #0xBAE0|75-246-224-34-192-242-0-2
35736|code|ADD.W           R3, R7, #0xC|7-241-12-3
35740|code|LDM             R2, {R0-R2}; "ASUS_FLASH"|7-202
35742|code|STM             R3!, {R0,R1}|3-195
35744|code|STRH            R2, [R3]|26-128
35746|code|ADD.W           R3, R3, #2|3-241-2-3
35750|code|MOV.W           R2, R2,LSR#16|79-234-18-66
35754|code|STRB            R2, [R3]|26-112
35756|code|LDRB            R3, [R7,#0xB0+var_A9]|251-121
35758|code|MOV             R0, R3|24-70
35760|code|LDR             R1, [R7,#0xB0+var_B0]|57-104
35762|code|BL              sub_88B0|255-247-125-254
35766|code|MOV             R3, R0|3-70
35768|code|CMP             R3, #0x30 ; '0'|48-43
35770|code|BEQ             loc_8C14|43-208
35772|code|CMP             R3, #0x30 ; '0'|48-43
35774|code|BGT             loc_8BCE|6-220
35776|code|CMP             R3, #0x11|17-43
35778|code|BEQ             loc_8BEC|19-208
35780|code|CMP             R3, #0x20 ; ' '|32-43
35782|code|BEQ             loc_8BF6|22-208
35784|code|CMP             R3, #0x10|16-43
35786|code|BEQ             loc_8BE2|10-208
35788|code|B               loc_8C1E|39-224
35790|code|CMP             R3, #0x41 ; 'A'|65-43
35792|code|BEQ             loc_8C0A|27-208
35794|code|CMP             R3, #0x80|128-43
35796|code|BEQ             loc_8BDC|2-208
35798|code|CMP             R3, #0x40 ; '@'|64-43
35800|code|BEQ             loc_8C00|18-208
35802|code|B               loc_8C1E|32-224
35804|code|MOV.W           R3, #0|79-240-0-3
35808|code|B               loc_90B4|104-226
35810|code|MOV.W           R3, #0x10|79-240-16-3
35814|code|STRB.W          R3, [R7,#0xB0+var_2]|135-248-174-48
35818|code|B               loc_8C30|33-224
35820|code|MOV.W           R3, #0x11|79-240-17-3
35824|code|STRB.W          R3, [R7,#0xB0+var_2]|135-248-174-48
35828|code|B               loc_8C30|28-224
35830|code|MOV.W           R3, #0x20 ; ' '|79-240-32-3
35834|code|STRB.W          R3, [R7,#0xB0+var_2]|135-248-174-48
35838|code|B               loc_8C30|23-224
35840|code|MOV.W           R3, #0x40 ; '@'|79-240-64-3
35844|code|STRB.W          R3, [R7,#0xB0+var_2]|135-248-174-48
35848|code|B               loc_8C30|18-224
35850|code|MOV.W           R3, #0x41 ; 'A'|79-240-65-3
35854|code|STRB.W          R3, [R7,#0xB0+var_2]|135-248-174-48
35858|code|B               loc_8C30|13-224
35860|code|MOV.W           R3, #0x30 ; '0'|79-240-48-3
35864|code|STRB.W          R3, [R7,#0xB0+var_2]|135-248-174-48
35868|code|B               loc_8C30|8-224
35870|code|BL              sub_8A74|255-247-41-255
35874|code|MOV.W           R0, #0xA; c|79-240-10-0
35878|code|BLX             putchar|255-247-228-237
35882|code|MOV.W           R3, #0|79-240-0-3
35886|code|B               loc_90B4|65-226
35888|code|MOV             R0, #0xB980|75-246-128-16-192-242-0-0
35896|code|BL              sub_8A40|255-247-2-255
35900|code|LDR             R3, [R7,#0xB0+var_B0]|59-104
35902|code|ADD.W           R3, R3, #4|3-241-4-3
35906|code|LDR             R3, [R3]|27-104
35908|code|MOV             R2, R3|26-70
35910|code|MOV             R3, #aRb; "rb"|75-246-132-19-192-242-0-3
35918|code|MOV             R0, R2; filename|16-70
35920|code|MOV             R1, R3; modes|25-70
35922|code|BLX             fopen|255-247-102-237
35926|code|MOV             R3, R0|3-70
35928|code|STR             R3, [R7,#0xB0+stream]|251-103
35930|code|LDR             R3, [R7,#0xB0+stream]|251-111
35932|code|CMP             R3, #0|0-43
35934|code|BNE             loc_8C7E|14-209
35936|code|MOV             R3, #aFatalErrorFile; "\nFATAL ERROR: File %s opening error..."...|75-246-136-19-192-242-0-3
35944|code|LDR             R2, [R7,#0xB0+var_B0]|58-104
35946|code|ADD.W           R2, R2, #4|2-241-4-2
35950|code|LDR             R2, [R2]|18-104
35952|code|MOV             R0, R3; format|24-70
35954|code|MOV             R1, R2|17-70
35956|code|BLX             printf|255-247-78-237
35960|code|MOV.W           R3, #0|79-240-0-3
35964|code|B               loc_90B4|26-226
35966|code|LDR             R0, [R7,#0xB0+stream]; stream|248-111
35968|code|MOV.W           R1, #0; off|79-240-0-1
35972|code|MOV.W           R2, #2; whence|79-240-2-2
35976|code|BLX             fseek|255-247-202-237
35980|code|LDR             R0, [R7,#0xB0+stream]; stream|248-111
35982|code|BLX             ftell|255-247-96-237
35986|code|MOV             R3, R0|3-70
35988|code|STR             R3, [R7,#0xB0+var_38]|187-103
35990|code|LDR             R0, [R7,#0xB0+stream]; stream|248-111
35992|code|BLX             rewind|255-247-102-237
35996|code|LDR             R3, [R7,#0xB0+var_38]|187-111
35998|code|STR             R3, [R7,#0xB0+var_3C]|123-103
36000|code|MOV             R3, #aAwardbiosInfor; "\n\tAwardBIOS information:"|75-246-176-19-192-242-0-3
36008|code|MOV             R0, R3; format|24-70
36010|code|BLX             printf|255-247-52-237
36014|code|MOV             R3, #aFilelengthLxLu; "\nFileLength\t: %lX (%lu bytes)"|75-246-204-19-192-242-0-3
36022|code|MOV             R0, R3; format|24-70
36024|code|LDR             R1, [R7,#0xB0+var_38]|185-111
36026|code|LDR             R2, [R7,#0xB0+var_38]|186-111
36028|code|BLX             printf|255-247-42-237
36032|code|MOV             R3, #aFilenameS; "\nFileName\t: %s"|75-246-236-19-192-242-0-3
36040|code|LDR             R2, [R7,#0xB0+var_B0]|58-104
36042|code|ADD.W           R2, R2, #4|2-241-4-2
36046|code|LDR             R2, [R2]|18-104
36048|code|MOV             R0, R3; format|24-70
36050|code|MOV             R1, R2|17-70
36052|code|BLX             printf|255-247-30-237
36056|code|MOV.W           R0, #0x8000; nmemb|79-244-0-64
36060|code|MOV.W           R1, #1; size|79-240-1-1
36064|code|BLX             calloc|255-247-12-237
36068|code|MOV             R3, R0|3-70
36070|code|STR             R3, [R7,#0xB0+ptr]|59-103
36072|code|LDR             R3, [R7,#0xB0+ptr]|59-111
36074|code|CMP             R3, #0|0-43
36076|code|BNE             loc_8CF6|3-209
36078|code|MOV.W           R0, #1; status|79-240-1-0
36082|code|BLX             exit|255-247-108-237
36086|code|MOV.W           R3, #0|79-240-0-3
36090|code|STR.W           R3, [R7,#0xB0+off]|199-248-168-48
36094|code|B               loc_8D62|48-224
36096|code|LDR.W           R3, [R7,#0xB0+off]|215-248-168-48
36100|code|LDR             R0, [R7,#0xB0+stream]; stream|248-111
36102|code|MOV             R1, R3; off|25-70
36104|code|MOV.W           R2, #0; whence|79-240-0-2
36108|code|BLX             fseek|255-247-136-237
36112|code|LDR             R3, [R7,#0xB0+ptr]|59-111
36114|code|MOV             R0, R3; ptr|24-70
36116|code|MOV.W           R1, #1; size|79-240-1-1
36120|code|MOV.W           R2, #0x8000; n|79-244-0-66
36124|code|LDR             R3, [R7,#0xB0+stream]; stream|251-111
36126|code|BLX             fread|255-247-54-237
36130|code|MOV             R3, R0|3-70
36132|code|STR.W           R3, [R7,#0xB0+var_18]|199-248-152-48
36136|code|ADD.W           R3, R7, #0x34 ; '4'|7-241-52-3
36140|code|LDR             R0, [R7,#0xB0+stream]|248-111
36142|code|LDR             R1, [R7,#0xB0+ptr]|57-111
36144|code|MOV             R2, R3|26-70
36146|code|LDR.W           R3, [R7,#0xB0+var_18]|215-248-152-48
36150|code|BL              sub_9694|0-240-173-252
36154|code|MOV             R3, R0|3-70
36156|code|STR.W           R3, [R7,#0xB0+off]|199-248-168-48
36160|code|LDR.W           R3, [R7,#0xB0+off]|215-248-168-48
36164|code|CMP             R3, #0|0-43
36166|code|BEQ             loc_8D52|4-208
36168|code|LDR.W           R3, [R7,#0xB0+off]|215-248-168-48
36172|code|STR.W           R3, [R7,#0xB0+var_C]|199-248-164-48
36176|code|B               loc_8D6E|13-224
36178|code|LDR             R0, [R7,#0xB0+stream]; stream|248-111
36180|code|BLX             ftell|255-247-252-236
36184|code|MOV             R3, R0|3-70
36186|code|SUB.W           R3, R3, #0x100|163-245-128-115
36190|code|STR.W           R3, [R7,#0xB0+off]|199-248-168-48
36194|code|LDR             R0, [R7,#0xB0+stream]; stream|248-111
36196|code|BLX             feof|255-247-56-237
36200|code|MOV             R3, R0|3-70
36202|code|CMP             R3, #0|0-43
36204|code|BEQ             loc_8D00|200-208
36206|code|MOV.W           R3, #0|79-240-0-3
36210|code|STR.W           R3, [R7,#0xB0+off]|199-248-168-48
36214|code|B               loc_8DDA|48-224
36216|code|LDR.W           R3, [R7,#0xB0+off]|215-248-168-48
36220|code|LDR             R0, [R7,#0xB0+stream]; stream|248-111
36222|code|MOV             R1, R3; off|25-70
36224|code|MOV.W           R2, #0; whence|79-240-0-2
36228|code|BLX             fseek|255-247-76-237
36232|code|LDR             R3, [R7,#0xB0+ptr]|59-111
36234|code|MOV             R0, R3; ptr|24-70
36236|code|MOV.W           R1, #1; size|79-240-1-1
36240|code|MOV.W           R2, #0x8000; n|79-244-0-66
36244|code|LDR             R3, [R7,#0xB0+stream]; stream|251-111
36246|code|BLX             fread|255-247-250-236
36250|code|MOV             R3, R0|3-70
36252|code|STR.W           R3, [R7,#0xB0+var_18]|199-248-152-48
36256|code|ADD.W           R3, R7, #0x20 ; ' '|7-241-32-3
36260|code|LDR             R0, [R7,#0xB0+stream]|248-111
36262|code|LDR             R1, [R7,#0xB0+ptr]|57-111
36264|code|MOV             R2, R3|26-70
36266|code|LDR.W           R3, [R7,#0xB0+var_18]|215-248-152-48
36270|code|BL              sub_9694|0-240-113-252
36274|code|MOV             R3, R0|3-70
36276|code|STR.W           R3, [R7,#0xB0+off]|199-248-168-48
36280|code|LDR.W           R3, [R7,#0xB0+off]|215-248-168-48
36284|code|CMP             R3, #0|0-43
36286|code|BEQ             loc_8DCA|4-208
36288|code|LDR.W           R3, [R7,#0xB0+off]|215-248-168-48
36292|code|STR.W           R3, [R7,#0xB0+var_10]|199-248-160-48
36296|code|B               loc_8DE6|13-224
36298|code|LDR             R0, [R7,#0xB0+stream]; stream|248-111
36300|code|BLX             ftell|255-247-192-236
36304|code|MOV             R3, R0|3-70
36306|code|SUB.W           R3, R3, #0x100|163-245-128-115
36310|code|STR.W           R3, [R7,#0xB0+off]|199-248-168-48
36314|code|LDR             R0, [R7,#0xB0+stream]; stream|248-111
36316|code|BLX             feof|255-247-252-236
36320|code|MOV             R3, R0|3-70
36322|code|CMP             R3, #0|0-43
36324|code|BEQ             loc_8D78|200-208
36326|code|MOV.W           R3, #0|79-240-0-3
36330|code|STR.W           R3, [R7,#0xB0+off]|199-248-168-48
36334|code|B               loc_8E56|50-224
36336|code|LDR.W           R3, [R7,#0xB0+off]|215-248-168-48
36340|code|LDR             R0, [R7,#0xB0+stream]; stream|248-111
36342|code|MOV             R1, R3; off|25-70
36344|code|MOV.W           R2, #0; whence|79-240-0-2
36348|code|BLX             fseek|255-247-16-237
36352|code|LDR             R3, [R7,#0xB0+ptr]|59-111
36354|code|MOV             R0, R3; ptr|24-70
36356|code|MOV.W           R1, #1; size|79-240-1-1
36360|code|MOV.W           R2, #0x8000; n|79-244-0-66
36364|code|LDR             R3, [R7,#0xB0+stream]; stream|251-111
36366|code|BLX             fread|255-247-190-236
36370|code|MOV             R3, R0|3-70
36372|code|STR.W           R3, [R7,#0xB0+var_18]|199-248-152-48
36376|code|ADD.W           R3, R7, #0x18|7-241-24-3
36380|code|LDR             R0, [R7,#0xB0+stream]|248-111
36382|code|LDR             R1, [R7,#0xB0+ptr]|57-111
36384|code|MOV             R2, R3|26-70
36386|code|LDR.W           R3, [R7,#0xB0+var_18]|215-248-152-48
36390|code|BL              sub_9694|0-240-53-252
36394|code|MOV             R3, R0|3-70
36396|code|STR.W           R3, [R7,#0xB0+off]|199-248-168-48
36400|code|LDR.W           R3, [R7,#0xB0+off]|215-248-168-48
36404|code|CMP             R3, #0|0-43
36406|code|BEQ             loc_8E46|6-208
36408|code|LDR.W           R3, [R7,#0xB0+off]|215-248-168-48
36412|code|SUB.W           R3, R3, #2|163-241-2-3
36416|code|STR.W           R3, [R7,#0xB0+var_14]|199-248-156-48
36420|code|B               loc_8E62|13-224
36422|code|LDR             R0, [R7,#0xB0+stream]; stream|248-111
36424|code|BLX             ftell|255-247-130-236
36428|code|MOV             R3, R0|3-70
36430|code|SUB.W           R3, R3, #0x100|163-245-128-115
36434|code|STR.W           R3, [R7,#0xB0+off]|199-248-168-48
36438|code|LDR             R0, [R7,#0xB0+stream]; stream|248-111
36440|code|BLX             feof|255-247-190-236
36444|code|MOV             R3, R0|3-70
36446|code|CMP             R3, #0|0-43
36448|code|BEQ             loc_8DF0|198-208
36450|code|MOV.W           R3, #0|79-240-0-3
36454|code|STR.W           R3, [R7,#0xB0+off]|199-248-168-48
36458|code|B               loc_8ECE|48-224
36460|code|LDR.W           R3, [R7,#0xB0+off]|215-248-168-48
36464|code|LDR             R0, [R7,#0xB0+stream]; stream|248-111
36466|code|MOV             R1, R3; off|25-70
36468|code|MOV.W           R2, #0; whence|79-240-0-2
36472|code|BLX             fseek|255-247-210-236
36476|code|LDR             R3, [R7,#0xB0+ptr]|59-111
36478|code|MOV             R0, R3; ptr|24-70
36480|code|MOV.W           R1, #1; size|79-240-1-1
36484|code|MOV.W           R2, #0x8000; n|79-244-0-66
36488|code|LDR             R3, [R7,#0xB0+stream]; stream|251-111
36490|code|BLX             fread|255-247-128-236
36494|code|MOV             R3, R0|3-70
36496|code|STR.W           R3, [R7,#0xB0+var_18]|199-248-152-48
36500|code|ADD.W           R3, R7, #0xC|7-241-12-3
36504|code|LDR             R0, [R7,#0xB0+stream]|248-111
36506|code|LDR             R1, [R7,#0xB0+ptr]|57-111
36508|code|MOV             R2, R3|26-70
36510|code|LDR.W           R3, [R7,#0xB0+var_18]|215-248-152-48
36514|code|BL              sub_9694|0-240-247-251
36518|code|MOV             R3, R0|3-70
36520|code|STR.W           R3, [R7,#0xB0+off]|199-248-168-48
36524|code|LDR.W           R3, [R7,#0xB0+off]|215-248-168-48
36528|code|CMP             R3, #0|0-43
36530|code|BEQ             loc_8EBE|4-208
36532|code|MOV.W           R3, #1|79-240-1-3
36536|code|STRB.W          R3, [R7,#0xB0+var_3]|135-248-173-48
36540|code|B               loc_8EDA|13-224
36542|code|LDR             R0, [R7,#0xB0+stream]; stream|248-111
36544|code|BLX             ftell|255-247-70-236
36548|code|MOV             R3, R0|3-70
36550|code|SUB.W           R3, R3, #0x100|163-245-128-115
36554|code|STR.W           R3, [R7,#0xB0+off]|199-248-168-48
36558|code|LDR             R0, [R7,#0xB0+stream]; stream|248-111
36560|code|BLX             feof|255-247-130-236
36564|code|MOV             R3, R0|3-70
36566|code|CMP             R3, #0|0-43
36568|code|BEQ             loc_8E6C|200-208
36570|code|MOV             R3, #aDecompression4; "\nDecompression\t\t: %.4X"|75-246-252-19-192-242-0-3
36578|code|MOV             R0, R3; format|24-70
36580|code|LDR.W           R1, [R7,#0xB0+var_C]|215-248-164-16
36584|code|BLX             printf|255-247-20-236
36588|code|MOV             R3, #aBootblock4x; "\nBootBlock\t\t: %.4X"|75-246-20-35-192-242-0-3
36596|code|MOV             R0, R3; format|24-70
36598|code|LDR.W           R1, [R7,#0xB0+var_10]|215-248-160-16
36602|code|BLX             printf|255-247-12-236
36606|code|MOV             R3, #aFirstModule4x; "\nFirst Module\t\t: %.4X"|75-246-40-35-192-242-0-3
36614|code|MOV             R0, R3; format|24-70
36616|code|LDR.W           R1, [R7,#0xB0+var_14]|215-248-156-16
36620|code|BLX             printf|255-247-2-236
36624|code|MOV             R2, #aAsusS; "\nASUS?\t\t\t: %s"|75-246-64-34-192-242-0-2
36632|code|LDRB.W          R3, [R7,#0xB0+var_3]|151-248-173-48
36636|code|CMP             R3, #0|0-43
36638|code|BEQ             loc_8F2A|4-208
36640|code|MOV             R3, #0xBA50|75-246-80-35-192-242-0-3
36648|code|B               loc_8F32|3-224
36650|code|MOV             R3, #0xBA54|75-246-84-35-192-242-0-3
36658|code|MOV             R0, R2; format|16-70
36660|code|MOV             R1, R3|25-70
36662|code|BLX             printf|255-247-238-235
36666|code|LDRB.W          R3, [R7,#0xB0+var_3]|151-248-173-48
36670|code|CMP             R3, #0|0-43
36672|code|BEQ             loc_8F54|8-208
36674|code|MOV             R3, #aAsusHook4x; "\nASUS Hook\t\t: %.4X"|75-246-88-35-192-242-0-3
36682|code|MOV             R0, R3; format|24-70
36684|code|LDR.W           R1, [R7,#0xB0+off]|215-248-168-16
36688|code|BLX             printf|255-247-224-235
36692|code|LDR.W           R2, [R7,#0xB0+var_C]|215-248-164-32
36696|code|LDR.W           R3, [R7,#0xB0+var_10]|215-248-160-48
36700|code|CMP             R2, R3|154-66
36702|code|BNE             loc_8F74|9-209
36704|code|MOV             R0, #aSearchedThroug; s|75-246-108-32-192-242-0-0
36712|code|BLX             puts|255-247-22-236
36716|code|MOV.W           R0, #1; status|79-240-1-0
36720|code|BLX             exit|255-247-44-236
36724|code|LDRB.W          R3, [R7,#0xB0+var_2]|151-248-174-48
36728|code|SUB.W           R3, R3, #0x10|163-241-16-3
36732|code|CMP             R3, #0x31; switch 50 cases|49-43
36734|code|BHI.W           def_8F84; jumptable 00008F84 default case, cases 2-15,17-31,33-47|0-242-133-128
36738|code|ADR             R2, jpt_8F84|1-162
36740|code|LDR.W           PC, [R2,R3,LSL#2]; switch jump|82-248-35-240
36744|data|DCD loc_9050+1; jump table for switch statement|81-144-0-0-81-144-0-0-141-144-0-0-141-144-0-0-141-144-0-0-141-144-0-0-141-144-0-0-141-144-0-0-141-144-0-0-141-144-0-0-141-144-0-0-141-144-0-0-141-144-0-0-141-144-0-0-141-144-0-0-141-144-0-0-81-144-0-0-141-144-0-0-141-144-0-0-141-144-0-0-141-144-0-0-141-144-0-0-141-144-0-0-141-144-0-0-141-144-0-0-141-144-0-0-141-144-0-0-141-144-0-0-141-144-0-0-141-144-0-0-141-144-0-0-141-144-0-0-81-144-0-0-141-144-0-0-141-144-0-0-141-144-0-0-141-144-0-0-141-144-0-0-141-144-0-0-141-144-0-0-141-144-0-0-141-144-0-0-141-144-0-0-141-144-0-0-141-144-0-0-141-144-0-0-141-144-0-0-141-144-0-0-115-144-0-0-115-144-0-0
36944|code|LDRB.W          R3, [R7,#0xB0+var_2]; jumptable 00008F84 cases 0,1,16,32|151-248-174-48
36948|code|LDRB.W          R2, [R7,#0xB0+var_3]|151-248-173-32
36952|code|STR             R2, [SP,#0xB8+var_B8]|0-146
36954|code|LDR             R0, [R7,#0xB0+stream]|248-111
36956|code|MOV             R1, R3|25-70
36958|code|LDR.W           R2, [R7,#0xB0+var_C]|215-248-164-32
36962|code|LDR.W           R3, [R7,#0xB0+var_14]|215-248-156-48
36966|code|BL              sub_9708|0-240-79-251
36970|code|MOV             R3, R0|3-70
36972|code|STRB.W          R3, [R7,#0xB0+var_1]|135-248-175-48
36976|code|B               loc_908E|13-224
36978|code|LDRB.W          R3, [R7,#0xB0+var_2]; jumptable 00008F84 cases 48,49|151-248-174-48
36982|code|LDR             R0, [R7,#0xB0+stream]|248-111
36984|code|LDR             R1, [R7,#0xB0+ptr]|57-111
36986|code|MOV             R2, R3|26-70
36988|code|LDR.W           R3, [R7,#0xB0+var_10]|215-248-160-48
36992|code|BL              sub_A040|0-240-222-255
36996|code|MOV             R3, R0|3-70
36998|code|STRB.W          R3, [R7,#0xB0+var_1]|135-248-175-48
37002|code|B               loc_908E|0-224
37004|code|NOP; jumptable 00008F84 default case, cases 2-15,17-31,33-47|0-191
37006|code|MOV             R3, #aTotalSectionsI; "\nTotal Sections\t: %i"|75-246-152-35-192-242-0-3
37014|code|LDRB.W          R2, [R7,#0xB0+var_1]|151-248-175-32
37018|code|MOV             R0, R3; format|24-70
37020|code|MOV             R1, R2|17-70
37022|code|BLX             printf|255-247-58-235
37026|code|LDR             R0, [R7,#0xB0+ptr]; ptr|56-111
37028|code|BLX             free|255-247-66-235
37032|code|MOV.W           R0, #0xA; c|79-240-10-0
37036|code|BLX             putchar|255-247-160-235
37040|code|MOV.W           R3, #0|79-240-0-3
37044|code|MOV             R0, R3|24-70
37046|code|ADD.W           R7, R7, #0xB0|7-241-176-7
37050|code|MOV             SP, R7|189-70
37052|code|POP             {R4,R5,R7,PC}|176-189
37054|data|ALIGN 0x10|0-191
37056|code|PUSH            {R7}|128-180
37058|code|SUB             SP, SP, #0xC|131-176
37060|code|ADD             R7, SP, #0|0-175
37062|code|MOV             R3, R0|3-70
37064|code|STRH            R3, [R7,#0xC+var_6]|251-128
37066|code|LDRH            R3, [R7,#0xC+var_6]|251-136
37068|code|MOVW            R2, #0x4014|68-242-20-2
37072|code|CMP             R3, R2|147-66
37074|code|BEQ.W           loc_93C8|0-240-121-129
37078|code|MOVW            R2, #0x4014|68-242-20-2
37082|code|CMP             R3, R2|147-66
37084|code|BGT.W           loc_91EA|0-243-133-128
37088|code|MOVW            R2, #0x4009|68-242-9-2
37092|code|CMP             R3, R2|147-66
37094|code|BEQ.W           loc_935A|0-240-56-129
37098|code|MOVW            R2, #0x4009|68-242-9-2
37102|code|CMP             R3, R2|147-66
37104|code|BGT             loc_9170|62-220
37106|code|MOVW            R2, #0x4003|68-242-3-2
37110|code|CMP             R3, R2|147-66
37112|code|BEQ.W           loc_931E|0-240-17-129
37116|code|MOVW            R2, #0x4003|68-242-3-2
37120|code|CMP             R3, R2|147-66
37122|code|BGT             loc_9132|22-220
37124|code|CMP.W           R3, #0x4000|179-245-128-79
37128|code|BEQ.W           loc_9300|0-240-250-128
37132|code|CMP.W           R3, #0x4000|179-245-128-79
37136|code|BGT             loc_911C|4-220
37138|code|CMP.W           R3, #0x2400|179-245-16-95
37142|code|BEQ.W           loc_94AE|0-240-202-129
37146|code|B               loc_94B8|205-225
37148|code|MOVW            R2, #0x4001|68-242-1-2
37152|code|CMP             R3, R2|147-66
37154|code|BEQ.W           loc_930A|0-240-242-128
37158|code|MOVW            R2, #0x4002|68-242-2-2
37162|code|CMP             R3, R2|147-66
37164|code|BEQ.W           loc_9314|0-240-242-128
37168|code|B               loc_94B8|194-225
37170|code|MOVW            R2, #0x4006|68-242-6-2
37174|code|CMP             R3, R2|147-66
37176|code|BEQ.W           loc_933C|0-240-0-129
37180|code|MOVW            R2, #0x4006|68-242-6-2
37184|code|CMP             R3, R2|147-66
37186|code|BGT             loc_915A|10-220
37188|code|MOVW            R2, #0x4004|68-242-4-2
37192|code|CMP             R3, R2|147-66
37194|code|BEQ.W           loc_9328|0-240-237-128
37198|code|MOVW            R2, #0x4005|68-242-5-2
37202|code|CMP             R3, R2|147-66
37204|code|BEQ.W           loc_9332|0-240-237-128
37208|code|B               loc_94B8|174-225
37210|code|MOVW            R2, #0x4007|68-242-7-2
37214|code|CMP             R3, R2|147-66
37216|code|BEQ.W           loc_9346|0-240-241-128
37220|code|MOVW            R2, #0x4008|68-242-8-2
37224|code|CMP             R3, R2|147-66
37226|code|BEQ.W           loc_9350|0-240-241-128
37230|code|B               loc_94B8|163-225
37232|code|MOVW            R2, #0x400E|68-242-14-2
37236|code|CMP             R3, R2|147-66
37238|code|BEQ.W           loc_938C|0-240-9-129
37242|code|MOVW            R2, #0x400E|68-242-14-2
37246|code|CMP             R3, R2|147-66
37248|code|BGT             loc_91AC|20-220
37250|code|MOVW            R2, #0x400B|68-242-11-2
37254|code|CMP             R3, R2|147-66
37256|code|BEQ.W           loc_936E|0-240-241-128
37260|code|MOVW            R2, #0x400B|68-242-11-2
37264|code|CMP             R3, R2|147-66
37266|code|BLT.W           loc_9364|192-242-231-128
37270|code|MOVW            R2, #0x400C|68-242-12-2
37274|code|CMP             R3, R2|147-66
37276|code|BEQ.W           loc_9378|0-240-236-128
37280|code|MOVW            R2, #0x400D|68-242-13-2
37284|code|CMP             R3, R2|147-66
37286|code|BEQ.W           loc_9382|0-240-236-128
37290|code|B               loc_94B8|133-225
37292|code|MOVW            R2, #0x4011|68-242-17-2
37296|code|CMP             R3, R2|147-66
37298|code|BEQ.W           loc_93AA|0-240-250-128
37302|code|MOVW            R2, #0x4011|68-242-17-2
37306|code|CMP             R3, R2|147-66
37308|code|BGT             loc_91D4|10-220
37310|code|MOVW            R2, #0x400F|68-242-15-2
37314|code|CMP             R3, R2|147-66
37316|code|BEQ.W           loc_9396|0-240-231-128
37320|code|MOVW            R2, #0x4010|68-242-16-2
37324|code|CMP             R3, R2|147-66
37326|code|BEQ.W           loc_93A0|0-240-231-128
37330|code|B               loc_94B8|113-225
37332|code|MOVW            R2, #0x4012|68-242-18-2
37336|code|CMP             R3, R2|147-66
37338|code|BEQ.W           loc_93B4|0-240-235-128
37342|code|MOVW            R2, #0x4013|68-242-19-2
37346|code|CMP             R3, R2|147-66
37348|code|BEQ.W           loc_93BE|0-240-235-128
37352|code|B               loc_94B8|102-225
37354|code|MOVW            R2, #0x401F|68-242-31-2
37358|code|CMP             R3, R2|147-66
37360|code|BEQ.W           loc_9436|0-240-33-129
37364|code|MOVW            R2, #0x401F|68-242-31-2
37368|code|CMP             R3, R2|147-66
37370|code|BGT             loc_9276|60-220
37372|code|MOVW            R2, #0x4019|68-242-25-2
37376|code|CMP             R3, R2|147-66
37378|code|BEQ.W           loc_93FA|0-240-250-128
37382|code|MOVW            R2, #0x4019|68-242-25-2
37386|code|CMP             R3, R2|147-66
37388|code|BGT             loc_9238|20-220
37390|code|MOVW            R2, #0x4016|68-242-22-2
37394|code|CMP             R3, R2|147-66
37396|code|BEQ.W           loc_93DC|0-240-226-128
37400|code|MOVW            R2, #0x4016|68-242-22-2
37404|code|CMP             R3, R2|147-66
37406|code|BLT.W           loc_93D2|192-242-216-128
37410|code|MOVW            R2, #0x4017|68-242-23-2
37414|code|CMP             R3, R2|147-66
37416|code|BEQ.W           loc_93E6|0-240-221-128
37420|code|MOVW            R2, #0x4018|68-242-24-2
37424|code|CMP             R3, R2|147-66
37426|code|BEQ.W           loc_93F0|0-240-221-128
37430|code|B               loc_94B8|63-225
37432|code|MOVW            R2, #0x401C|68-242-28-2
37436|code|CMP             R3, R2|147-66
37438|code|BEQ.W           loc_9418|0-240-235-128
37442|code|MOVW            R2, #0x401C|68-242-28-2
37446|code|CMP             R3, R2|147-66
37448|code|BGT             loc_9260|10-220
37450|code|MOVW            R2, #0x401A|68-242-26-2
37454|code|CMP             R3, R2|147-66
37456|code|BEQ.W           loc_9404|0-240-216-128
37460|code|MOVW            R2, #0x401B|68-242-27-2
37464|code|CMP             R3, R2|147-66
37466|code|BEQ.W           loc_940E|0-240-216-128
37470|code|B               loc_94B8|43-225
37472|code|MOVW            R2, #0x401D|68-242-29-2
37476|code|CMP             R3, R2|147-66
37478|code|BEQ.W           loc_9422|0-240-220-128
37482|code|MOVW            R2, #0x401E|68-242-30-2
37486|code|CMP             R3, R2|147-66
37488|code|BEQ.W           loc_942C|0-240-220-128
37492|code|B               loc_94B8|32-225
37494|code|MOVW            R2, #0x4025|68-242-37-2
37498|code|CMP             R3, R2|147-66
37500|code|BEQ.W           loc_9472|0-240-249-128
37504|code|MOVW            R2, #0x4025|68-242-37-2
37508|code|CMP             R3, R2|147-66
37510|code|BGT             loc_92C6|30-220
37512|code|MOVW            R2, #0x4022|68-242-34-2
37516|code|CMP             R3, R2|147-66
37518|code|BEQ.W           loc_9454|0-240-225-128
37522|code|MOVW            R2, #0x4022|68-242-34-2
37526|code|CMP             R3, R2|147-66
37528|code|BGT             loc_92B0|10-220
37530|code|MOVW            R2, #0x4020|68-242-32-2
37534|code|CMP             R3, R2|147-66
37536|code|BEQ.W           loc_9440|0-240-206-128
37540|code|MOVW            R2, #0x4021|68-242-33-2
37544|code|CMP             R3, R2|147-66
37546|code|BEQ.W           loc_944A|0-240-206-128
37550|code|B               loc_94B8|3-225
37552|code|MOVW            R2, #0x4023|68-242-35-2
37556|code|CMP             R3, R2|147-66
37558|code|BEQ.W           loc_945E|0-240-210-128
37562|code|MOVW            R2, #0x4024|68-242-36-2
37566|code|CMP             R3, R2|147-66
37568|code|BEQ.W           loc_9468|0-240-210-128
37572|code|B               loc_94B8|248-224
37574|code|MOVW            R2, #0x4028|68-242-40-2
37578|code|CMP             R3, R2|147-66
37580|code|BEQ.W           loc_9490|0-240-224-128
37584|code|MOVW            R2, #0x4028|68-242-40-2
37588|code|CMP             R3, R2|147-66
37590|code|BGT             loc_92EE|10-220
37592|code|MOVW            R2, #0x4026|68-242-38-2
37596|code|CMP             R3, R2|147-66
37598|code|BEQ.W           loc_947C|0-240-205-128
37602|code|MOVW            R2, #0x4027|68-242-39-2
37606|code|CMP             R3, R2|147-66
37608|code|BEQ.W           loc_9486|0-240-205-128
37612|code|B               loc_94B8|228-224
37614|code|CMP.W           R3, #0x5000|179-245-160-79
37618|code|BEQ.W           loc_949A|0-240-210-128
37622|code|CMP.W           R3, #0x6000|179-245-192-79
37626|code|BEQ.W           loc_94A4|0-240-211-128
37630|code|B               loc_94B8|219-224
37632|code|MOV             R3, #0xBAEC|75-246-236-35-192-242-0-3
37640|code|B               loc_94C0|218-224
37642|code|MOV             R3, #0xBAF8|75-246-248-35-192-242-0-3
37650|code|B               loc_94C0|213-224
37652|code|MOV             R3, #0xBB08|75-246-8-51-192-242-0-3
37660|code|B               loc_94C0|208-224
37662|code|MOV             R3, #0xBB14|75-246-20-51-192-242-0-3
37670|code|B               loc_94C0|203-224
37672|code|MOV             R3, #0xBB20|75-246-32-51-192-242-0-3
37680|code|B               loc_94C0|198-224
37682|code|MOV             R3, #0xBB2C|75-246-44-51-192-242-0-3
37690|code|B               loc_94C0|193-224
37692|code|MOV             R3, #0xBB34|75-246-52-51-192-242-0-3
37700|code|B               loc_94C0|188-224
37702|code|MOV             R3, #0xBB3C|75-246-60-51-192-242-0-3
37710|code|B               loc_94C0|183-224
37712|code|MOV             R3, #0xBB44|75-246-68-51-192-242-0-3
37720|code|B               loc_94C0|178-224
37722|code|MOV             R3, #0xBB50|75-246-80-51-192-242-0-3
37730|code|B               loc_94C0|173-224
37732|code|MOV             R3, #0xBB5C|75-246-92-51-192-242-0-3
37740|code|B               loc_94C0|168-224
37742|code|MOV             R3, #0xBB68|75-246-104-51-192-242-0-3
37750|code|B               loc_94C0|163-224
37752|code|MOV             R3, #0xBB74|75-246-116-51-192-242-0-3
37760|code|B               loc_94C0|158-224
37762|code|MOV             R3, #0xBB80|75-246-128-51-192-242-0-3
37770|code|B               loc_94C0|153-224
37772|code|MOV             R3, #0xBB8C|75-246-140-51-192-242-0-3
37780|code|B               loc_94C0|148-224
37782|code|MOV             R3, #0xBB98|75-246-152-51-192-242-0-3
37790|code|B               loc_94C0|143-224
37792|code|MOV             R3, #0xBBA0|75-246-160-51-192-242-0-3
37800|code|B               loc_94C0|138-224
37802|code|MOV             R3, #0xBBAC|75-246-172-51-192-242-0-3
37810|code|B               loc_94C0|133-224
37812|code|MOV             R3, #0xBBB8|75-246-184-51-192-242-0-3
37820|code|B               loc_94C0|128-224
37822|code|MOV             R3, #0xBBC4|75-246-196-51-192-242-0-3
37830|code|B               loc_94C0|123-224
37832|code|MOV             R3, #0xBBD0|75-246-208-51-192-242-0-3
37840|code|B               loc_94C0|118-224
37842|code|MOV             R3, #0xBBDC|75-246-220-51-192-242-0-3
37850|code|B               loc_94C0|113-224
37852|code|MOV             R3, #0xBBE8|75-246-232-51-192-242-0-3
37860|code|B               loc_94C0|108-224
37862|code|MOV             R3, #0xBBF4|75-246-244-51-192-242-0-3
37870|code|B               loc_94C0|103-224
37872|code|MOV             R3, #0xBC00|75-246-0-67-192-242-0-3
37880|code|B               loc_94C0|98-224
37882|code|MOV             R3, #0xBC0C|75-246-12-67-192-242-0-3
37890|code|B               loc_94C0|93-224
37892|code|MOV             R3, #0xBC18|75-246-24-67-192-242-0-3
37900|code|B               loc_94C0|88-224
37902|code|MOV             R3, #0xBC24|75-246-36-67-192-242-0-3
37910|code|B               loc_94C0|83-224
37912|code|MOV             R3, #0xBC30|75-246-48-67-192-242-0-3
37920|code|B               loc_94C0|78-224
37922|code|MOV             R3, #0xBC3C|75-246-60-67-192-242-0-3
37930|code|B               loc_94C0|73-224
37932|code|MOV             R3, #0xBC48|75-246-72-67-192-242-0-3
37940|code|B               loc_94C0|68-224
37942|code|MOV             R3, #0xBC54|75-246-84-67-192-242-0-3
37950|code|B               loc_94C0|63-224
37952|code|MOV             R3, #0xBC60|75-246-96-67-192-242-0-3
37960|code|B               loc_94C0|58-224
37962|code|MOV             R3, #0xBC6C|75-246-108-67-192-242-0-3
37970|code|B               loc_94C0|53-224
37972|code|MOV             R3, #0xBC78|75-246-120-67-192-242-0-3
37980|code|B               loc_94C0|48-224
37982|code|MOV             R3, #0xBC84|75-246-132-67-192-242-0-3
37990|code|B               loc_94C0|43-224
37992|code|MOV             R3, #0xBC90|75-246-144-67-192-242-0-3
38000|code|B               loc_94C0|38-224
38002|code|MOV             R3, #0xBC9C|75-246-156-67-192-242-0-3
38010|code|B               loc_94C0|33-224
38012|code|MOV             R3, #0xBCA8|75-246-168-67-192-242-0-3
38020|code|B               loc_94C0|28-224
38022|code|MOV             R3, #0xBCB4|75-246-180-67-192-242-0-3
38030|code|B               loc_94C0|23-224
38032|code|MOV             R3, #0xBCBC|75-246-188-67-192-242-0-3
38040|code|B               loc_94C0|18-224
38042|code|MOV             R3, #0xBCC4|75-246-196-67-192-242-0-3
38050|code|B               loc_94C0|13-224
38052|code|MOV             R3, #0xBCD4|75-246-212-67-192-242-0-3
38060|code|B               loc_94C0|8-224
38062|code|MOV             R3, #0xBCE0|75-246-224-67-192-242-0-3
38070|code|B               loc_94C0|3-224
38072|code|MOV             R3, #0xBCF4|75-246-244-67-192-242-0-3
38080|code|MOV             R0, R3|24-70
38082|code|ADD.W           R7, R7, #0xC|7-241-12-7
38086|code|MOV             SP, R7|189-70
38088|code|POP             {R7}|128-188
38090|code|BX              LR|112-71
38092|code|PUSH            {R7}|128-180
38094|code|SUB             SP, SP, #0x14|133-176
38096|code|ADD             R7, SP, #0|0-175
38098|code|STR             R0, [R7,#0x14+var_10]|120-96
38100|code|MOV.W           R3, #0|79-240-0-3
38104|code|STR             R3, [R7,#0x14+var_8]|251-96
38106|code|B               loc_94E4|3-224
38108|code|LDR             R3, [R7,#0x14+var_8]|251-104
38110|code|ADD.W           R3, R3, #1|3-241-1-3
38114|code|STR             R3, [R7,#0x14+var_8]|251-96
38116|code|LDR             R3, [R7,#0x14+var_8]|251-104
38118|code|LDR             R2, [R7,#0x14+var_10]|122-104
38120|code|ADDS            R3, R2, R3|211-24
38122|code|LDRB            R3, [R3]|27-120
38124|code|CMP             R3, #0|0-43
38126|code|BNE             loc_94DC|245-209
38128|code|LDR             R3, [R7,#0x14+var_8]|251-104
38130|code|UXTB            R3, R3|219-178
38132|code|MOV             R0, R3|24-70
38134|code|ADD.W           R7, R7, #0x14|7-241-20-7
38138|code|MOV             SP, R7|189-70
38140|code|POP             {R7}|128-188
38142|code|BX              LR|112-71
38144|code|PUSH            {R7,LR}|128-181
38146|code|SUB             SP, SP, #0x10|132-176
38148|code|ADD             R7, SP, #0|0-175
38150|code|STR             R0, [R7,#0x10+var_C]|120-96
38152|code|STR             R1, [R7,#0x10+var_10]|57-96
38154|code|MOV.W           R3, #0|79-240-0-3
38158|code|STRB            R3, [R7,#0x10+var_1]|251-115
38160|code|B               loc_9534|16-224
38162|code|LDRB            R3, [R7,#0x10+var_1]|251-123
38164|code|LDR             R2, [R7,#0x10+var_C]|122-104
38166|code|ADDS            R3, R2, R3|211-24
38168|code|LDRB            R2, [R3]|26-120
38170|code|LDRB            R3, [R7,#0x10+var_1]|251-123
38172|code|LDR             R1, [R7,#0x10+var_10]|57-104
38174|code|ADDS            R3, R1, R3|203-24
38176|code|LDRB            R3, [R3]|27-120
38178|code|CMP             R2, R3|154-66
38180|code|BEQ             loc_952C|2-208
38182|code|MOV.W           R3, #1|79-240-1-3
38186|code|B               loc_9546|12-224
38188|code|LDRB            R3, [R7,#0x10+var_1]|251-123
38190|code|ADD.W           R3, R3, #1|3-241-1-3
38194|code|STRB            R3, [R7,#0x10+var_1]|251-115
38196|code|LDR             R0, [R7,#0x10+var_10]|56-104
38198|code|BL              sub_94CC|255-247-201-255
38202|code|MOV             R3, R0|3-70
38204|code|LDRB            R2, [R7,#0x10+var_1]|250-123
38206|code|CMP             R2, R3|154-66
38208|code|BCC             loc_9512|231-211
38210|code|MOV.W           R3, #0|79-240-0-3
38214|code|MOV             R0, R3|24-70
38216|code|ADD.W           R7, R7, #0x10|7-241-16-7
38220|code|MOV             SP, R7|189-70
38222|code|POP             {R7,PC}|128-189
38224|code|PUSH            {R4-R7,LR}|240-181
38226|code|SUB             SP, SP, #0x1C|135-176
38228|code|ADD             R7, SP, #8|2-175
38230|code|STR             R0, [R7,#0xC]|248-96
38232|code|STR             R1, [R7,#8]|185-96
38234|code|STR             R2, [R7,#4]|122-96
38236|code|MOV             R2, #0x14488|68-242-136-66-192-242-1-2
38244|code|MOV             R3, #0xBD04|75-246-4-83-192-242-0-3
38252|code|MOV             R0, R2|16-70
38254|code|MOV             R1, R3|25-70
38256|code|LDR             R2, [R7,#4]|122-104
38258|code|BLX             sprintf|255-247-74-233
38262|code|MOV             R0, #0x14488|68-242-136-64-192-242-1-0
38270|code|BLX             atoi|255-247-74-233
38274|code|MOV             R3, R0|3-70
38276|code|CMP             R3, #0|0-43
38278|code|BLT             loc_95DA|40-219
38280|code|MOV             R0, #0x14488|68-242-136-64-192-242-1-0
38288|code|BLX             atoi|255-247-64-233
38292|code|MOV             R3, R0|3-70
38294|code|CMP             R3, #0x45 ; 'E'|69-43
38296|code|BGT             loc_95DA|31-220
38298|code|MOV             R5, #0x14488|68-242-136-69-192-242-1-5
38306|code|MOV             R4, #0xBD0C|75-246-12-84-192-242-0-4
38314|code|LDR             R0, [R7,#0xC]|248-104
38316|code|BLX             atoi|255-247-50-233
38320|code|MOV             R2, R0|2-70
38322|code|MOV             R3, #0xC1DC|76-242-220-19-192-242-0-3
38330|code|LDR.W           R6, [R3,R2,LSL#2]|83-248-34-96
38334|code|MOV             R3, #0xBD1C|75-246-28-83-192-242-0-3
38342|code|STR             R3, [SP]|0-147
38344|code|LDR             R3, [R7,#4]|123-104
38346|code|STR             R3, [SP,#4]|1-147
38348|code|MOV             R0, R5|40-70
38350|code|MOV             R1, R4|33-70
38352|code|LDR             R2, [R7,#8]|186-104
38354|code|MOV             R3, R6|51-70
38356|code|BLX             sprintf|255-247-24-233
38360|code|B               loc_9618|30-224
38362|code|MOV             R5, #0x14488|68-242-136-69-192-242-1-5
38370|code|MOV             R4, #0xBD0C|75-246-12-84-192-242-0-4
38378|code|LDR             R0, [R7,#0xC]|248-104
38380|code|BLX             atoi|255-247-18-233
38384|code|MOV             R2, R0|2-70
38386|code|MOV             R3, #0xC1DC|76-242-220-19-192-242-0-3
38394|code|LDR.W           R6, [R3,R2,LSL#2]|83-248-34-96
38398|code|MOV             R3, #0xBD20|75-246-32-83-192-242-0-3
38406|code|STR             R3, [SP]|0-147
38408|code|LDR             R3, [R7,#4]|123-104
38410|code|STR             R3, [SP,#4]|1-147
38412|code|MOV             R0, R5|40-70
38414|code|MOV             R1, R4|33-70
38416|code|LDR             R2, [R7,#8]|186-104
38418|code|MOV             R3, R6|51-70
38420|code|BLX             sprintf|255-247-248-232
38424|code|MOV             R3, #0x14488|68-242-136-67-192-242-1-3
38432|code|MOV             R0, R3|24-70
38434|code|ADD.W           R7, R7, #0x14|7-241-20-7
38438|code|MOV             SP, R7|189-70
38440|code|POP             {R4-R7,PC}|240-189
38442|data|ALIGN 4|0-191
38444|code|PUSH            {R7,LR}|128-181
38446|code|SUB             SP, SP, #0x18|134-176
38448|code|ADD             R7, SP, #0|0-175
38450|code|STR             R0, [R7,#0xC]|248-96
38452|code|STR             R1, [R7,#8]|185-96
38454|code|MOV             R3, R2|19-70
38456|code|STRB            R3, [R7,#7]|251-113
38458|code|MOV.W           R3, #0|79-240-0-3
38462|code|STRB            R3, [R7,#0x17]|251-117
38464|code|LDR             R3, [R7,#8]|187-104
38466|code|ADD.W           R3, R3, #2|3-241-2-3
38470|code|LDR             R0, [R7,#0xC]|248-104
38472|code|MOV             R1, R3|25-70
38474|code|MOV.W           R2, #0|79-240-0-2
38478|code|BLX             fseek|255-247-232-232
38482|code|MOV.W           R3, #0|79-240-0-3
38486|code|STRB            R3, [R7,#0x16]|187-117
38488|code|B               loc_967E|17-224
38490|code|ADD.W           R3, R7, #0x15|7-241-21-3
38494|code|MOV             R0, R3|24-70
38496|code|MOV.W           R1, #1|79-240-1-1
38500|code|MOV.W           R2, #1|79-240-1-2
38504|code|LDR             R3, [R7,#0xC]|251-104
38506|code|BLX             fread|255-247-144-232
38510|code|LDRB            R2, [R7,#0x15]|122-125
38512|code|LDRB            R3, [R7,#0x17]|251-125
38514|code|ADDS            R3, R2, R3|211-24
38516|code|STRB            R3, [R7,#0x17]|251-117
38518|code|LDRB            R3, [R7,#0x16]|187-125
38520|code|ADD.W           R3, R3, #1|3-241-1-3
38524|code|STRB            R3, [R7,#0x16]|187-117
38526|code|LDRB            R2, [R7,#0x16]|186-125
38528|code|LDRB            R3, [R7,#7]|251-121
38530|code|CMP             R2, R3|154-66
38532|code|BCC             loc_965A|233-211
38534|code|LDRB            R3, [R7,#0x17]|251-125
38536|code|MOV             R0, R3|24-70
38538|code|ADD.W           R7, R7, #0x18|7-241-24-7
38542|code|MOV             SP, R7|189-70
38544|code|POP             {R7,PC}|128-189
38546|data|ALIGN 4|0-191
38548|code|PUSH            {R7,LR}|128-181
38550|code|SUB             SP, SP, #0x20|136-176
38552|code|ADD             R7, SP, #0|0-175
38554|code|STR             R0, [R7,#0x20+stream]|248-96
38556|code|STR             R1, [R7,#0x20+var_18]|185-96
38558|code|STR             R2, [R7,#0x20+s2]|122-96
38560|code|STR             R3, [R7,#0x20+var_20]|59-96
38562|code|LDR             R0, [R7,#0x20+s2]|120-104
38564|code|BL              sub_94CC|255-247-18-255
38568|code|MOV             R3, R0|3-70
38570|code|STRH            R3, [R7,#0x20+n]|123-131
38572|code|MOV.W           R3, #0|79-240-0-3
38576|code|STR             R3, [R7,#0x20+n+2]|251-97
38578|code|B               loc_96EC|27-224
38580|code|LDR             R2, [R7,#0x20+var_18]|186-104
38582|code|LDR             R3, [R7,#0x20+n+2]|251-105
38584|code|ADDS            R2, R2, R3|210-24
38586|code|LDRH            R3, [R7,#0x20+n]|123-139
38588|code|MOV             R0, R2; s1|16-70
38590|code|LDR             R1, [R7,#0x20+s2]; s2|121-104
38592|code|MOV             R2, R3; n|26-70
38594|code|BLX             memcmp|255-247-76-232
38598|code|MOV             R3, R0|3-70
38600|code|CMP             R3, #0|0-43
38602|code|BNE             loc_96E4|11-209
38604|code|LDR             R0, [R7,#0x20+stream]; stream|248-104
38606|code|BLX             ftell|255-247-64-232
38610|code|MOV             R3, R0|3-70
38612|code|MOV             R2, R3|26-70
38614|code|LDR             R1, [R7,#0x20+n+2]|249-105
38616|code|LDR             R3, [R7,#0x20+var_20]|59-104
38618|code|SUBS            R3, R1, R3|203-26
38620|code|ADDS            R3, R2, R3|211-24
38622|code|STR             R3, [R7,#0x20+var_C]|123-97
38624|code|LDR             R3, [R7,#0x20+var_C]|123-105
38626|code|B               loc_96FC|11-224
38628|code|LDR             R3, [R7,#0x20+n+2]|251-105
38630|code|ADD.W           R3, R3, #1|3-241-1-3
38634|code|STR             R3, [R7,#0x20+n+2]|251-97
38636|code|LDR             R3, [R7,#0x20+var_20]|59-104
38638|code|SUB.W           R2, R3, #0x80|163-241-128-2
38642|code|LDR             R3, [R7,#0x20+n+2]|251-105
38644|code|CMP             R2, R3|154-66
38646|code|BHI             loc_96B4|221-216
38648|code|MOV.W           R3, #0|79-240-0-3
38652|code|MOV             R0, R3|24-70
38654|code|ADD.W           R7, R7, #0x20 ; ' '|7-241-32-7
38658|code|MOV             SP, R7|189-70
38660|code|POP             {R7,PC}|128-189
38662|data|ALIGN 4|0-191
38664|code|PUSH.W          {R4-R8,LR}|45-233-240-65
38668|code|SUB             SP, SP, #0x188|226-176
38670|code|ADD             R7, SP, #8|2-175
38672|code|ADD.W           R4, R7, #0xC|7-241-12-4
38676|code|STR             R0, [R4]|32-96
38678|code|ADD.W           R0, R7, #4|7-241-4-0
38682|code|STR             R2, [R0]|2-96
38684|code|MOV             R2, R7|58-70
38686|code|STR             R3, [R2]|19-96
38688|code|ADD.W           R3, R7, #0xC|7-241-12-3
38692|code|ADD.W           R3, R3, #0xFFFFFFFF|3-241-255-51
38696|code|MOV             R2, R1|10-70
38698|code|STRB            R2, [R3]|26-112
38700|code|MOV.W           R3, #0|79-240-0-3
38704|code|STRB.W          R3, [R7,#0x180+var_E]|135-248-114-49
38708|code|MOV.W           R3, #0|79-240-0-3
38712|code|STRB.W          R3, [R7,#0x180+var_1]|135-248-127-49
38716|code|ADD.W           R3, R7, #0x18|7-241-24-3
38720|code|ADD.W           R3, R3, #0xFFFFFFFF|3-241-255-51
38724|code|MOV.W           R2, #0xFF|79-240-255-2
38728|code|STRB            R2, [R3]|26-112
38730|code|MOV.W           R3, #0|79-240-0-3
38734|code|STR.W           R3, [R7,#0x180+var_14]|199-248-108-49
38738|code|MOV.W           R3, #0|79-240-0-3
38742|code|STRB.W          R3, [R7,#0x180+var_D]|135-248-115-49
38746|code|ADD.W           R3, R7, #0xC|7-241-12-3
38750|code|ADD.W           R3, R3, #0xFFFFFFFF|3-241-255-51
38754|code|LDRB            R3, [R3]|27-120
38756|code|CMP             R3, #0x10|16-43
38758|code|BEQ             loc_9782|12-208
38760|code|CMP             R3, #0x11|17-43
38762|code|BNE             loc_9798|21-209
38764|code|MOV.W           R0, #0xA; c|79-240-10-0
38768|code|BLX             putchar|255-247-62-232
38772|code|MOV             R0, #asc_BD24; s|75-246-36-80-192-242-0-0
38780|code|BLX             puts|255-247-12-232
38784|code|B               loc_9798|10-224
38786|code|MOV.W           R0, #0xA; c|79-240-10-0
38790|code|BLX             putchar|255-247-52-232
38794|code|MOV             R0, #asc_BE14; s|75-246-20-96-192-242-0-0
38802|code|BLX             puts|255-247-2-232
38806|code|NOP|0-191
38808|code|ADD.W           R3, R7, #4|7-241-4-3
38812|code|LDR             R3, [R3]|27-104
38814|code|CMP.W           R3, #0x40000|179-245-128-47
38818|code|BHI             loc_97AC|3-216
38820|code|LDRB.W          R3, [R7,#0x180+arg_0]|151-248-152-49
38824|code|CMP             R3, #0|0-43
38826|code|BEQ             loc_97B6|4-208
38828|code|MOV.W           R3, #2|79-240-2-3
38832|code|STRB.W          R3, [R7,#0x180+var_D]|135-248-115-49
38836|code|B               loc_97BE|3-224
38838|code|MOV.W           R3, #1|79-240-1-3
38842|code|STRB.W          R3, [R7,#0x180+var_D]|135-248-115-49
38846|code|MOV             R3, #aHintSkipmechan; "\nHINT: SkipMechanism:\t%X"|75-246-4-115-192-242-0-3
38854|code|LDRB.W          R2, [R7,#0x180+var_D]|151-248-115-33
38858|code|MOV             R0, R3; format|24-70
38860|code|MOV             R1, R2|17-70
38862|code|BLX             printf|254-247-162-239
38866|code|MOV             R3, R7|59-70
38868|code|LDR             R3, [R3]|27-104
38870|code|STR.W           R3, [R7,#0x180+off]|199-248-120-49
38874|code|LDR.W           R3, [R7,#0x180+off]|215-248-120-49
38878|code|ADD.W           R2, R7, #0xC|7-241-12-2
38882|code|LDR             R0, [R2]; stream|16-104
38884|code|MOV             R1, R3; off|25-70
38886|code|MOV.W           R2, #0; whence|79-240-0-2
38890|code|BLX             fseek|255-247-26-232
38894|code|ADD.W           R2, R7, #0xB8|7-241-184-2
38898|code|ADD.W           R3, R7, #0xC|7-241-12-3
38902|code|MOV             R0, R2; ptr|16-70
38904|code|MOV.W           R1, #0x96; size|79-240-150-1
38908|code|MOV.W           R2, #1; n|79-240-1-2
38912|code|LDR             R3, [R3]; stream|27-104
38914|code|BLX             fread|254-247-196-239
38918|code|ADD.W           R3, R7, #0xB8|7-241-184-3
38922|code|ADD.W           R3, R3, #2|3-241-2-3
38926|code|MOV             R0, R3|24-70
38928|code|MOV             R1, #0xBF20|75-246-32-113-192-242-0-1
38936|code|BL              sub_9500|255-247-114-254
38940|code|MOV             R3, R0|3-70
38942|code|CMP             R3, #0|0-43
38944|code|BEQ             loc_988C|52-208
38946|code|LDRB.W          R3, [R7,#0x180+var_C8]|151-248-184-48
38950|code|CMP             R3, #0|0-43
38952|code|BNE             loc_9882|43-209
38954|code|LDRB.W          R3, [R7,#0x180+var_D]|151-248-115-49
38958|code|LDR.W           R2, [R7,#0x180+off]|215-248-120-33
38962|code|ADDS            R3, R2, R3|211-24
38964|code|STR.W           R3, [R7,#0x180+off]|199-248-120-49
38968|code|LDR.W           R3, [R7,#0x180+off]|215-248-120-49
38972|code|ADD.W           R2, R7, #0xC|7-241-12-2
38976|code|LDR             R0, [R2]; stream|16-104
38978|code|MOV             R1, R3; off|25-70
38980|code|MOV.W           R2, #0; whence|79-240-0-2
38984|code|BLX             fseek|254-247-234-239
38988|code|ADD.W           R2, R7, #0xB8|7-241-184-2
38992|code|ADD.W           R3, R7, #0xC|7-241-12-3
38996|code|MOV             R0, R2; ptr|16-70
38998|code|MOV.W           R1, #0x96; size|79-240-150-1
39002|code|MOV.W           R2, #1; n|79-240-1-2
39006|code|LDR             R3, [R3]; stream|27-104
39008|code|BLX             fread|254-247-148-239
39012|code|ADD.W           R3, R7, #0xB8|7-241-184-3
39016|code|ADD.W           R3, R3, #2|3-241-2-3
39020|code|MOV             R0, R3|24-70
39022|code|MOV             R1, #0xBF20|75-246-32-113-192-242-0-1
39030|code|BL              sub_9500|255-247-67-254
39034|code|MOV             R3, R0|3-70
39036|code|CMP             R3, #0|0-43
39038|code|BEQ             loc_988C|5-208
39040|code|B               loc_A02E|213-227
39042|code|LDRB.W          R3, [R7,#0x180+var_C8]|151-248-184-48
39046|code|CMP             R3, #0xFF|255-43
39048|code|BEQ.W           loc_A02C|0-240-208-131
39052|code|LDRB.W          R3, [R7,#0x180+n]|151-248-205-48
39056|code|ADD.W           R2, R7, #0x180|7-245-192-114
39060|code|ADDS            R3, R2, R3|211-24
39062|code|MOV.W           R2, #0|79-240-0-2
39066|code|STRB.W          R2, [R3,#-0xB2]|3-248-178-44
39070|code|ADD.W           R3, R7, #0xC|7-241-12-3
39074|code|ADD.W           R3, R3, #0xFFFFFFFF|3-241-255-51
39078|code|LDRB            R3, [R3]|27-120
39080|code|SUB.W           R3, R3, #0x10|163-241-16-3
39084|code|CMP             R3, #0x20; switch 33 cases|32-43
39086|code|BHI.W           def_98B4; jumptable 000098B4 default case, cases 2-15,17-31|0-242-134-131
39090|code|ADR             R2, jpt_98B4|1-162
39092|code|LDR.W           PC, [R2,R3,LSL#2]; switch jump|82-248-35-240
39096|data|DCD loc_99E2+1; jump table for switch statement|227-153-0-0-61-153-0-0-191-159-0-0-191-159-0-0-191-159-0-0-191-159-0-0-191-159-0-0-191-159-0-0-191-159-0-0-191-159-0-0-191-159-0-0-191-159-0-0-191-159-0-0-191-159-0-0-191-159-0-0-191-159-0-0-137-155-0-0-191-159-0-0-191-159-0-0-191-159-0-0-191-159-0-0-191-159-0-0-191-159-0-0-191-159-0-0-191-159-0-0-191-159-0-0-191-159-0-0-191-159-0-0-191-159-0-0-191-159-0-0-191-159-0-0-191-159-0-0-45-157-0-0
39228|code|MOV             R4, #0xBF28; jumptable 000098B4 case 1|75-246-40-116-192-242-0-4
39236|code|LDRB.W          R5, [R7,#0x180+var_1]|151-248-127-81
39240|code|LDRB.W          R3, [R7,#0x180+var_1]|151-248-127-49
39244|code|ADD.W           R3, R3, #1|3-241-1-3
39248|code|STRB.W          R3, [R7,#0x180+var_1]|135-248-127-49
39252|code|LDRB.W          R3, [R7,#0x180+var_B9]|151-248-199-48
39256|code|LDR.W           R2, [R7,#0x180+var_B8]|215-248-200-32
39260|code|BIC.W           R2, R2, #0xFF000000|34-240-127-66
39264|code|MOV.W           R2, R2,LSL#8|79-234-2-34
39268|code|ORRS            R3, R2|19-67
39270|code|MOV.W           R3, R3,LSR#16|79-234-19-67
39274|code|UXTH            R3, R3|155-178
39276|code|MOV             R0, R3|24-70
39278|code|BL              sub_90C0|255-247-167-251
39282|code|MOV             R3, R0|3-70
39284|code|ADD.W           R2, R7, #0xB8|7-241-184-2
39288|code|ADD.W           R2, R2, #0x16|2-241-22-2
39292|code|MOV             R0, R4; format|32-70
39294|code|MOV             R1, R5|41-70
39296|code|BLX             printf|254-247-200-238
39300|code|MOV             R4, #0xBF48|75-246-72-116-192-242-0-4
39308|code|LDRB.W          R3, [R7,#0x180+var_C1]|151-248-191-48
39312|code|LDR.W           R2, [R7,#0x180+var_C0]|215-248-192-32
39316|code|BIC.W           R2, R2, #0xFF000000|34-240-127-66
39320|code|MOV.W           R2, R2,LSL#8|79-234-2-34
39324|code|ORRS            R3, R2|19-67
39326|code|MOV.W           R2, #0x64 ; 'd'|79-240-100-2
39330|code|MUL.W           R2, R2, R3|2-251-3-242
39334|code|LDRB.W          R3, [R7,#0x180+var_C0+3]|151-248-195-48
39338|code|LDR.W           R1, [R7,#0xC4]|215-248-196-16
39342|code|BIC.W           R1, R1, #0xFF000000|33-240-127-65
39346|code|MOV.W           R1, R1,LSL#8|79-234-1-33
39350|code|ORRS            R3, R1|11-67
39352|code|MOV             R0, R2|16-70
39354|code|MOV             R1, R3|25-70
39356|code|BL              sub_B400|1-240-32-253
39360|code|MOV             R3, R0|3-70
39362|code|MOV             R2, R3|26-70
39364|code|LDRB.W          R3, [R7,#0x180+var_B9]|151-248-199-48
39368|code|LDR.W           R1, [R7,#0x180+var_B8]|215-248-200-16
39372|code|BIC.W           R1, R1, #0xFF000000|33-240-127-65
39376|code|MOV.W           R1, R1,LSL#8|79-234-1-33
39380|code|ORRS            R3, R1|11-67
39382|code|MOV             R0, R4; format|32-70
39384|code|LDR.W           R1, [R7,#0x180+off]|215-248-120-17
39388|code|BLX             printf|254-247-154-238
39392|code|B               def_98B4; jumptable 000098B4 default case, cases 2-15,17-31|237-226
39394|code|MOV             R3, #a22i2424s; jumptable 000098B4 case 0|75-246-96-115-192-242-0-3
39402|code|LDRB.W          R1, [R7,#0x180+var_1]|151-248-127-17
39406|code|LDRB.W          R2, [R7,#0x180+var_1]|151-248-127-33
39410|code|ADD.W           R2, R2, #1|2-241-1-2
39414|code|STRB.W          R2, [R7,#0x180+var_1]|135-248-127-33
39418|code|ADD.W           R2, R7, #0xB8|7-241-184-2
39422|code|ADD.W           R2, R2, #0x16|2-241-22-2
39426|code|MOV             R0, R3; format|24-70
39428|code|BLX             printf|254-247-134-238
39432|code|MOV             R4, #0xBF78|75-246-120-116-192-242-0-4
39440|code|LDRB.W          R3, [R7,#0x180+var_C1]|151-248-191-48
39444|code|LDR.W           R2, [R7,#0x180+var_C0]|215-248-192-32
39448|code|BIC.W           R2, R2, #0xFF000000|34-240-127-66
39452|code|MOV.W           R2, R2,LSL#8|79-234-2-34
39456|code|ORRS            R3, R2|19-67
39458|code|MOV             R6, R3|30-70
39460|code|LDRB.W          R3, [R7,#0x180+var_C0+3]|151-248-195-48
39464|code|LDR.W           R2, [R7,#0xC4]|215-248-196-32
39468|code|BIC.W           R2, R2, #0xFF000000|34-240-127-66
39472|code|MOV.W           R2, R2,LSL#8|79-234-2-34
39476|code|ORRS            R3, R2|19-67
39478|code|MOV             R5, R3|29-70
39480|code|LDRB.W          R3, [R7,#0x180+var_C1]|151-248-191-48
39484|code|LDR.W           R2, [R7,#0x180+var_C0]|215-248-192-32
39488|code|BIC.W           R2, R2, #0xFF000000|34-240-127-66
39492|code|MOV.W           R2, R2,LSL#8|79-234-2-34
39496|code|ORRS            R3, R2|19-67
39498|code|MOV.W           R2, #0x64 ; 'd'|79-240-100-2
39502|code|MUL.W           R2, R2, R3|2-251-3-242
39506|code|LDRB.W          R3, [R7,#0x180+var_C0+3]|151-248-195-48
39510|code|LDR.W           R1, [R7,#0xC4]|215-248-196-16
39514|code|BIC.W           R1, R1, #0xFF000000|33-240-127-65
39518|code|MOV.W           R1, R1,LSL#8|79-234-1-33
39522|code|ORRS            R3, R1|11-67
39524|code|MOV             R0, R2|16-70
39526|code|MOV             R1, R3|25-70
39528|code|BL              sub_B400|1-240-202-252
39532|code|MOV             R3, R0|3-70
39534|code|LDRB.W          R2, [R7,#0x180+var_B9]|151-248-199-32
39538|code|LDR.W           R1, [R7,#0x180+var_B8]|215-248-200-16
39542|code|BIC.W           R1, R1, #0xFF000000|33-240-127-65
39546|code|MOV.W           R1, R1,LSL#8|79-234-1-33
39550|code|ORRS            R2, R1|10-67
39552|code|STR             R2, [SP,#0x188+var_188]|0-146
39554|code|MOV             R0, R4; format|32-70
39556|code|MOV             R1, R6|49-70
39558|code|MOV             R2, R5|42-70
39560|code|BLX             printf|254-247-68-238
39564|code|ADD.W           R1, R7, #0x18|7-241-24-1
39568|code|ADD.W           R3, R7, #0xB8|7-241-184-3
39572|code|ADD.W           R2, R3, #0x16|3-241-22-2
39576|code|LDRB.W          R3, [R7,#0x180+n]|151-248-205-48
39580|code|MOV             R0, R1; dest|8-70
39582|code|MOV             R1, R2; src|17-70
39584|code|MOV             R2, R3; n|26-70
39586|code|BLX             memcpy|254-247-74-238
39590|code|LDRB.W          R3, [R7,#0x180+n]|151-248-205-48
39594|code|ADD.W           R2, R7, #0x18|7-241-24-2
39598|code|MOV.W           R1, #0|79-240-0-1
39602|code|STRB            R1, [R2,R3]|209-84
39604|code|ADD.W           R2, R7, #0x18|7-241-24-2
39608|code|MOV             R3, #aWb; "wb"|75-246-156-115-192-242-0-3
39616|code|MOV             R0, R2; filename|16-70
39618|code|MOV             R1, R3; modes|25-70
39620|code|BLX             fopen|254-247-44-238
39624|code|MOV             R3, R0|3-70
39626|code|STR.W           R3, [R7,#0x180+stream]|199-248-104-49
39630|code|LDR.W           R3, [R7,#0x180+stream]|215-248-104-49
39634|code|CMP             R3, #0|0-43
39636|code|BNE             loc_9AF2|13-209
39638|code|MOV             R3, #aFileSIOErrorEx; "\nFile %s I/O error..Exit"|75-246-160-115-192-242-0-3
39646|code|ADD.W           R2, R7, #0x98|7-241-152-2
39650|code|MOV             R0, R3; format|24-70
39652|code|MOV             R1, R2|17-70
39654|code|BLX             printf|254-247-22-238
39658|code|MOV.W           R0, #1; status|79-240-1-0
39662|code|BLX             exit|254-247-110-238
39666|code|ADD.W           R3, R7, #0xC|7-241-12-3
39670|code|LDR             R3, [R3]|27-104
39672|code|STR.W           R3, [R7,#0x180+var_30]|199-248-80-49
39676|code|LDR.W           R3, [R7,#0x180+stream]|215-248-104-49
39680|code|STR.W           R3, [R7,#0x180+var_2C]|199-248-84-49
39684|code|LDRB.W          R3, [R7,#0x180+var_C0+3]|151-248-195-48
39688|code|LDR.W           R2, [R7,#0xC4]|215-248-196-32
39692|code|BIC.W           R2, R2, #0xFF000000|34-240-127-66
39696|code|MOV.W           R2, R2,LSL#8|79-234-2-34
39700|code|ORRS            R3, R2|19-67
39702|code|STR.W           R3, [R7,#0x180+var_28]|199-248-88-49
39706|code|LDRB.W          R3, [R7,#0x180+var_C1]|151-248-191-48
39710|code|LDR.W           R2, [R7,#0x180+var_C0]|215-248-192-32
39714|code|BIC.W           R2, R2, #0xFF000000|34-240-127-66
39718|code|MOV.W           R2, R2,LSL#8|79-234-2-34
39722|code|ORRS            R3, R2|19-67
39724|code|STR.W           R3, [R7,#0x180+var_24]|199-248-92-49
39728|code|MOV.W           R3, #0xD|79-240-13-3
39732|code|STR.W           R3, [R7,#0x180+var_20]|199-248-96-49
39736|code|MOV.W           R3, #5|79-240-5-3
39740|code|STR.W           R3, [R7,#0x180+var_1C]|199-248-100-49
39744|code|LDRB.W          R3, [R7,#0x180+var_C8]|151-248-184-48
39748|code|SUB.W           R3, R3, #0x94|163-241-148-3
39752|code|ADD.W           R2, R7, #0xC|7-241-12-2
39756|code|LDR             R0, [R2]; stream|16-104
39758|code|MOV             R1, R3; off|25-70
39760|code|MOV.W           R2, #1; whence|79-240-1-2
39764|code|BLX             fseek|254-247-100-238
39768|code|MOV             R3, SP|107-70
39770|code|ADD.W           R2, R7, #0x160|7-245-176-114
39774|code|LDM.W           R2, {R0,R1}|146-232-3-0
39778|code|STM.W           R3, {R0,R1}|131-232-3-0
39782|code|ADD.W           R3, R7, #0x150|7-245-168-115
39786|code|LDM             R3, {R0-R3}|15-203
39788|code|BL              sub_B0E4|1-240-186-250
39792|code|LDR.W           R0, [R7,#0x180+stream]; stream|215-248-104-1
39796|code|BLX             fclose|254-247-66-238
39800|code|MOV             R3, #aOk; " ... Ok"|75-246-188-115-192-242-0-3
39808|code|MOV             R0, R3; format|24-70
39810|code|BLX             printf|254-247-200-237
39814|code|B               def_98B4; jumptable 000098B4 default case, cases 2-15,17-31|26-226
39816|code|MOV             R3, #a22i1212s; jumptable 000098B4 case 16|75-246-196-115-192-242-0-3
39824|code|LDRB.W          R1, [R7,#0x180+var_1]|151-248-127-17
39828|code|LDRB.W          R2, [R7,#0x180+var_1]|151-248-127-33
39832|code|ADD.W           R2, R2, #1|2-241-1-2
39836|code|STRB.W          R2, [R7,#0x180+var_1]|135-248-127-33
39840|code|ADD.W           R2, R7, #0xB8|7-241-184-2
39844|code|ADD.W           R2, R2, #0x16|2-241-22-2
39848|code|MOV             R0, R3; format|24-70
39850|code|BLX             printf|254-247-180-237
39854|code|MOV             R4, #0xBFDC|75-246-220-116-192-242-0-4
39862|code|LDRB.W          R3, [R7,#0x180+var_C1]|151-248-191-48
39866|code|LDR.W           R2, [R7,#0x180+var_C0]|215-248-192-32
39870|code|BIC.W           R2, R2, #0xFF000000|34-240-127-66
39874|code|MOV.W           R2, R2,LSL#8|79-234-2-34
39878|code|ORRS            R3, R2|19-67
39880|code|MOV             R8, R3|152-70
39882|code|LDRB.W          R3, [R7,#0x180+var_C0+3]|151-248-195-48
39886|code|LDR.W           R2, [R7,#0xC4]|215-248-196-32
39890|code|BIC.W           R2, R2, #0xFF000000|34-240-127-66
39894|code|MOV.W           R2, R2,LSL#8|79-234-2-34
39898|code|ORRS            R3, R2|19-67
39900|code|MOV             R6, R3|30-70
39902|code|LDRB.W          R3, [R7,#0x180+var_C0+3]|151-248-195-48
39906|code|LDR.W           R2, [R7,#0xC4]|215-248-196-32
39910|code|BIC.W           R2, R2, #0xFF000000|34-240-127-66
39914|code|MOV.W           R2, R2,LSL#8|79-234-2-34
39918|code|ORRS            R3, R2|19-67
39920|code|MOV             R5, R3|29-70
39922|code|LDRB.W          R3, [R7,#0x180+var_C1]|151-248-191-48
39926|code|LDR.W           R2, [R7,#0x180+var_C0]|215-248-192-32
39930|code|BIC.W           R2, R2, #0xFF000000|34-240-127-66
39934|code|MOV.W           R2, R2,LSL#8|79-234-2-34
39938|code|ORRS            R3, R2|19-67
39940|code|MOV.W           R2, #0x64 ; 'd'|79-240-100-2
39944|code|MUL.W           R2, R2, R3|2-251-3-242
39948|code|LDRB.W          R3, [R7,#0x180+var_C0+3]|151-248-195-48
39952|code|LDR.W           R1, [R7,#0xC4]|215-248-196-16
39956|code|BIC.W           R1, R1, #0xFF000000|33-240-127-65
39960|code|MOV.W           R1, R1,LSL#8|79-234-1-33
39964|code|ORRS            R3, R1|11-67
39966|code|MOV             R0, R2|16-70
39968|code|MOV             R1, R3|25-70
39970|code|BL              sub_B400|1-240-237-251
39974|code|MOV             R3, R0|3-70
39976|code|MOV             R2, R3|26-70
39978|code|LDRB.W          R3, [R7,#0x180+var_B9]|151-248-199-48
39982|code|LDR.W           R1, [R7,#0x180+var_B8]|215-248-200-16
39986|code|BIC.W           R1, R1, #0xFF000000|33-240-127-65
39990|code|MOV.W           R1, R1,LSL#8|79-234-1-33
39994|code|ORRS            R3, R1|11-67
39996|code|STR             R2, [SP,#0x188+var_188]|0-146
39998|code|STR             R3, [SP,#0x188+var_184]|1-147
40000|code|MOV             R0, R4; format|32-70
40002|code|MOV             R1, R8|65-70
40004|code|MOV             R2, R6|50-70
40006|code|MOV             R3, R5|43-70
40008|code|BLX             printf|254-247-100-237
40012|code|ADD.W           R1, R7, #0x98|7-241-152-1
40016|code|MOV             R3, #a12sLzh; "%.12s.lzh"|76-242-8-3-192-242-0-3
40024|code|ADD.W           R2, R7, #0xB8|7-241-184-2
40028|code|ADD.W           R2, R2, #0x16|2-241-22-2
40032|code|MOV             R0, R1; s|8-70
40034|code|MOV             R1, R3; format|25-70
40036|code|BLX             sprintf|254-247-208-237
40040|code|ADD.W           R2, R7, #0x98|7-241-152-2
40044|code|MOV             R3, #aWb; "wb"|75-246-156-115-192-242-0-3
40052|code|MOV             R0, R2; filename|16-70
40054|code|MOV             R1, R3; modes|25-70
40056|code|BLX             fopen|254-247-82-237
40060|code|MOV             R3, R0|3-70
40062|code|STR.W           R3, [R7,#0x180+stream]|199-248-104-49
40066|code|LDR.W           R3, [R7,#0x180+stream]|215-248-104-49
40070|code|CMP             R3, #0|0-43
40072|code|BNE             loc_9CA6|13-209
40074|code|MOV             R3, #aFileSIOErrorEx; "\nFile %s I/O error..Exit"|75-246-160-115-192-242-0-3
40082|code|ADD.W           R2, R7, #0x98|7-241-152-2
40086|code|MOV             R0, R3; format|24-70
40088|code|MOV             R1, R2|17-70
40090|code|BLX             printf|254-247-60-237
40094|code|MOV.W           R0, #1; status|79-240-1-0
40098|code|BLX             exit|254-247-148-237
40102|code|ADD.W           R3, R7, #0xC|7-241-12-3
40106|code|LDR             R0, [R3]; stream|24-104
40108|code|MOV             R1, #0xFFFFFF6A; off|111-240-149-1
40112|code|MOV.W           R2, #1; whence|79-240-1-2
40116|code|BLX             fseek|254-247-180-237
40120|code|MOV.W           R3, #0|79-240-0-3
40124|code|STR.W           R3, [R7,#0x180+var_C]|199-248-116-49
40128|code|B               loc_9CFC|28-224
40130|code|ADD.W           R2, R7, #0x98|7-241-152-2
40134|code|ADD.W           R3, R7, #0xC|7-241-12-3
40138|code|MOV             R0, R2; ptr|16-70
40140|code|MOV.W           R1, #1; size|79-240-1-1
40144|code|MOV.W           R2, #1; n|79-240-1-2
40148|code|LDR             R3, [R3]; stream|27-104
40150|code|BLX             fread|254-247-90-237
40154|code|ADD.W           R3, R7, #0x98|7-241-152-3
40158|code|MOV             R0, R3; ptr|24-70
40160|code|MOV.W           R1, #1; size|79-240-1-1
40164|code|MOV.W           R2, #1; n|79-240-1-2
40168|code|LDR.W           R3, [R7,#0x180+stream]; s|215-248-104-49
40172|code|BLX             fwrite|254-247-66-237
40176|code|LDR.W           R3, [R7,#0x180+var_C]|215-248-116-49
40180|code|ADD.W           R3, R3, #1|3-241-1-3
40184|code|STR.W           R3, [R7,#0x180+var_C]|199-248-116-49
40188|code|LDRB.W          R3, [R7,#0x180+var_C1]|151-248-191-48
40192|code|LDR.W           R2, [R7,#0x180+var_C0]|215-248-192-32
40196|code|BIC.W           R2, R2, #0xFF000000|34-240-127-66
40200|code|MOV.W           R2, R2,LSL#8|79-234-2-34
40204|code|ORRS            R3, R2|19-67
40206|code|MOV             R2, R3|26-70
40208|code|LDRB.W          R3, [R7,#0x180+var_C8]|151-248-184-48
40212|code|ADDS            R3, R2, R3|211-24
40214|code|ADD.W           R2, R3, #2|3-241-2-2
40218|code|LDR.W           R3, [R7,#0x180+var_C]|215-248-116-49
40222|code|CMP             R2, R3|154-66
40224|code|BHI             loc_9CC2|207-216
40226|code|LDR.W           R0, [R7,#0x180+stream]; stream|215-248-104-1
40230|code|BLX             fclose|254-247-106-237
40234|code|B               def_98B4; jumptable 000098B4 default case, cases 2-15,17-31|72-225
40236|code|LDRB.W          R3, [R7,#0x180+var_B9]; jumptable 000098B4 case 32|151-248-199-48
40240|code|LDR.W           R2, [R7,#0x180+var_B8]|215-248-200-32
40244|code|BIC.W           R2, R2, #0xFF000000|34-240-127-66
40248|code|MOV.W           R2, R2,LSL#8|79-234-2-34
40252|code|ORRS            R3, R2|19-67
40254|code|CMP.W           R3, #0x50000000|179-241-160-79
40258|code|BNE.W           loc_9FBC|64-240-59-129
40262|code|ADD.W           R3, R7, #0xC|7-241-12-3
40266|code|LDR             R0, [R3]; stream|24-104
40268|code|BLX             ftell|254-247-0-237
40272|code|MOV             R3, R0|3-70
40274|code|STR.W           R3, [R7,#0x180+var_14]|199-248-108-49
40278|code|MOV             R3, R7|59-70
40280|code|LDR             R3, [R3]|27-104
40282|code|CMP             R3, #0|0-43
40284|code|BNE             loc_9D76|11-209
40286|code|LDRB.W          R3, [R7,#0x180+var_C8]|151-248-184-48
40290|code|ADD.W           R3, R3, #2|3-241-2-3
40294|code|ADD.W           R2, R7, #0xC|7-241-12-2
40298|code|LDR             R0, [R2]; stream|16-104
40300|code|MOV             R1, R3; off|25-70
40302|code|MOV.W           R2, #0; whence|79-240-0-2
40306|code|BLX             fseek|254-247-86-237
40310|code|BLX             tmpfile|254-247-4-237
40314|code|MOV             R3, R0|3-70
40316|code|STR.W           R3, [R7,#0x180+stream]|199-248-104-49
40320|code|LDR.W           R3, [R7,#0x180+stream]|215-248-104-49
40324|code|CMP             R3, #0|0-43
40326|code|BNE             loc_9D9E|10-209
40328|code|MOV             R3, #aFileTmpfileIOE; "\nFile tmpfile I/O error..Exit"|76-242-20-3-192-242-0-3
40336|code|MOV             R0, R3; format|24-70
40338|code|BLX             printf|254-247-192-236
40342|code|MOV.W           R0, #1; status|79-240-1-0
40346|code|BLX             exit|254-247-24-237
40350|code|ADD.W           R3, R7, #0xC|7-241-12-3
40354|code|LDR             R3, [R3]|27-104
40356|code|STR.W           R3, [R7,#0x180+var_30]|199-248-80-49
40360|code|LDR.W           R3, [R7,#0x180+stream]|215-248-104-49
40364|code|STR.W           R3, [R7,#0x180+var_2C]|199-248-84-49
40368|code|LDRB.W          R3, [R7,#0x180+var_C0+3]|151-248-195-48
40372|code|LDR.W           R2, [R7,#0xC4]|215-248-196-32
40376|code|BIC.W           R2, R2, #0xFF000000|34-240-127-66
40380|code|MOV.W           R2, R2,LSL#8|79-234-2-34
40384|code|ORRS            R3, R2|19-67
40386|code|STR.W           R3, [R7,#0x180+var_28]|199-248-88-49
40390|code|LDRB.W          R3, [R7,#0x180+var_C1]|151-248-191-48
40394|code|LDR.W           R2, [R7,#0x180+var_C0]|215-248-192-32
40398|code|BIC.W           R2, R2, #0xFF000000|34-240-127-66
40402|code|MOV.W           R2, R2,LSL#8|79-234-2-34
40406|code|ORRS            R3, R2|19-67
40408|code|STR.W           R3, [R7,#0x180+var_24]|199-248-92-49
40412|code|MOV.W           R3, #0xD|79-240-13-3
40416|code|STR.W           R3, [R7,#0x180+var_20]|199-248-96-49
40420|code|MOV.W           R3, #5|79-240-5-3
40424|code|STR.W           R3, [R7,#0x180+var_1C]|199-248-100-49
40428|code|MOV             R3, SP|107-70
40430|code|ADD.W           R2, R7, #0x160|7-245-176-114
40434|code|LDM.W           R2, {R0,R1}|146-232-3-0
40438|code|STM.W           R3, {R0,R1}|131-232-3-0
40442|code|ADD.W           R3, R7, #0x150|7-245-168-115
40446|code|LDM             R3, {R0-R3}|15-203
40448|code|BL              sub_B0E4|1-240-112-249
40452|code|MOV             R3, #asc_C034; "\n+------------------------------------"...|76-242-52-3-192-242-0-3
40460|code|MOV             R0, R3; format|24-70
40462|code|BLX             printf|254-247-130-236
40466|code|LDR.W           R0, [R7,#0x180+stream]; stream|215-248-104-1
40470|code|MOV             R1, #0x1E060; off|78-242-96-1-192-242-1-1
40478|code|MOV.W           R2, #0; whence|79-240-0-2
40482|code|BLX             fseek|254-247-254-236
40486|code|ADD.W           R3, R7, #0x18|7-241-24-3
40490|code|ADD.W           R3, R3, #0xFFFFFFFF|3-241-255-51
40494|code|MOV             R0, R3; ptr|24-70
40496|code|MOV.W           R1, #1; size|79-240-1-1
40500|code|MOV.W           R2, #1; n|79-240-1-2
40504|code|LDR.W           R3, [R7,#0x180+stream]; stream|215-248-104-49
40508|code|BLX             fread|254-247-166-236
40512|code|ADD.W           R2, R7, #0x18|7-241-24-2
40516|code|ADD.W           R3, R7, #0x18|7-241-24-3
40520|code|ADD.W           R3, R3, #0xFFFFFFFF|3-241-255-51
40524|code|LDRB            R3, [R3]|27-120
40526|code|MOV             R0, R2; ptr|16-70
40528|code|MOV             R1, R3; size|25-70
40530|code|MOV.W           R2, #1; n|79-240-1-2
40534|code|LDR.W           R3, [R7,#0x180+stream]; stream|215-248-104-49
40538|code|BLX             fread|254-247-152-236
40542|code|MOV             R3, #aS_1; "\n\t%s"|76-242-116-3-192-242-0-3
40550|code|ADD.W           R2, R7, #0x18|7-241-24-2
40554|code|MOV             R0, R3; format|24-70
40556|code|MOV             R1, R2|17-70
40558|code|BLX             printf|254-247-82-236
40562|code|LDR.W           R0, [R7,#0x180+stream]; stream|215-248-104-1
40566|code|MOV             R1, #0x1E090; off|78-242-144-1-192-242-1-1
40574|code|MOV.W           R2, #0; whence|79-240-0-2
40578|code|BLX             fseek|254-247-206-236
40582|code|ADD.W           R3, R7, #0x18|7-241-24-3
40586|code|ADD.W           R3, R3, #0xFFFFFFFF|3-241-255-51
40590|code|MOV             R0, R3; ptr|24-70
40592|code|MOV.W           R1, #1; size|79-240-1-1
40596|code|MOV.W           R2, #1; n|79-240-1-2
40600|code|LDR.W           R3, [R7,#0x180+stream]; stream|215-248-104-49
40604|code|BLX             fread|254-247-118-236
40608|code|ADD.W           R2, R7, #0x18|7-241-24-2
40612|code|ADD.W           R3, R7, #0x18|7-241-24-3
40616|code|ADD.W           R3, R3, #0xFFFFFFFF|3-241-255-51
40620|code|LDRB            R3, [R3]|27-120
40622|code|MOV             R0, R2; ptr|16-70
40624|code|MOV             R1, R3; size|25-70
40626|code|MOV.W           R2, #1; n|79-240-1-2
40630|code|LDR.W           R3, [R7,#0x180+stream]; stream|215-248-104-49
40634|code|BLX             fread|254-247-104-236
40638|code|MOV             R3, #aS_1; "\n\t%s"|76-242-116-3-192-242-0-3
40646|code|ADD.W           R2, R7, #0x18|7-241-24-2
40650|code|MOV             R0, R3; format|24-70
40652|code|MOV             R1, R2|17-70
40654|code|BLX             printf|254-247-34-236
40658|code|LDR.W           R0, [R7,#0x180+stream]; stream|215-248-104-1
40662|code|MOV             R1, #0x1E0C0; off|78-242-192-1-192-242-1-1
40670|code|MOV.W           R2, #0; whence|79-240-0-2
40674|code|BLX             fseek|254-247-158-236
40678|code|ADD.W           R3, R7, #0x18|7-241-24-3
40682|code|ADD.W           R3, R3, #0xFFFFFFFF|3-241-255-51
40686|code|MOV             R0, R3; ptr|24-70
40688|code|MOV.W           R1, #1; size|79-240-1-1
40692|code|MOV.W           R2, #1; n|79-240-1-2
40696|code|LDR.W           R3, [R7,#0x180+stream]; stream|215-248-104-49
40700|code|BLX             fread|254-247-70-236
40704|code|ADD.W           R2, R7, #0x18|7-241-24-2
40708|code|ADD.W           R3, R7, #0x18|7-241-24-3
40712|code|ADD.W           R3, R3, #0xFFFFFFFF|3-241-255-51
40716|code|LDRB            R3, [R3]|27-120
40718|code|MOV             R0, R2; ptr|16-70
40720|code|MOV             R1, R3; size|25-70
40722|code|MOV.W           R2, #1; n|79-240-1-2
40726|code|LDR.W           R3, [R7,#0x180+stream]; stream|215-248-104-49
40730|code|BLX             fread|254-247-56-236
40734|code|MOV             R3, #aS_1; "\n\t%s"|76-242-116-3-192-242-0-3
40742|code|ADD.W           R2, R7, #0x18|7-241-24-2
40746|code|MOV             R0, R3; format|24-70
40748|code|MOV             R1, R2|17-70
40750|code|BLX             printf|254-247-242-235
40754|code|LDR.W           R0, [R7,#0x180+stream]; stream|215-248-104-1
40758|code|MOV             R1, #0x1EC70; off|78-246-112-65-192-242-1-1
40766|code|MOV.W           R2, #0; whence|79-240-0-2
40770|code|BLX             fseek|254-247-110-236
40774|code|ADD.W           R3, R7, #0x18|7-241-24-3
40778|code|ADD.W           R3, R3, #0xFFFFFFFF|3-241-255-51
40782|code|MOV             R0, R3; ptr|24-70
40784|code|MOV.W           R1, #1; size|79-240-1-1
40788|code|MOV.W           R2, #1; n|79-240-1-2
40792|code|LDR.W           R3, [R7,#0x180+stream]; stream|215-248-104-49
40796|code|BLX             fread|254-247-22-236
40800|code|ADD.W           R2, R7, #0x18|7-241-24-2
40804|code|ADD.W           R3, R7, #0x18|7-241-24-3
40808|code|ADD.W           R3, R3, #0xFFFFFFFF|3-241-255-51
40812|code|LDRB            R3, [R3]|27-120
40814|code|MOV             R0, R2; ptr|16-70
40816|code|MOV             R1, R3; size|25-70
40818|code|MOV.W           R2, #1; n|79-240-1-2
40822|code|LDR.W           R3, [R7,#0x180+stream]; stream|215-248-104-49
40826|code|BLX             fread|254-247-8-236
40830|code|MOV             R3, #aS_1; "\n\t%s"|76-242-116-3-192-242-0-3
40838|code|ADD.W           R2, R7, #0x18|7-241-24-2
40842|code|MOV             R0, R3; format|24-70
40844|code|MOV             R1, R2|17-70
40846|code|BLX             printf|254-247-194-235
40850|code|MOV             R3, #asc_C034; "\n+------------------------------------"...|76-242-52-3-192-242-0-3
40858|code|MOV             R0, R3; format|24-70
40860|code|BLX             printf|254-247-186-235
40864|code|LDR.W           R0, [R7,#0x180+stream]; stream|215-248-104-1
40868|code|BLX             fclose|254-247-42-236
40872|code|LDR.W           R3, [R7,#0x180+var_14]|215-248-108-49
40876|code|ADD.W           R2, R7, #0xC|7-241-12-2
40880|code|LDR             R0, [R2]; stream|16-104
40882|code|MOV             R1, R3; off|25-70
40884|code|MOV.W           R2, #0; whence|79-240-0-2
40888|code|BLX             fseek|254-247-50-236
40892|code|NOP|0-191
40894|code|LDRB.W          R3, [R7,#0x180+arg_0]; jumptable 000098B4 default case, cases 2-15,17-31|151-248-152-49
40898|code|CMP             R3, #0|0-43
40900|code|BNE             loc_9FF2|21-209
40902|code|LDRB.W          R3, [R7,#0x180+var_B9]|151-248-199-48
40906|code|LDR.W           R2, [R7,#0x180+var_B8]|215-248-200-32
40910|code|BIC.W           R2, R2, #0xFF000000|34-240-127-66
40914|code|MOV.W           R2, R2,LSL#8|79-234-2-34
40918|code|ORRS            R3, R2|19-67
40920|code|CMP.W           R3, #0x50000000|179-241-160-79
40924|code|BNE             loc_9FF2|9-209
40926|code|LDRB.W          R3, [R7,#0x180+var_1]|151-248-127-49
40930|code|CMP             R3, #1|1-43
40932|code|BNE             loc_9FF2|5-209
40934|code|LDR.W           R3, [R7,#0x180+off]|215-248-120-49
40938|code|ADD.W           R3, R3, #2|3-241-2-3
40942|code|STR.W           R3, [R7,#0x180+off]|199-248-120-49
40946|code|LDRB.W          R3, [R7,#0x180+var_C1]|151-248-191-48
40950|code|LDR.W           R2, [R7,#0x180+var_C0]|215-248-192-32
40954|code|BIC.W           R2, R2, #0xFF000000|34-240-127-66
40958|code|MOV.W           R2, R2,LSL#8|79-234-2-34
40962|code|ORRS            R3, R2|19-67
40964|code|MOV             R2, R3|26-70
40966|code|LDRB.W          R3, [R7,#0x180+var_C8]|151-248-184-48
40970|code|ADDS            R2, R2, R3|210-24
40972|code|LDR.W           R3, [R7,#0x180+off]|215-248-120-49
40976|code|ADDS            R3, R2, R3|211-24
40978|code|ADD.W           R3, R3, #2|3-241-2-3
40982|code|STR.W           R3, [R7,#0x180+off]|199-248-120-49
40986|code|ADD.W           R3, R7, #4|7-241-4-3
40990|code|LDR.W           R2, [R7,#0x180+off]|215-248-120-33
40994|code|LDR             R3, [R3]|27-104
40996|code|CMP             R2, R3|154-66
40998|code|BCC.W           loc_97DA|255-244-216-171
41002|code|B               loc_A02E|0-224
41004|code|NOP|0-191
41006|code|LDRB.W          R3, [R7,#0x180+var_1]|151-248-127-49
41010|code|MOV             R0, R3|24-70
41012|code|ADD.W           R7, R7, #0x180|7-245-192-119
41016|code|MOV             SP, R7|189-70
41018|code|POP.W           {R4-R8,PC}|189-232-240-129
41022|data|ALIGN 0x10|0-191
41024|code|PUSH.W          {R4-R8,LR}|45-233-240-65
41028|code|SUB             SP, SP, #0x178|222-176
41030|code|ADD             R7, SP, #8|2-175
41032|code|ADD.W           R4, R7, #0xC|7-241-12-4
41036|code|STR             R0, [R4]|32-96
41038|code|ADD.W           R0, R7, #8|7-241-8-0
41042|code|STR             R1, [R0]|1-96
41044|code|MOV             R1, R7|57-70
41046|code|STR             R3, [R1]|11-96
41048|code|ADD.W           R3, R7, #8|7-241-8-3
41052|code|ADD.W           R3, R3, #0xFFFFFFFF|3-241-255-51
41056|code|STRB            R2, [R3]|26-112
41058|code|MOV.W           R3, #0|79-240-0-3
41062|code|STR.W           R3, [R7,#0x170+off]|199-248-108-49
41066|code|MOV.W           R3, #0|79-240-0-3
41070|code|STR.W           R3, [R7,#0x170+var_14]|199-248-92-49
41074|code|MOV.W           R3, #0|79-240-0-3
41078|code|STR.W           R3, [R7,#0x170+var_C]|199-248-100-49
41082|code|MOV             R2, #0xBF20|75-246-32-114-192-242-0-2
41090|code|ADD.W           R3, R7, #0xA8|7-241-168-3
41094|code|LDM.W           R2, {R0,R1}; "-lh5-"|146-232-3-0
41098|code|STR             R0, [R3]|24-96
41100|code|ADD.W           R3, R3, #4|3-241-4-3
41104|code|STRH            R1, [R3]|25-128
41106|code|MOV.W           R3, #0xFFFFFFFF|79-240-255-51
41110|code|STR.W           R3, [R7,#0x170+var_18]|199-248-88-49
41114|code|MOV.W           R3, #0|79-240-0-3
41118|code|STRB.W          R3, [R7,#0x170+var_D]|135-248-99-49
41122|code|ADD.W           R3, R7, #8|7-241-8-3
41126|code|ADD.W           R3, R3, #0xFFFFFFFF|3-241-255-51
41130|code|LDRB            R3, [R3]|27-120
41132|code|CMP             R3, #0x40 ; '@'|64-43
41134|code|BEQ             loc_A0CA|12-208
41136|code|CMP             R3, #0x41 ; 'A'|65-43
41138|code|BNE             loc_A0E0|21-209
41140|code|MOV.W           R0, #0xA; c|79-240-10-0
41144|code|BLX             putchar|254-247-154-235
41148|code|MOV             R0, #asc_C07C; s|76-242-124-0-192-242-0-0
41156|code|BLX             puts|254-247-104-235
41160|code|B               loc_A0E0|10-224
41162|code|MOV.W           R0, #0xA; c|79-240-10-0
41166|code|BLX             putchar|254-247-144-235
41170|code|MOV             R0, #asc_BE14; s|75-246-20-96-192-242-0-0
41178|code|BLX             puts|254-247-94-235
41182|code|NOP|0-191
41184|code|ADD.W           R3, R7, #0xC|7-241-12-3
41188|code|LDR             R0, [R3]; stream|24-104
41190|code|MOV.W           R1, #0; off|79-240-0-1
41194|code|MOV.W           R2, #2; whence|79-240-2-2
41198|code|BLX             fseek|254-247-152-235
41202|code|ADD.W           R3, R7, #0xC|7-241-12-3
41206|code|LDR             R0, [R3]; stream|24-104
41208|code|BLX             ftell|254-247-42-235
41212|code|MOV             R3, R0|3-70
41214|code|STR.W           R3, [R7,#0x170+var_18]|199-248-88-49
41218|code|ADD.W           R3, R7, #0xC|7-241-12-3
41222|code|LDR             R0, [R3]; stream|24-104
41224|code|BLX             rewind|254-247-46-235
41228|code|B               loc_A49A|197-225
41230|code|LDR.W           R3, [R7,#0x170+off]|215-248-108-49
41234|code|ADD.W           R2, R7, #0xC|7-241-12-2
41238|code|LDR             R0, [R2]; stream|16-104
41240|code|MOV             R1, R3; off|25-70
41242|code|MOV.W           R2, #0; whence|79-240-0-2
41246|code|BLX             fseek|254-247-128-235
41250|code|ADD.W           R3, R7, #8|7-241-8-3
41254|code|LDR             R2, [R3]|26-104
41256|code|ADD.W           R3, R7, #0xC|7-241-12-3
41260|code|MOV             R0, R2; ptr|16-70
41262|code|MOV.W           R1, #1; size|79-240-1-1
41266|code|MOV.W           R2, #0x8000; n|79-244-0-66
41270|code|LDR             R3, [R3]; stream|27-104
41272|code|BLX             fread|254-247-40-235
41276|code|MOV             R3, R0|3-70
41278|code|STR.W           R3, [R7,#0x170+var_14]|199-248-92-49
41282|code|LDR.W           R2, [R7,#0x170+var_C]|215-248-100-33
41286|code|LDR.W           R3, [R7,#0x170+var_14]|215-248-92-49
41290|code|ADDS            R3, R2, R3|211-24
41292|code|STR.W           R3, [R7,#0x170+var_C]|199-248-100-49
41296|code|LDR.W           R3, [R7,#0x170+var_14]|215-248-92-49
41300|code|CMP.W           R3, #0x8000|179-245-0-79
41304|code|BEQ             loc_A18E|25-208
41306|code|LDR.W           R3, [R7,#0x170+var_14]|215-248-92-49
41310|code|STR.W           R3, [R7,#0x170+var_8]|199-248-104-49
41314|code|B               loc_A182|14-224
41316|code|ADD.W           R3, R7, #8|7-241-8-3
41320|code|LDR             R2, [R3]|26-104
41322|code|LDR.W           R3, [R7,#0x170+var_8]|215-248-104-49
41326|code|ADDS            R3, R2, R3|211-24
41328|code|MOV.W           R2, #0xFF|79-240-255-2
41332|code|STRB            R2, [R3]|26-112
41334|code|LDR.W           R3, [R7,#0x170+var_8]|215-248-104-49
41338|code|ADD.W           R3, R3, #1|3-241-1-3
41342|code|STR.W           R3, [R7,#0x170+var_8]|199-248-104-49
41346|code|LDR.W           R2, [R7,#0x170+var_8]|215-248-104-33
41350|code|MOVW            R3, #0x7FFF|71-246-255-115
41354|code|CMP             R2, R3|154-66
41356|code|BLS             loc_A164|234-217
41358|code|LDR.W           R3, [R7,#0x170+var_14]|215-248-92-49
41362|code|CMP             R3, #0x7F|127-43
41364|code|BLS.W           loc_A4BC|64-242-146-129
41368|code|ADD.W           R1, R7, #0xC|7-241-12-1
41372|code|ADD.W           R2, R7, #8|7-241-8-2
41376|code|ADD.W           R3, R7, #0xA8|7-241-168-3
41380|code|LDR             R0, [R1]|8-104
41382|code|LDR             R1, [R2]|17-104
41384|code|MOV             R2, R3|26-70
41386|code|LDR.W           R3, [R7,#0x170+var_14]|215-248-92-49
41390|code|BL              sub_9694|255-247-113-250
41394|code|MOV             R3, R0|3-70
41396|code|STR.W           R3, [R7,#0x170+off]|199-248-108-49
41400|code|LDR.W           R3, [R7,#0x170+off]|215-248-108-49
41404|code|CMP             R3, #0|0-43
41406|code|BEQ.W           loc_A48A|0-240-100-129
41410|code|LDR.W           R3, [R7,#0x170+off]|215-248-108-49
41414|code|SUB.W           R3, R3, #2|163-241-2-3
41418|code|ADD.W           R2, R7, #0xC|7-241-12-2
41422|code|LDR             R0, [R2]; stream|16-104
41424|code|MOV             R1, R3; off|25-70
41426|code|MOV.W           R2, #0; whence|79-240-0-2
41430|code|BLX             fseek|254-247-36-235
41434|code|LDRB.W          R3, [R7,#0x170+var_D]|151-248-99-49
41438|code|ADD.W           R3, R3, #1|3-241-1-3
41442|code|STRB.W          R3, [R7,#0x170+var_D]|135-248-99-49
41446|code|ADD.W           R2, R7, #0x10|7-241-16-2
41450|code|ADD.W           R3, R7, #0xC|7-241-12-3
41454|code|MOV             R0, R2; ptr|16-70
41456|code|MOV.W           R1, #1; size|79-240-1-1
41460|code|MOV.W           R2, #0x96; n|79-240-150-2
41464|code|LDR             R3, [R3]; stream|27-104
41466|code|BLX             fread|254-247-200-234
41470|code|ADD.W           R3, R7, #0x10|7-241-16-3
41474|code|LDRB            R3, [R3,#0x15]|91-125
41476|code|ADD.W           R2, R7, #0x10|7-241-16-2
41480|code|ADDS            R3, R2, R3|211-24
41482|code|MOV.W           R2, #0|79-240-0-2
41486|code|STRB            R2, [R3,#0x16]|154-117
41488|code|ADD.W           R3, R7, #8|7-241-8-3
41492|code|ADD.W           R3, R3, #0xFFFFFFFF|3-241-255-51
41496|code|LDRB            R3, [R3]|27-120
41498|code|CMP             R3, #0x40 ; '@'|64-43
41500|code|BEQ             loc_A2C4|82-208
41502|code|CMP             R3, #0x41 ; 'A'|65-43
41504|code|BNE.W           loc_A46C|64-240-36-129
41508|code|MOV             R4, #0xBF28|75-246-40-116-192-242-0-4
41516|code|LDRB.W          R5, [R7,#0x170+var_D]|151-248-99-81
41520|code|ADD.W           R3, R7, #0x10|7-241-16-3
41524|code|LDRB            R2, [R3,#0xF]|218-123
41526|code|LDR             R3, [R3,#0x10]|27-105
41528|code|BIC.W           R3, R3, #0xFF000000|35-240-127-67
41532|code|MOV.W           R3, R3,LSL#8|79-234-3-35
41536|code|ORRS            R3, R2|19-67
41538|code|MOV.W           R3, R3,LSR#16|79-234-19-67
41542|code|UXTH            R3, R3|155-178
41544|code|MOV             R0, R3|24-70
41546|code|BL              sub_90C0|254-247-57-255
41550|code|MOV             R3, R0|3-70
41552|code|ADD.W           R2, R7, #0x10|7-241-16-2
41556|code|ADD.W           R2, R2, #0x16|2-241-22-2
41560|code|MOV             R0, R4; format|32-70
41562|code|MOV             R1, R5|41-70
41564|code|BLX             printf|254-247-90-234
41568|code|MOV             R4, #0xBF48|75-246-72-116-192-242-0-4
41576|code|LDR.W           R3, [R7,#0x170+off]|215-248-108-49
41580|code|SUB.W           R5, R3, #2|163-241-2-5
41584|code|ADD.W           R3, R7, #0x10|7-241-16-3
41588|code|LDRB            R2, [R3,#7]|218-121
41590|code|LDR             R3, [R3,#8]|155-104
41592|code|BIC.W           R3, R3, #0xFF000000|35-240-127-67
41596|code|MOV.W           R3, R3,LSL#8|79-234-3-35
41600|code|ORRS            R3, R2|19-67
41602|code|MOV.W           R2, #0x64 ; 'd'|79-240-100-2
41606|code|MUL.W           R2, R2, R3|2-251-3-242
41610|code|ADD.W           R3, R7, #0x10|7-241-16-3
41614|code|LDRB            R1, [R3,#0xB]|217-122
41616|code|LDR             R3, [R3,#0xC]|219-104
41618|code|BIC.W           R3, R3, #0xFF000000|35-240-127-67
41622|code|MOV.W           R3, R3,LSL#8|79-234-3-35
41626|code|ORRS            R3, R1|11-67
41628|code|MOV             R0, R2|16-70
41630|code|MOV             R1, R3|25-70
41632|code|BL              sub_B400|1-240-174-248
41636|code|MOV             R3, R0|3-70
41638|code|MOV             R2, R3|26-70
41640|code|ADD.W           R3, R7, #0x10|7-241-16-3
41644|code|LDRB            R1, [R3,#0xF]|217-123
41646|code|LDR             R3, [R3,#0x10]|27-105
41648|code|BIC.W           R3, R3, #0xFF000000|35-240-127-67
41652|code|MOV.W           R3, R3,LSL#8|79-234-3-35
41656|code|ORRS            R3, R1|11-67
41658|code|MOV             R0, R4; format|32-70
41660|code|MOV             R1, R5|41-70
41662|code|BLX             printf|254-247-42-234
41666|code|B               loc_A46C|211-224
41668|code|MOV             R3, #a22i2424s; "\n  %2.2i (%24.24s): "|75-246-96-115-192-242-0-3
41676|code|LDRB.W          R1, [R7,#0x170+var_D]|151-248-99-17
41680|code|ADD.W           R2, R7, #0x10|7-241-16-2
41684|code|ADD.W           R2, R2, #0x16|2-241-22-2
41688|code|MOV             R0, R3; format|24-70
41690|code|BLX             printf|254-247-28-234
41694|code|MOV             R4, #0xBF78|75-246-120-116-192-242-0-4
41702|code|ADD.W           R3, R7, #0x10|7-241-16-3
41706|code|LDRB            R2, [R3,#7]|218-121
41708|code|LDR             R3, [R3,#8]|155-104
41710|code|BIC.W           R3, R3, #0xFF000000|35-240-127-67
41714|code|MOV.W           R3, R3,LSL#8|79-234-3-35
41718|code|ORRS            R3, R2|19-67
41720|code|MOV             R8, R3|152-70
41722|code|ADD.W           R3, R7, #0x10|7-241-16-3
41726|code|LDRB            R2, [R3,#0xB]|218-122
41728|code|LDR             R3, [R3,#0xC]|219-104
41730|code|BIC.W           R3, R3, #0xFF000000|35-240-127-67
41734|code|MOV.W           R3, R3,LSL#8|79-234-3-35
41738|code|ORRS            R3, R2|19-67
41740|code|MOV             R6, R3|30-70
41742|code|ADD.W           R3, R7, #0x10|7-241-16-3
41746|code|LDRB            R2, [R3,#7]|218-121
41748|code|LDR             R3, [R3,#8]|155-104
41750|code|BIC.W           R3, R3, #0xFF000000|35-240-127-67
41754|code|MOV.W           R3, R3,LSL#8|79-234-3-35
41758|code|ORRS            R3, R2|19-67
41760|code|MOV.W           R2, #0x64 ; 'd'|79-240-100-2
41764|code|MUL.W           R2, R2, R3|2-251-3-242
41768|code|ADD.W           R3, R7, #0x10|7-241-16-3
41772|code|LDRB            R1, [R3,#0xB]|217-122
41774|code|LDR             R3, [R3,#0xC]|219-104
41776|code|BIC.W           R3, R3, #0xFF000000|35-240-127-67
41780|code|MOV.W           R3, R3,LSL#8|79-234-3-35
41784|code|ORRS            R3, R1|11-67
41786|code|MOV             R0, R2|16-70
41788|code|MOV             R1, R3|25-70
41790|code|BL              sub_B400|1-240-95-248
41794|code|MOV             R3, R0|3-70
41796|code|MOV             R5, R3|29-70
41798|code|ADD.W           R3, R7, #0x10|7-241-16-3
41802|code|LDRB            R2, [R3,#0xF]|218-123
41804|code|LDR             R3, [R3,#0x10]|27-105
41806|code|BIC.W           R3, R3, #0xFF000000|35-240-127-67
41810|code|MOV.W           R3, R3,LSL#8|79-234-3-35
41814|code|ORRS            R3, R2|19-67
41816|code|STR             R3, [SP,#0x178+var_178]|0-147
41818|code|MOV             R0, R4; format|32-70
41820|code|MOV             R1, R8|65-70
41822|code|MOV             R2, R6|50-70
41824|code|MOV             R3, R5|43-70
41826|code|BLX             printf|254-247-216-233
41830|code|ADD.W           R1, R7, #0xB0|7-241-176-1
41834|code|ADD.W           R3, R7, #0x10|7-241-16-3
41838|code|ADD.W           R2, R3, #0x16|3-241-22-2
41842|code|ADD.W           R3, R7, #0x10|7-241-16-3
41846|code|LDRB            R3, [R3,#0x15]|91-125
41848|code|MOV             R0, R1; dest|8-70
41850|code|MOV             R1, R2; src|17-70
41852|code|MOV             R2, R3; n|26-70
41854|code|BLX             memcpy|254-247-220-233
41858|code|ADD.W           R3, R7, #0x10|7-241-16-3
41862|code|LDRB            R3, [R3,#0x15]|91-125
41864|code|ADD.W           R2, R7, #0x170|7-245-184-114
41868|code|ADDS            R3, R2, R3|211-24
41870|code|MOV.W           R2, #0|79-240-0-2
41874|code|STRB.W          R2, [R3,#-0xC0]|3-248-192-44
41878|code|ADD.W           R2, R7, #0xB0|7-241-176-2
41882|code|MOV             R3, #aWb; "wb"|75-246-156-115-192-242-0-3
41890|code|MOV             R0, R2; filename|16-70
41892|code|MOV             R1, R3; modes|25-70
41894|code|BLX             fopen|254-247-188-233
41898|code|MOV             R3, R0|3-70
41900|code|STR.W           R3, [R7,#0x170+stream]|199-248-84-49
41904|code|LDR.W           R3, [R7,#0x170+stream]|215-248-84-49
41908|code|CMP             R3, #0|0-43
41910|code|BNE             loc_A3D4|13-209
41912|code|MOV             R3, #aFileSIOErrorEx; "\nFile %s I/O error..Exit"|75-246-160-115-192-242-0-3
41920|code|ADD.W           R2, R7, #8|7-241-8-2
41924|code|MOV             R0, R3; format|24-70
41926|code|LDR             R1, [R2]|17-104
41928|code|BLX             printf|254-247-164-233
41932|code|MOV.W           R0, #1; status|79-240-1-0
41936|code|BLX             exit|254-247-252-233
41940|code|ADD.W           R3, R7, #0xC|7-241-12-3
41944|code|LDR             R3, [R3]|27-104
41946|code|STR.W           R3, [R7,#0x170+var_34]|199-248-60-49
41950|code|LDR.W           R3, [R7,#0x170+stream]|215-248-84-49
41954|code|STR.W           R3, [R7,#0x170+var_30]|199-248-64-49
41958|code|ADD.W           R3, R7, #0x10|7-241-16-3
41962|code|LDRB            R2, [R3,#0xB]|218-122
41964|code|LDR             R3, [R3,#0xC]|219-104
41966|code|BIC.W           R3, R3, #0xFF000000|35-240-127-67
41970|code|MOV.W           R3, R3,LSL#8|79-234-3-35
41974|code|ORRS            R3, R2|19-67
41976|code|STR.W           R3, [R7,#0x170+var_2C]|199-248-68-49
41980|code|ADD.W           R3, R7, #0x10|7-241-16-3
41984|code|LDRB            R2, [R3,#7]|218-121
41986|code|LDR             R3, [R3,#8]|155-104
41988|code|BIC.W           R3, R3, #0xFF000000|35-240-127-67
41992|code|MOV.W           R3, R3,LSL#8|79-234-3-35
41996|code|ORRS            R3, R2|19-67
41998|code|STR.W           R3, [R7,#0x170+var_28]|199-248-72-49
42002|code|MOV.W           R3, #0xD|79-240-13-3
42006|code|STR.W           R3, [R7,#0x170+var_24]|199-248-76-49
42010|code|MOV.W           R3, #5|79-240-5-3
42014|code|STR.W           R3, [R7,#0x170+var_20]|199-248-80-49
42018|code|ADD.W           R3, R7, #0x10|7-241-16-3
42022|code|LDRB            R3, [R3]|27-120
42024|code|SUB.W           R3, R3, #0x94|163-241-148-3
42028|code|ADD.W           R2, R7, #0xC|7-241-12-2
42032|code|LDR             R0, [R2]; stream|16-104
42034|code|MOV             R1, R3; off|25-70
42036|code|MOV.W           R2, #1; whence|79-240-1-2
42040|code|BLX             fseek|254-247-242-233
42044|code|MOV             R3, SP|107-70
42046|code|ADD.W           R2, R7, #0x14C|7-245-166-114
42050|code|LDM.W           R2, {R0,R1}|146-232-3-0
42054|code|STM.W           R3, {R0,R1}|131-232-3-0
42058|code|ADD.W           R3, R7, #0x13C|7-245-158-115
42062|code|LDM             R3, {R0-R3}|15-203
42064|code|BL              sub_B0E4|0-240-72-254
42068|code|LDR.W           R0, [R7,#0x170+stream]; stream|215-248-84-1
42072|code|BLX             fclose|254-247-208-233
42076|code|MOV             R3, #aOk; " ... Ok"|75-246-188-115-192-242-0-3
42084|code|MOV             R0, R3; format|24-70
42086|code|BLX             printf|254-247-86-233
42090|code|NOP|0-191
42092|code|ADD.W           R3, R7, #0x10|7-241-16-3
42096|code|LDRB            R2, [R3,#7]|218-121
42098|code|LDR             R3, [R3,#8]|155-104
42100|code|BIC.W           R3, R3, #0xFF000000|35-240-127-67
42104|code|MOV.W           R3, R3,LSL#8|79-234-3-35
42108|code|ORRS            R3, R2|19-67
42110|code|LDR.W           R2, [R7,#0x170+off]|215-248-108-33
42114|code|ADDS            R3, R2, R3|211-24
42116|code|STR.W           R3, [R7,#0x170+off]|199-248-108-49
42120|code|B               loc_A49A|7-224
42122|code|ADD.W           R3, R7, #0xC|7-241-12-3
42126|code|LDR             R0, [R3]; stream|24-104
42128|code|BLX             ftell|254-247-94-233
42132|code|MOV             R3, R0|3-70
42134|code|STR.W           R3, [R7,#0x170+off]|199-248-108-49
42138|code|ADD.W           R3, R7, #0xC|7-241-12-3
42142|code|LDR             R0, [R3]; stream|24-104
42144|code|BLX             feof|254-247-154-233
42148|code|MOV             R3, R0|3-70
42150|code|CMP             R3, #0|0-43
42152|code|BEQ.W           loc_A10E|63-244-49-174
42156|code|MOV             R3, R7|59-70
42158|code|LDR.W           R2, [R7,#0x170+off]|215-248-108-33
42162|code|LDR             R3, [R3]|27-104
42164|code|CMP             R2, R3|154-66
42166|code|BHI.W           loc_A10E|63-246-42-174
42170|code|B               loc_A4BE|0-224
42172|code|NOP|0-191
42174|code|LDRB.W          R3, [R7,#0x170+var_D]|151-248-99-49
42178|code|MOV             R0, R3|24-70
42180|code|ADD.W           R7, R7, #0x170|7-245-184-119
42184|code|MOV             SP, R7|189-70
42186|code|POP.W           {R4-R8,PC}|189-232-240-129
42190|data|ALIGN 0x10|0-191
42192|code|PUSH            {R4,R7,LR}|144-181
42194|code|SUB             SP, SP, #0xC|131-176
42196|code|ADD             R7, SP, #0|0-175
42198|code|MOV             R3, #0x144AE|68-242-174-67-192-242-1-3
42206|code|LDRH            R2, [R3]|26-136
42208|code|MOV             R3, #0x144B0|68-242-176-67-192-242-1-3
42216|code|LDRH            R3, [R3]|27-136
42218|code|SXTH            R2, R2|18-178
42220|code|SXTH            R3, R3|27-178
42222|code|CMP             R2, R3|154-66
42224|code|BNE.W           loc_A648|64-240-170-128
42228|code|B               loc_A5CE|107-224
42230|code|MOV             R3, #0x144C0|68-242-192-67-192-242-1-3
42238|code|LDR             R2, [R3]|26-104
42240|code|MOV             R3, #0x144A8|68-242-168-67-192-242-1-3
42248|code|LDRH            R3, [R3]|27-136
42250|code|SXTH            R3, R3|27-178
42252|code|ADDS            R3, R2, R3|211-24
42254|code|LDRB            R3, [R3]|27-120
42256|code|MOV             R2, R3|26-70
42258|code|MOV             R3, #0x144AE|68-242-174-67-192-242-1-3
42266|code|LDRH            R3, [R3]|27-136
42268|code|SXTH            R3, R3|27-178
42270|code|CMP             R2, R3|154-66
42272|code|BNE             loc_A5CE|85-209
42274|code|MOV             R3, #0x144B6|68-242-182-67-192-242-1-3
42282|code|LDRH            R3, [R3]|27-136
42284|code|STRH            R3, [R7,#0xC+var_6]|251-128
42286|code|MOV             R3, #0x144B6|68-242-182-67-192-242-1-3
42294|code|LDRH            R2, [R3]|26-136
42296|code|MOV             R3, #0x144B8|68-242-184-67-192-242-1-3
42304|code|LDRH            R3, [R3]|27-136
42306|code|ADDS            R3, R2, R3|211-24
42308|code|UXTH            R2, R3|154-178
42310|code|MOV             R3, #0x144B6|68-242-182-67-192-242-1-3
42318|code|STRH            R2, [R3]|26-128
42320|code|MOV             R3, #0x144B6|68-242-182-67-192-242-1-3
42328|code|LDRH            R3, [R3]|27-136
42330|code|MOV             R2, R3|26-70
42332|code|MOV             R3, #0x144AC|68-242-172-67-192-242-1-3
42340|code|LDRH            R3, [R3]|27-136
42342|code|SXTH            R3, R3|27-178
42344|code|CMP             R2, R3|154-66
42346|code|BLE             loc_A5AE|32-221
42348|code|MOV             R3, #aBadTable; "\nBad Table!"|76-242-16-35-192-242-0-3
42356|code|MOV             R0, R3; format|24-70
42358|code|BLX             printf|254-247-206-232
42362|code|MOV.W           R0, #1; status|79-240-1-0
42366|code|BLX             exit|254-247-38-233
42370|code|MOV             R3, #0x144BC|68-242-188-67-192-242-1-3
42378|code|LDR             R2, [R3]|26-104
42380|code|LDRSH.W         R3, [R7,#0xC+var_6]|183-249-6-48
42384|code|MOV.W           R3, R3,LSL#1|79-234-67-3
42388|code|ADDS            R2, R2, R3|210-24
42390|code|MOV             R3, #0x144A8|68-242-168-67-192-242-1-3
42398|code|LDRH            R3, [R3]|27-136
42400|code|UXTH            R3, R3|155-178
42402|code|STRH            R3, [R2]|19-128
42404|code|LDRH            R3, [R7,#0xC+var_6]|251-136
42406|code|ADD.W           R3, R3, #1|3-241-1-3
42410|code|STRH            R3, [R7,#0xC+var_6]|251-128
42412|code|B               loc_A5B0|0-224
42414|code|NOP|0-191
42416|code|LDRSH.W         R2, [R7,#0xC+var_6]|183-249-6-32
42420|code|MOV             R3, #0x144B6|68-242-182-67-192-242-1-3
42428|code|LDRH            R3, [R3]|27-136
42430|code|CMP             R2, R3|154-66
42432|code|BLT             loc_A582|223-219
42434|code|MOV             R3, #0x144A8|68-242-168-67-192-242-1-3
42442|code|LDRH            R3, [R3]|27-136
42444|code|B               loc_A7D4|2-225
42446|code|MOV             R3, #0x144A8|68-242-168-67-192-242-1-3
42454|code|LDRH            R3, [R3]|27-136
42456|code|ADD.W           R3, R3, #1|3-241-1-3
42460|code|UXTH            R2, R3|154-178
42462|code|MOV             R3, #0x144A8|68-242-168-67-192-242-1-3
42470|code|STRH            R2, [R3]|26-128
42472|code|MOV             R3, #0x144A8|68-242-168-67-192-242-1-3
42480|code|LDRH            R2, [R3]|26-136
42482|code|MOV             R3, #0x144AA|68-242-170-67-192-242-1-3
42490|code|LDRH            R3, [R3]|27-136
42492|code|SXTH            R2, R2|18-178
42494|code|SXTH            R3, R3|27-178
42496|code|CMP             R2, R3|154-66
42498|code|BLT.W           loc_A4F6|255-246-120-175
42502|code|MOV             R3, #0x144A8|68-242-168-67-192-242-1-3
42510|code|MOVW            R2, #0xFFFF|79-246-255-114
42514|code|STRH            R2, [R3]|26-128
42516|code|MOV             R3, #0x144AE|68-242-174-67-192-242-1-3
42524|code|LDRH            R3, [R3]|27-136
42526|code|ADD.W           R3, R3, #1|3-241-1-3
42530|code|UXTH            R2, R3|154-178
42532|code|MOV             R3, #0x144AE|68-242-174-67-192-242-1-3
42540|code|STRH            R2, [R3]|26-128
42542|code|MOV             R3, #0x144B8|68-242-184-67-192-242-1-3
42550|code|LDRH            R3, [R3]|27-136
42552|code|MOV.W           R3, R3,LSR#1|79-234-83-3
42556|code|UXTH            R2, R3|154-178
42558|code|MOV             R3, #0x144B8|68-242-184-67-192-242-1-3
42566|code|STRH            R2, [R3]|26-128
42568|code|MOV             R3, #0x144B0|68-242-176-67-192-242-1-3
42576|code|LDRH            R3, [R3]|27-136
42578|code|ADD.W           R3, R3, #1|3-241-1-3
42582|code|UXTH            R2, R3|154-178
42584|code|MOV             R3, #0x144B0|68-242-176-67-192-242-1-3
42592|code|STRH            R2, [R3]|26-128
42594|code|MOV             R3, #0x144B0|68-242-176-67-192-242-1-3
42602|code|LDRH            R2, [R3]|26-136
42604|code|MOV             R3, #0x144B2|68-242-178-67-192-242-1-3
42612|code|LDRH            R3, [R3]|27-136
42614|code|SXTH            R2, R2|18-178
42616|code|SXTH            R3, R3|27-178
42618|code|CMP             R2, R3|154-66
42620|code|BGE             loc_A688|4-218
42622|code|BL              sub_A4D0|255-247-39-255
42626|code|BL              sub_A4D0|255-247-37-255
42630|code|B               loc_A7B8|151-224
42632|code|MOV             R3, #0x144B0|68-242-176-67-192-242-1-3
42640|code|LDRH            R3, [R3]|27-136
42642|code|SXTH            R3, R3|27-178
42644|code|CMP             R3, #0x10|16-43
42646|code|BLE             loc_A6AE|10-221
42648|code|MOV             R3, #aBadTable2; "\nBad Table [2]"|76-242-28-35-192-242-0-3
42656|code|MOV             R0, R3; format|24-70
42658|code|BLX             printf|254-247-56-232
42662|code|MOV.W           R0, #1; status|79-240-1-0
42666|code|BLX             exit|254-247-144-232
42670|code|MOV             R3, #0x144B4|68-242-180-67-192-242-1-3
42678|code|LDRH            R2, [R3]|26-136
42680|code|MOV             R3, R2|19-70
42682|code|STRH            R3, [R7,#0xC+var_6]|251-128
42684|code|LDRSH.W         R1, [R7,#0xC+var_6]|183-249-6-16
42688|code|MOV             R3, #0x144AA|68-242-170-67-192-242-1-3
42696|code|LDRH            R3, [R3]|27-136
42698|code|SXTH            R3, R3|27-178
42700|code|MOV.W           R3, R3,LSL#1|79-234-67-3
42704|code|ADD.W           R3, R3, #0xFFFFFFFF|3-241-255-51
42708|code|CMP             R1, R3|153-66
42710|code|ITE LT|180-191
42712|code|MOVLT           R3, #0|0-35
42714|code|MOVGE           R3, #1|1-35
42716|code|UXTB            R1, R3|217-178
42718|code|MOV             R3, R2|19-70
42720|code|ADD.W           R3, R3, #1|3-241-1-3
42724|code|UXTH            R2, R3|154-178
42726|code|MOV             R3, #0x144B4|68-242-180-67-192-242-1-3
42734|code|STRH            R2, [R3]|26-128
42736|code|CMP             R1, #0|0-41
42738|code|BEQ             loc_A70A|10-208
42740|code|MOV             R3, #aBadTable3; "\nBad Table [3]"|76-242-44-35-192-242-0-3
42748|code|MOV             R0, R3; format|24-70
42750|code|BLX             printf|254-247-10-232
42754|code|MOV.W           R0, #1; status|79-240-1-0
42758|code|BLX             exit|254-247-98-232
42762|code|LDRSH.W         R4, [R7,#0xC+var_6]|183-249-6-64
42766|code|BL              sub_A4D0|255-247-223-254
42770|code|MOV             R3, R0|3-70
42772|code|UXTH            R2, R3|154-178
42774|code|MOV             R3, #0x144DC|68-242-220-67-192-242-1-3
42782|code|STRH.W          R2, [R3,R4,LSL#1]|35-248-20-32
42786|code|LDRSH.W         R4, [R7,#0xC+var_6]|183-249-6-64
42790|code|BL              sub_A4D0|255-247-211-254
42794|code|MOV             R3, R0|3-70
42796|code|UXTH            R2, R3|154-178
42798|code|MOV             R3, #0x14CD4|68-246-212-67-192-242-1-3
42806|code|STRH.W          R2, [R3,R4,LSL#1]|35-248-20-32
42810|code|MOV             R3, #0x144B6|68-242-182-67-192-242-1-3
42818|code|LDRH            R3, [R3]|27-136
42820|code|MOV             R2, R3|26-70
42822|code|MOV             R3, #0x144AC|68-242-172-67-192-242-1-3
42830|code|LDRH            R3, [R3]|27-136
42832|code|SXTH            R3, R3|27-178
42834|code|CMP             R2, R3|154-66
42836|code|BLT             loc_A76C|10-219
42838|code|MOV             R3, #aBadTable4; "\nBad Table [4]"|76-242-60-35-192-242-0-3
42846|code|MOV             R0, R3; format|24-70
42848|code|BLX             printf|253-247-216-239
42852|code|MOV.W           R0, #1; status|79-240-1-0
42856|code|BLX             exit|254-247-48-232
42860|code|MOV             R3, #0x144B0|68-242-176-67-192-242-1-3
42868|code|LDRH            R2, [R3]|26-136
42870|code|MOV             R3, #0x144B2|68-242-178-67-192-242-1-3
42878|code|LDRH            R3, [R3]|27-136
42880|code|SXTH            R2, R2|18-178
42882|code|SXTH            R3, R3|27-178
42884|code|CMP             R2, R3|154-66
42886|code|BNE             loc_A7B8|23-209
42888|code|MOV             R3, #0x144BC|68-242-188-67-192-242-1-3
42896|code|LDR             R1, [R3]|25-104
42898|code|MOV             R3, #0x144B6|68-242-182-67-192-242-1-3
42906|code|LDRH            R3, [R3]|27-136
42908|code|MOV             R2, R3|26-70
42910|code|MOV.W           R2, R2,LSL#1|79-234-66-2
42914|code|ADDS            R2, R1, R2|138-24
42916|code|LDRH            R1, [R7,#0xC+var_6]|249-136
42918|code|STRH            R1, [R2]|17-128
42920|code|ADD.W           R3, R3, #1|3-241-1-3
42924|code|UXTH            R2, R3|154-178
42926|code|MOV             R3, #0x144B6|68-242-182-67-192-242-1-3
42934|code|STRH            R2, [R3]|26-128
42936|code|MOV             R3, #0x144B0|68-242-176-67-192-242-1-3
42944|code|LDRH            R3, [R3]|27-136
42946|code|ADD.W           R3, R3, #0xFFFFFFFF|3-241-255-51
42950|code|UXTH            R2, R3|154-178
42952|code|MOV             R3, #0x144B0|68-242-176-67-192-242-1-3
42960|code|STRH            R2, [R3]|26-128
42962|code|LDRH            R3, [R7,#0xC+var_6]|251-136
42964|code|SXTH            R3, R3|27-178
42966|code|MOV             R0, R3|24-70
42968|code|ADD.W           R7, R7, #0xC|7-241-12-7
42972|code|MOV             SP, R7|189-70
42974|code|POP             {R4,R7,PC}|144-189
42976|code|PUSH            {R7,LR}|128-181
42978|code|SUB             SP, SP, #0x10|132-176
42980|code|ADD             R7, SP, #0|0-175
42982|code|STR             R1, [R7,#0x10+var_8]|185-96
42984|code|STR             R3, [R7,#0x10+var_C]|123-96
42986|code|MOV             R3, R0|3-70
42988|code|STRH            R3, [R7,#0x10+var_2]|251-129
42990|code|MOV             R3, R2|19-70
42992|code|STRH            R3, [R7,#0x10+var_4]|187-129
42994|code|MOV             R3, #0x144B4|68-242-180-67-192-242-1-3
43002|code|LDRH            R2, [R7,#0x10+var_2]|250-137
43004|code|STRH            R2, [R3]|26-128
43006|code|MOV             R3, #0x144B4|68-242-180-67-192-242-1-3
43014|code|LDRH            R2, [R3]|26-136
43016|code|MOV             R3, #0x144AA|68-242-170-67-192-242-1-3
43024|code|STRH            R2, [R3]|26-128
43026|code|MOV             R3, #0x144C0|68-242-192-67-192-242-1-3
43034|code|LDR             R2, [R7,#0x10+var_8]|186-104
43036|code|STR             R2, [R3]|26-96
43038|code|MOV             R3, #0x144BC|68-242-188-67-192-242-1-3
43046|code|LDR             R2, [R7,#0x10+var_C]|122-104
43048|code|STR             R2, [R3]|26-96
43050|code|LDRSH.W         R3, [R7,#0x10+var_4]|183-249-12-48
43054|code|MOV.W           R2, #1|79-240-1-2
43058|code|LSL.W           R3, R2, R3|2-250-3-243
43062|code|UXTH            R2, R3|154-178
43064|code|MOV             R3, #0x144AC|68-242-172-67-192-242-1-3
43072|code|STRH            R2, [R3]|26-128
43074|code|MOV             R3, #0x144AC|68-242-172-67-192-242-1-3
43082|code|LDRH            R3, [R3]|27-136
43084|code|SXTH            R3, R3|27-178
43086|code|MOV.W           R2, R3,LSR#31|79-234-211-114
43090|code|ADDS            R3, R2, R3|211-24
43092|code|MOV.W           R3, R3,ASR#1|79-234-99-3
43096|code|UXTH            R3, R3|155-178
43098|code|UXTH            R2, R3|154-178
43100|code|MOV             R3, #0x144B8|68-242-184-67-192-242-1-3
43108|code|STRH            R2, [R3]|26-128
43110|code|LDRH            R3, [R7,#0x10+var_4]|187-137
43112|code|ADD.W           R3, R3, #1|3-241-1-3
43116|code|UXTH            R3, R3|155-178
43118|code|UXTH            R2, R3|154-178
43120|code|MOV             R3, #0x144B2|68-242-178-67-192-242-1-3
43128|code|STRH            R2, [R3]|26-128
43130|code|MOV             R3, #0x144AE|68-242-174-67-192-242-1-3
43138|code|MOV.W           R2, #1|79-240-1-2
43142|code|STRH            R2, [R3]|26-128
43144|code|MOV             R3, #0x144AE|68-242-174-67-192-242-1-3
43152|code|LDRH            R2, [R3]|26-136
43154|code|MOV             R3, #0x144B0|68-242-176-67-192-242-1-3
43162|code|STRH            R2, [R3]|26-128
43164|code|MOV             R3, #0x144A8|68-242-168-67-192-242-1-3
43172|code|MOVW            R2, #0xFFFF|79-246-255-114
43176|code|STRH            R2, [R3]|26-128
43178|code|MOV             R3, #0x144B6|68-242-182-67-192-242-1-3
43186|code|MOV.W           R2, #0|79-240-0-2
43190|code|STRH            R2, [R3]|26-128
43192|code|BL              sub_A4D0|255-247-10-254
43196|code|BL              sub_A4D0|255-247-8-254
43200|code|MOV             R3, #0x144B6|68-242-182-67-192-242-1-3
43208|code|LDRH            R3, [R3]|27-136
43210|code|MOV             R2, R3|26-70
43212|code|MOV             R3, #0x144AC|68-242-172-67-192-242-1-3
43220|code|LDRH            R3, [R3]|27-136
43222|code|SXTH            R3, R3|27-178
43224|code|CMP             R2, R3|154-66
43226|code|BEQ             loc_A8F2|10-208
43228|code|MOV             R3, #aBadTable5; "\nBad Table [5]"|76-242-76-35-192-242-0-3
43236|code|MOV             R0, R3; format|24-70
43238|code|BLX             printf|253-247-22-239
43242|code|MOV.W           R0, #1; status|79-240-1-0
43246|code|BLX             exit|253-247-110-239
43250|code|ADD.W           R7, R7, #0x10|7-241-16-7
43254|code|MOV             SP, R7|189-70
43256|code|POP             {R7,PC}|128-189
43258|data|ALIGN 4|0-191
43260|code|PUSH            {R7,LR}|128-181
43262|code|SUB             SP, SP, #8|130-176
43264|code|ADD             R7, SP, #0|0-175
43266|code|MOV             R3, R0|3-70
43268|code|STRB            R3, [R7,#8+var_1]|251-113
43270|code|B               loc_A9C4|93-224
43272|code|MOV             R3, #0x1449F|68-242-159-67-192-242-1-3
43280|code|LDRB            R3, [R3]|27-120
43282|code|LDRB            R2, [R7,#8+var_1]|250-121
43284|code|SUBS            R3, R2, R3|211-26
43286|code|STRB            R3, [R7,#8+var_1]|251-113
43288|code|MOV             R3, #0x154CA|69-242-202-67-192-242-1-3
43296|code|LDRH            R3, [R3]|27-136
43298|code|MOV             R2, R3|26-70
43300|code|MOV             R3, #0x1449F|68-242-159-67-192-242-1-3
43308|code|LDRB            R3, [R3]|27-120
43310|code|LSL.W           R3, R2, R3|2-250-3-243
43314|code|UXTH            R2, R3|154-178
43316|code|MOV             R3, #0x1449E|68-242-158-67-192-242-1-3
43324|code|LDRB            R3, [R3]|27-120
43326|code|MOV             R1, R3|25-70
43328|code|MOV             R3, #0x1449F|68-242-159-67-192-242-1-3
43336|code|LDRB            R3, [R3]|27-120
43338|code|RSB.W           R3, R3, #8|195-241-8-3
43342|code|ASR.W           R3, R1, R3|65-250-3-243
43346|code|UXTH            R3, R3|155-178
43348|code|ADDS            R3, R2, R3|211-24
43350|code|UXTH            R2, R3|154-178
43352|code|MOV             R3, #0x154CA|69-242-202-67-192-242-1-3
43360|code|STRH            R2, [R3]|26-128
43362|code|MOV             R3, #0x144C4|68-242-196-67-192-242-1-3
43370|code|LDR             R3, [R3]|27-104
43372|code|CMP             R3, #0|0-43
43374|code|BEQ             loc_A9A8|27-208
43376|code|MOV             R3, #0x144C4|68-242-196-67-192-242-1-3
43384|code|LDR             R3, [R3]|27-104
43386|code|ADD.W           R2, R3, #0xFFFFFFFF|3-241-255-50
43390|code|MOV             R3, #0x144C4|68-242-196-67-192-242-1-3
43398|code|STR             R2, [R3]|26-96
43400|code|MOV             R3, #0x176D8|71-242-216-99-192-242-1-3
43408|code|LDR             R3, [R3]|27-104
43410|code|MOV             R0, R3; fp|24-70
43412|code|BLX             _IO_getc|253-247-214-238
43416|code|MOV             R3, R0|3-70
43418|code|UXTB            R2, R3|218-178
43420|code|MOV             R3, #0x1449E|68-242-158-67-192-242-1-3
43428|code|STRB            R2, [R3]|26-112
43430|code|B               loc_A9B6|6-224
43432|code|MOV             R3, #0x1449E|68-242-158-67-192-242-1-3
43440|code|MOV.W           R2, #0|79-240-0-2
43444|code|STRB            R2, [R3]|26-112
43446|code|MOV             R3, #0x1449F|68-242-159-67-192-242-1-3
43454|code|MOV.W           R2, #8|79-240-8-2
43458|code|STRB            R2, [R3]|26-112
43460|code|MOV             R3, #0x1449F|68-242-159-67-192-242-1-3
43468|code|LDRB            R3, [R3]|27-120
43470|code|LDRB            R2, [R7,#8+var_1]|250-121
43472|code|CMP             R2, R3|154-66
43474|code|BHI             loc_A908|153-216
43476|code|MOV             R3, #0x1449F|68-242-159-67-192-242-1-3
43484|code|LDRB            R2, [R3]|26-120
43486|code|LDRB            R3, [R7,#8+var_1]|251-121
43488|code|SUBS            R3, R2, R3|211-26
43490|code|UXTB            R2, R3|218-178
43492|code|MOV             R3, #0x1449F|68-242-159-67-192-242-1-3
43500|code|STRB            R2, [R3]|26-112
43502|code|MOV             R3, #0x154CA|69-242-202-67-192-242-1-3
43510|code|LDRH            R3, [R3]|27-136
43512|code|MOV             R2, R3|26-70
43514|code|LDRB            R3, [R7,#8+var_1]|251-121
43516|code|LSL.W           R3, R2, R3|2-250-3-243
43520|code|UXTH            R2, R3|154-178
43522|code|MOV             R3, #0x1449E|68-242-158-67-192-242-1-3
43530|code|LDRB            R3, [R3]|27-120
43532|code|MOV             R1, R3|25-70
43534|code|LDRB            R3, [R7,#8+var_1]|251-121
43536|code|RSB.W           R3, R3, #8|195-241-8-3
43540|code|ASR.W           R3, R1, R3|65-250-3-243
43544|code|UXTH            R3, R3|155-178
43546|code|ADDS            R3, R2, R3|211-24
43548|code|UXTH            R2, R3|154-178
43550|code|MOV             R3, #0x154CA|69-242-202-67-192-242-1-3
43558|code|STRH            R2, [R3]|26-128
43560|code|MOV             R3, #0x1449E|68-242-158-67-192-242-1-3
43568|code|LDRB            R3, [R3]|27-120
43570|code|MOV             R2, R3|26-70
43572|code|LDRB            R3, [R7,#8+var_1]|251-121
43574|code|LSL.W           R3, R2, R3|2-250-3-243
43578|code|UXTB            R2, R3|218-178
43580|code|MOV             R3, #0x1449E|68-242-158-67-192-242-1-3
43588|code|STRB            R2, [R3]|26-112
43590|code|ADD.W           R7, R7, #8|7-241-8-7
43594|code|MOV             SP, R7|189-70
43596|code|POP             {R7,PC}|128-189
43598|data|ALIGN 0x10|0-191
43600|code|PUSH            {R7,LR}|128-181
43602|code|SUB             SP, SP, #0x10|132-176
43604|code|ADD             R7, SP, #0|0-175
43606|code|MOV             R3, R0|3-70
43608|code|STRB            R3, [R7,#0x10+var_9]|251-113
43610|code|MOV             R3, #0x154CA|69-242-202-67-192-242-1-3
43618|code|LDRH            R3, [R3]|27-136
43620|code|MOV             R2, R3|26-70
43622|code|LDRB            R3, [R7,#0x10+var_9]|251-121
43624|code|RSB.W           R3, R3, #0x10|195-241-16-3
43628|code|ASR.W           R3, R2, R3|66-250-3-243
43632|code|STRH            R3, [R7,#0x10+var_2]|251-129
43634|code|LDRB            R3, [R7,#0x10+var_9]|251-121
43636|code|MOV             R0, R3|24-70
43638|code|BL              sub_A8FC|255-247-65-255
43642|code|LDRH            R3, [R7,#0x10+var_2]|251-137
43644|code|MOV             R0, R3|24-70
43646|code|ADD.W           R7, R7, #0x10|7-241-16-7
43650|code|MOV             SP, R7|189-70
43652|code|POP             {R7,PC}|128-189
43654|data|ALIGN 4|0-191
43656|code|PUSH            {R7,LR}|128-181
43658|code|SUB             SP, SP, #0x10|132-176
43660|code|ADD             R7, SP, #0|0-175
43662|code|STR             R0, [R7,#0x10+ptr]|248-96
43664|code|STR             R1, [R7,#0x10+n]|185-96
43666|code|STR             R2, [R7,#0x10+s]|122-96
43668|code|LDR             R3, [R7,#0x10+s]|123-104
43670|code|CMP             R3, #0|0-43
43672|code|BEQ             loc_AACA|23-208
43674|code|LDR             R2, [R7,#0x10+ptr]|250-104
43676|code|LDR             R3, [R7,#0x10+n]|187-104
43678|code|MOV             R0, R2; ptr|16-70
43680|code|MOV.W           R1, #1; size|79-240-1-1
43684|code|MOV             R2, R3; n|26-70
43686|code|LDR             R3, [R7,#0x10+s]; s|123-104
43688|code|BLX             fwrite|253-247-100-238
43692|code|MOV             R2, R0|2-70
43694|code|LDR             R3, [R7,#0x10+n]|187-104
43696|code|CMP             R2, R3|154-66
43698|code|BCS             loc_AACA|10-210
43700|code|MOV             R3, #aFatalError; "\nFatal Error"|76-242-92-35-192-242-0-3
43708|code|MOV             R0, R3; format|24-70
43710|code|BLX             printf|253-247-42-238
43714|code|MOV.W           R0, #1; status|79-240-1-0
43718|code|BLX             exit|253-247-130-238
43722|code|ADD.W           R7, R7, #0x10|7-241-16-7
43726|code|MOV             SP, R7|189-70
43728|code|POP             {R7,PC}|128-189
43730|data|ALIGN 4|0-191
43732|code|PUSH            {R7,LR}|128-181
43734|code|ADD             R7, SP, #0|0-175
43736|code|MOV             R3, #0x154CA|69-242-202-67-192-242-1-3
43744|code|MOV.W           R2, #0|79-240-0-2
43748|code|STRH            R2, [R3]|26-128
43750|code|MOV             R3, #0x1449E|68-242-158-67-192-242-1-3
43758|code|MOV.W           R2, #0|79-240-0-2
43762|code|STRB            R2, [R3]|26-112
43764|code|MOV             R3, #0x1449F|68-242-159-67-192-242-1-3
43772|code|MOV.W           R2, #0|79-240-0-2
43776|code|STRB            R2, [R3]|26-112
43778|code|MOV.W           R0, #0x10|79-240-16-0
43782|code|BL              sub_A8FC|255-247-249-254
43786|code|POP             {R7,PC}|128-189
43788|code|PUSH            {R7,LR}|128-181
43790|code|SUB             SP, SP, #0x10|132-176
43792|code|ADD             R7, SP, #0|0-175
43794|code|MOV             R3, R2|19-70
43796|code|MOV             R2, R0|2-70
43798|code|STRH            R2, [R7,#0x10+var_A]|250-128
43800|code|MOV             R2, R1|10-70
43802|code|STRH            R2, [R7,#0x10+var_C]|186-128
43804|code|STRH            R3, [R7,#0x10+var_E]|123-128
43806|code|LDRH            R3, [R7,#0x10+var_C]|187-136
43808|code|UXTB            R3, R3|219-178
43810|code|MOV             R0, R3|24-70
43812|code|BL              sub_AA50|255-247-148-255
43816|code|MOV             R3, R0|3-70
43818|code|STRH            R3, [R7,#0x10+var_8]|59-129
43820|code|LDRSH.W         R3, [R7,#0x10+var_8]|183-249-8-48
43824|code|CMP             R3, #0|0-43
43826|code|BNE             loc_AB9C|51-209
43828|code|LDRH            R3, [R7,#0x10+var_C]|187-136
43830|code|UXTB            R3, R3|219-178
43832|code|MOV             R0, R3|24-70
43834|code|BL              sub_AA50|255-247-137-255
43838|code|MOV             R3, R0|3-70
43840|code|STRH            R3, [R7,#0x10+var_4]|187-129
43842|code|MOV.W           R3, #0|79-240-0-3
43846|code|STRH            R3, [R7,#0x10+var_2]|251-129
43848|code|B               loc_AB64|12-224
43850|code|LDRSH.W         R2, [R7,#0x10+var_2]|183-249-14-32
43854|code|MOV             R3, #0x17ADC|71-246-220-35-192-242-1-3
43862|code|MOV.W           R1, #0|79-240-0-1
43866|code|STRB            R1, [R3,R2]|153-84
43868|code|LDRH            R3, [R7,#0x10+var_2]|251-137
43870|code|ADD.W           R3, R3, #1|3-241-1-3
43874|code|STRH            R3, [R7,#0x10+var_2]|251-129
43876|code|LDRSH.W         R2, [R7,#0x10+var_2]|183-249-14-32
43880|code|LDRSH.W         R3, [R7,#0x10+var_A]|183-249-6-48
43884|code|CMP             R2, R3|154-66
43886|code|BLT             loc_AB4A|236-219
43888|code|MOV.W           R3, #0|79-240-0-3
43892|code|STRH            R3, [R7,#0x10+var_2]|251-129
43894|code|B               loc_AB92|12-224
43896|code|LDRSH.W         R2, [R7,#0x10+var_2]|183-249-14-32
43900|code|LDRH            R1, [R7,#0x10+var_4]|185-137
43902|code|MOV             R3, #0x154D8|69-242-216-67-192-242-1-3
43910|code|STRH.W          R1, [R3,R2,LSL#1]|35-248-18-16
43914|code|LDRH            R3, [R7,#0x10+var_2]|251-137
43916|code|ADD.W           R3, R3, #1|3-241-1-3
43920|code|STRH            R3, [R7,#0x10+var_2]|251-129
43922|code|LDRSH.W         R3, [R7,#0x10+var_2]|183-249-14-48
43926|code|CMP             R3, #0xFF|255-43
43928|code|BLE             loc_AB78|238-221
43930|code|B               loc_ACB8|141-224
43932|code|MOV.W           R3, #0|79-240-0-3
43936|code|STRH            R3, [R7,#0x10+var_2]|251-129
43938|code|B               loc_AC66|96-224
43940|code|MOV             R3, #0x154CA|69-242-202-67-192-242-1-3
43948|code|LDRH            R3, [R3]|27-136
43950|code|MOV.W           R3, R3,LSR#13|79-234-83-51
43954|code|UXTH            R3, R3|155-178
43956|code|STRH            R3, [R7,#0x10+var_4]|187-129
43958|code|LDRSH.W         R3, [R7,#0x10+var_4]|183-249-12-48
43962|code|CMP             R3, #7|7-43
43964|code|BNE             loc_ABEA|21-209
43966|code|MOV.W           R3, #0x1000|79-244-128-83
43970|code|STRH            R3, [R7,#0x10+var_6]|123-129
43972|code|B               loc_ABD6|7-224
43974|code|LDRH            R3, [R7,#0x10+var_6]|123-137
43976|code|MOV.W           R3, R3,LSR#1|79-234-83-3
43980|code|STRH            R3, [R7,#0x10+var_6]|123-129
43982|code|LDRH            R3, [R7,#0x10+var_4]|187-137
43984|code|ADD.W           R3, R3, #1|3-241-1-3
43988|code|STRH            R3, [R7,#0x10+var_4]|187-129
43990|code|MOV             R3, #0x154CA|69-242-202-67-192-242-1-3
43998|code|LDRH            R2, [R3]|26-136
44000|code|LDRH            R3, [R7,#0x10+var_6]|123-137
44002|code|ANDS            R3, R2|19-64
44004|code|UXTH            R3, R3|155-178
44006|code|CMP             R3, #0|0-43
44008|code|BNE             loc_ABC6|237-209
44010|code|LDRSH.W         R3, [R7,#0x10+var_4]|183-249-12-48
44014|code|CMP             R3, #6|6-43
44016|code|BLE             loc_ABFE|5-221
44018|code|LDRH            R3, [R7,#0x10+var_4]|187-137
44020|code|UXTB            R3, R3|219-178
44022|code|SUB.W           R3, R3, #3|163-241-3-3
44026|code|UXTB            R3, R3|219-178
44028|code|B               loc_AC02|1-224
44030|code|MOV.W           R3, #3|79-240-3-3
44034|code|MOV             R0, R3|24-70
44036|code|BL              sub_A8FC|255-247-122-254
44040|code|LDRSH.W         R2, [R7,#0x10+var_2]|183-249-14-32
44044|code|LDRH            R3, [R7,#0x10+var_4]|187-137
44046|code|UXTB            R1, R3|217-178
44048|code|MOV             R3, #0x17ADC|71-246-220-35-192-242-1-3
44056|code|STRB            R1, [R3,R2]|153-84
44058|code|LDRH            R3, [R7,#0x10+var_2]|251-137
44060|code|ADD.W           R3, R3, #1|3-241-1-3
44064|code|STRH            R3, [R7,#0x10+var_2]|251-129
44066|code|LDRSH.W         R2, [R7,#0x10+var_2]|183-249-14-32
44070|code|LDRSH.W         R3, [R7,#0x10+var_E]|183-249-2-48
44074|code|CMP             R2, R3|154-66
44076|code|BNE             loc_AC66|27-209
44078|code|MOV.W           R0, #2|79-240-2-0
44082|code|BL              sub_AA50|255-247-13-255
44086|code|MOV             R3, R0|3-70
44088|code|STRH            R3, [R7,#0x10+var_4]|187-129
44090|code|B               loc_AC56|12-224
44092|code|LDRSH.W         R2, [R7,#0x10+var_2]|183-249-14-32
44096|code|MOV             R3, #0x17ADC|71-246-220-35-192-242-1-3
44104|code|MOV.W           R1, #0|79-240-0-1
44108|code|STRB            R1, [R3,R2]|153-84
44110|code|LDRH            R3, [R7,#0x10+var_2]|251-137
44112|code|ADD.W           R3, R3, #1|3-241-1-3
44116|code|STRH            R3, [R7,#0x10+var_2]|251-129
44118|code|LDRH            R3, [R7,#0x10+var_4]|187-137
44120|code|ADD.W           R3, R3, #0xFFFFFFFF|3-241-255-51
44124|code|STRH            R3, [R7,#0x10+var_4]|187-129
44126|code|LDRSH.W         R3, [R7,#0x10+var_4]|183-249-12-48
44130|code|CMP             R3, #0|0-43
44132|code|BGE             loc_AC3C|234-218
44134|code|LDRSH.W         R2, [R7,#0x10+var_2]|183-249-14-32
44138|code|LDRSH.W         R3, [R7,#0x10+var_8]|183-249-8-48
44142|code|CMP             R2, R3|154-66
44144|code|BLT             loc_ABA4|152-219
44146|code|B               loc_AC8E|12-224
44148|code|LDRSH.W         R2, [R7,#0x10+var_2]|183-249-14-32
44152|code|MOV             R3, #0x17ADC|71-246-220-35-192-242-1-3
44160|code|MOV.W           R1, #0|79-240-0-1
44164|code|STRB            R1, [R3,R2]|153-84
44166|code|LDRH            R3, [R7,#0x10+var_2]|251-137
44168|code|ADD.W           R3, R3, #1|3-241-1-3
44172|code|STRH            R3, [R7,#0x10+var_2]|251-129
44174|code|LDRSH.W         R2, [R7,#0x10+var_2]|183-249-14-32
44178|code|LDRSH.W         R3, [R7,#0x10+var_A]|183-249-6-48
44182|code|CMP             R2, R3|154-66
44184|code|BLT             loc_AC74|236-219
44186|code|LDRSH.W         R3, [R7,#0x10+var_A]|183-249-6-48
44190|code|MOV             R0, R3|24-70
44192|code|MOV             R1, #0x17ADC|71-246-220-33-192-242-1-1
44200|code|MOV.W           R2, #8|79-240-8-2
44204|code|MOV             R3, #0x154D8|69-242-216-67-192-242-1-3
44212|code|BL              sub_A7E0|255-247-148-253
44216|code|ADD.W           R7, R7, #0x10|7-241-16-7
44220|code|MOV             SP, R7|189-70
44222|code|POP             {R7,PC}|128-189
44224|code|PUSH            {R7,LR}|128-181
44226|code|SUB             SP, SP, #8|130-176
44228|code|ADD             R7, SP, #0|0-175
44230|code|MOV.W           R0, #9|79-240-9-0
44234|code|BL              sub_AA50|255-247-193-254
44238|code|MOV             R3, R0|3-70
44240|code|STRH            R3, [R7,#8+var_8]|59-128
44242|code|LDRSH.W         R3, [R7,#8+var_8]|183-249-0-48
44246|code|CMP             R3, #0|0-43
44248|code|BNE             loc_AD44|52-209
44250|code|MOV.W           R0, #9|79-240-9-0
44254|code|BL              sub_AA50|255-247-183-254
44258|code|MOV             R3, R0|3-70
44260|code|STRH            R3, [R7,#8+var_4]|187-128
44262|code|MOV.W           R3, #0|79-240-0-3
44266|code|STRH            R3, [R7,#8+var_2]|251-128
44268|code|B               loc_AD08|12-224
44270|code|LDRSH.W         R2, [R7,#8+var_2]|183-249-6-32
44274|code|MOV             R3, #0x17C5C|71-246-92-67-192-242-1-3
44282|code|MOV.W           R1, #0|79-240-0-1
44286|code|STRB            R1, [R3,R2]|153-84
44288|code|LDRH            R3, [R7,#8+var_2]|251-136
44290|code|ADD.W           R3, R3, #1|3-241-1-3
44294|code|STRH            R3, [R7,#8+var_2]|251-128
44296|code|LDRSH.W         R2, [R7,#8+var_2]|183-249-6-32
44300|code|MOVW            R3, #0x1FD|64-242-253-19
44304|code|CMP             R2, R3|154-66
44306|code|BLE             loc_ACEE|236-221
44308|code|MOV.W           R3, #0|79-240-0-3
44312|code|STRH            R3, [R7,#8+var_2]|251-128
44314|code|B               loc_AD36|12-224
44316|code|LDRSH.W         R2, [R7,#8+var_2]|183-249-6-32
44320|code|LDRH            R1, [R7,#8+var_4]|185-136
44322|code|MOV             R3, #0x156D8|69-242-216-99-192-242-1-3
44330|code|STRH.W          R1, [R3,R2,LSL#1]|35-248-18-16
44334|code|LDRH            R3, [R7,#8+var_2]|251-136
44336|code|ADD.W           R3, R3, #1|3-241-1-3
44340|code|STRH            R3, [R7,#8+var_2]|251-128
44342|code|LDRSH.W         R2, [R7,#8+var_2]|183-249-6-32
44346|code|MOVW            R3, #0xFFF|64-246-255-115
44350|code|CMP             R2, R3|154-66
44352|code|BLE             loc_AD1C|236-221
44354|code|B               loc_AEBE|188-224
44356|code|MOV.W           R3, #0|79-240-0-3
44360|code|STRH            R3, [R7,#8+var_2]|251-128
44362|code|B               loc_AE6C|143-224
44364|code|MOV             R3, #0x154CA|69-242-202-67-192-242-1-3
44372|code|LDRH            R3, [R3]|27-136
44374|code|MOV.W           R3, R3,LSR#8|79-234-19-35
44378|code|UXTH            R3, R3|155-178
44380|code|MOV             R2, R3|26-70
44382|code|MOV             R3, #0x154D8|69-242-216-67-192-242-1-3
44390|code|LDRH.W          R3, [R3,R2,LSL#1]|51-248-18-48
44394|code|STRH            R3, [R7,#8+var_4]|187-128
44396|code|LDRSH.W         R3, [R7,#8+var_4]|183-249-4-48
44400|code|CMP             R3, #0x12|18-43
44402|code|BLE             loc_ADC4|39-221
44404|code|MOV.W           R3, #0x80|79-240-128-3
44408|code|STRH            R3, [R7,#8+var_6]|123-128
44410|code|MOV             R3, #0x154CA|69-242-202-67-192-242-1-3
44418|code|LDRH            R2, [R3]|26-136
44420|code|LDRH            R3, [R7,#8+var_6]|123-136
44422|code|ANDS            R3, R2|19-64
44424|code|UXTH            R3, R3|155-178
44426|code|CMP             R3, #0|0-43
44428|code|BEQ             loc_ADA2|9-208
44430|code|LDRSH.W         R2, [R7,#8+var_4]|183-249-4-32
44434|code|MOV             R3, #0x14CD4|68-246-212-67-192-242-1-3
44442|code|LDRH.W          R3, [R3,R2,LSL#1]|51-248-18-48
44446|code|STRH            R3, [R7,#8+var_4]|187-128
44448|code|B               loc_ADB4|8-224
44450|code|LDRSH.W         R2, [R7,#8+var_4]|183-249-4-32
44454|code|MOV             R3, #0x144DC|68-242-220-67-192-242-1-3
44462|code|LDRH.W          R3, [R3,R2,LSL#1]|51-248-18-48
44466|code|STRH            R3, [R7,#8+var_4]|187-128
44468|code|LDRH            R3, [R7,#8+var_6]|123-136
44470|code|MOV.W           R3, R3,LSR#1|79-234-83-3
44474|code|STRH            R3, [R7,#8+var_6]|123-128
44476|code|LDRSH.W         R3, [R7,#8+var_4]|183-249-4-48
44480|code|CMP             R3, #0x12|18-43
44482|code|BGT             loc_AD7A|218-220
44484|code|LDRSH.W         R2, [R7,#8+var_4]|183-249-4-32
44488|code|MOV             R3, #0x17ADC|71-246-220-35-192-242-1-3
44496|code|LDRB            R3, [R3,R2]|155-92
44498|code|MOV             R0, R3|24-70
44500|code|BL              sub_A8FC|255-247-146-253
44504|code|LDRSH.W         R3, [R7,#8+var_4]|183-249-4-48
44508|code|CMP             R3, #2|2-43
44510|code|BGT             loc_AE4C|53-220
44512|code|LDRSH.W         R3, [R7,#8+var_4]|183-249-4-48
44516|code|CMP             R3, #0|0-43
44518|code|BNE             loc_ADF0|3-209
44520|code|MOV.W           R3, #1|79-240-1-3
44524|code|STRH            R3, [R7,#8+var_4]|187-128
44526|code|B               loc_AE3A|36-224
44528|code|LDRSH.W         R3, [R7,#8+var_4]|183-249-4-48
44532|code|CMP             R3, #1|1-43
44534|code|BNE             loc_AE0C|9-209
44536|code|MOV.W           R0, #4|79-240-4-0
44540|code|BL              sub_AA50|255-247-40-254
44544|code|MOV             R3, R0|3-70
44546|code|ADD.W           R3, R3, #3|3-241-3-3
44550|code|UXTH            R3, R3|155-178
44552|code|STRH            R3, [R7,#8+var_4]|187-128
44554|code|B               loc_AE3A|22-224
44556|code|MOV.W           R0, #9|79-240-9-0
44560|code|BL              sub_AA50|255-247-30-254
44564|code|MOV             R3, R0|3-70
44566|code|ADD.W           R3, R3, #0x14|3-241-20-3
44570|code|UXTH            R3, R3|155-178
44572|code|STRH            R3, [R7,#8+var_4]|187-128
44574|code|B               loc_AE3A|12-224
44576|code|LDRSH.W         R2, [R7,#8+var_2]|183-249-6-32
44580|code|MOV             R3, #0x17C5C|71-246-92-67-192-242-1-3
44588|code|MOV.W           R1, #0|79-240-0-1
44592|code|STRB            R1, [R3,R2]|153-84
44594|code|LDRH            R3, [R7,#8+var_2]|251-136
44596|code|ADD.W           R3, R3, #1|3-241-1-3
44600|code|STRH            R3, [R7,#8+var_2]|251-128
44602|code|LDRH            R3, [R7,#8+var_4]|187-136
44604|code|ADD.W           R3, R3, #0xFFFFFFFF|3-241-255-51
44608|code|STRH            R3, [R7,#8+var_4]|187-128
44610|code|LDRSH.W         R3, [R7,#8+var_4]|183-249-4-48
44614|code|CMP             R3, #0|0-43
44616|code|BGE             loc_AE20|234-218
44618|code|B               loc_AE6C|15-224
44620|code|LDRSH.W         R2, [R7,#8+var_2]|183-249-6-32
44624|code|LDRH            R3, [R7,#8+var_4]|187-136
44626|code|UXTB            R3, R3|219-178
44628|code|SUB.W           R3, R3, #2|163-241-2-3
44632|code|UXTB            R1, R3|217-178
44634|code|MOV             R3, #0x17C5C|71-246-92-67-192-242-1-3
44642|code|STRB            R1, [R3,R2]|153-84
44644|code|LDRH            R3, [R7,#8+var_2]|251-136
44646|code|ADD.W           R3, R3, #1|3-241-1-3
44650|code|STRH            R3, [R7,#8+var_2]|251-128
44652|code|LDRSH.W         R2, [R7,#8+var_2]|183-249-6-32
44656|code|LDRSH.W         R3, [R7,#8+var_8]|183-249-0-48
44660|code|CMP             R2, R3|154-66
44662|code|BLT.W           loc_AD4C|255-246-105-175
44666|code|B               loc_AE96|12-224
44668|code|LDRSH.W         R2, [R7,#8+var_2]|183-249-6-32
44672|code|MOV             R3, #0x17C5C|71-246-92-67-192-242-1-3
44680|code|MOV.W           R1, #0|79-240-0-1
44684|code|STRB            R1, [R3,R2]|153-84
44686|code|LDRH            R3, [R7,#8+var_2]|251-136
44688|code|ADD.W           R3, R3, #1|3-241-1-3
44692|code|STRH            R3, [R7,#8+var_2]|251-128
44694|code|LDRSH.W         R2, [R7,#8+var_2]|183-249-6-32
44698|code|MOVW            R3, #0x1FD|64-242-253-19
44702|code|CMP             R2, R3|154-66
44704|code|BLE             loc_AE7C|236-221
44706|code|MOV.W           R0, #0x1FE|79-244-255-112
44710|code|MOV             R1, #0x17C5C|71-246-92-65-192-242-1-1
44718|code|MOV.W           R2, #0xC|79-240-12-2
44722|code|MOV             R3, #0x156D8|69-242-216-99-192-242-1-3
44730|code|BL              sub_A7E0|255-247-145-252
44734|code|ADD.W           R7, R7, #8|7-241-8-7
44738|code|MOV             SP, R7|189-70
44740|code|POP             {R7,PC}|128-189
44742|data|ALIGN 4|0-191
44744|code|PUSH            {R7,LR}|128-181
44746|code|SUB             SP, SP, #8|130-176
44748|code|ADD             R7, SP, #0|0-175
44750|code|MOV             R3, #0x144A6|68-242-166-67-192-242-1-3
44758|code|LDRH            R3, [R3]|27-136
44760|code|CMP             R3, #0|0-43
44762|code|BNE             loc_AF16|28-209
44764|code|MOV.W           R0, #0x10|79-240-16-0
44768|code|BL              sub_AA50|255-247-182-253
44772|code|MOV             R3, R0|3-70
44774|code|MOV             R2, R3|26-70
44776|code|MOV             R3, #0x144A6|68-242-166-67-192-242-1-3
44784|code|STRH            R2, [R3]|26-128
44786|code|MOV.W           R0, #0x13|79-240-19-0
44790|code|MOV.W           R1, #5|79-240-5-1
44794|code|MOV.W           R2, #3|79-240-3-2
44798|code|BL              sub_AB0C|255-247-5-254
44802|code|BL              sub_ACC0|255-247-221-254
44806|code|MOV.W           R0, #0xE|79-240-14-0
44810|code|MOV.W           R1, #4|79-240-4-1
44814|code|MOV.W           R2, #0xFFFFFFFF|79-240-255-50
44818|code|BL              sub_AB0C|255-247-251-253
44822|code|MOV             R3, #0x144A6|68-242-166-67-192-242-1-3
44830|code|LDRH            R3, [R3]|27-136
44832|code|ADD.W           R3, R3, #0xFFFFFFFF|3-241-255-51
44836|code|UXTH            R2, R3|154-178
44838|code|MOV             R3, #0x144A6|68-242-166-67-192-242-1-3
44846|code|STRH            R2, [R3]|26-128
44848|code|MOV             R3, #0x154CA|69-242-202-67-192-242-1-3
44856|code|LDRH            R3, [R3]|27-136
44858|code|MOV.W           R3, R3,LSR#4|79-234-19-19
44862|code|UXTH            R3, R3|155-178
44864|code|MOV             R2, R3|26-70
44866|code|MOV             R3, #0x156D8|69-242-216-99-192-242-1-3
44874|code|LDRH.W          R3, [R3,R2,LSL#1]|51-248-18-48
44878|code|STRH            R3, [R7,#8+var_2]|251-128
44880|code|LDRH            R2, [R7,#8+var_2]|250-136
44882|code|MOVW            R3, #0x1FD|64-242-253-19
44886|code|CMP             R2, R3|154-66
44888|code|BHI             loc_AF6E|9-216
44890|code|LDRH            R2, [R7,#8+var_2]|250-136
44892|code|MOV             R3, #0x17C5C|71-246-92-67-192-242-1-3
44900|code|LDRB            R3, [R3,R2]|155-92
44902|code|MOV             R0, R3|24-70
44904|code|BL              sub_A8FC|255-247-200-252
44908|code|B               loc_AFDC|54-224
44910|code|MOV.W           R0, #0xC|79-240-12-0
44914|code|BL              sub_A8FC|255-247-195-252
44918|code|MOV.W           R3, #0x8000|79-244-0-67
44922|code|STRH            R3, [R7,#8+var_4]|187-128
44924|code|MOV             R3, #0x154CA|69-242-202-67-192-242-1-3
44932|code|LDRH            R2, [R3]|26-136
44934|code|LDRH            R3, [R7,#8+var_4]|187-136
44936|code|ANDS            R3, R2|19-64
44938|code|UXTH            R3, R3|155-178
44940|code|CMP             R3, #0|0-43
44942|code|BEQ             loc_AFA2|8-208
44944|code|LDRH            R2, [R7,#8+var_2]|250-136
44946|code|MOV             R3, #0x14CD4|68-246-212-67-192-242-1-3
44954|code|LDRH.W          R3, [R3,R2,LSL#1]|51-248-18-48
44958|code|STRH            R3, [R7,#8+var_2]|251-128
44960|code|B               loc_AFB2|7-224
44962|code|LDRH            R2, [R7,#8+var_2]|250-136
44964|code|MOV             R3, #0x144DC|68-242-220-67-192-242-1-3
44972|code|LDRH.W          R3, [R3,R2,LSL#1]|51-248-18-48
44976|code|STRH            R3, [R7,#8+var_2]|251-128
44978|code|LDRH            R3, [R7,#8+var_4]|187-136
44980|code|MOV.W           R3, R3,LSR#1|79-234-83-3
44984|code|STRH            R3, [R7,#8+var_4]|187-128
44986|code|LDRH            R2, [R7,#8+var_2]|250-136
44988|code|MOVW            R3, #0x1FD|64-242-253-19
44992|code|CMP             R2, R3|154-66
44994|code|BHI             loc_AF7C|219-216
44996|code|LDRH            R2, [R7,#8+var_2]|250-136
44998|code|MOV             R3, #0x17C5C|71-246-92-67-192-242-1-3
45006|code|LDRB            R3, [R3,R2]|155-92
45008|code|SUB.W           R3, R3, #0xC|163-241-12-3
45012|code|UXTB            R3, R3|219-178
45014|code|MOV             R0, R3|24-70
45016|code|BL              sub_A8FC|255-247-144-252
45020|code|LDRH            R3, [R7,#8+var_2]|251-136
45022|code|MOV             R0, R3|24-70
45024|code|ADD.W           R7, R7, #8|7-241-8-7
45028|code|MOV             SP, R7|189-70
45030|code|POP             {R7,PC}|128-189
45032|code|PUSH            {R4,R7,LR}|144-181
45034|code|SUB             SP, SP, #0xC|131-176
45036|code|ADD             R7, SP, #0|0-175
45038|code|MOV             R3, #0x154CA|69-242-202-67-192-242-1-3
45046|code|LDRH            R3, [R3]|27-136
45048|code|MOV.W           R3, R3,LSR#8|79-234-19-35
45052|code|UXTH            R3, R3|155-178
45054|code|MOV             R2, R3|26-70
45056|code|MOV             R3, #0x154D8|69-242-216-67-192-242-1-3
45064|code|LDRH.W          R3, [R3,R2,LSL#1]|51-248-18-48
45068|code|STRH            R3, [R7,#0xC+var_6]|251-128
45070|code|LDRH            R3, [R7,#0xC+var_6]|251-136
45072|code|CMP             R3, #0xD|13-43
45074|code|BHI             loc_B028|9-216
45076|code|LDRH            R2, [R7,#0xC+var_6]|250-136
45078|code|MOV             R3, #0x17ADC|71-246-220-35-192-242-1-3
45086|code|LDRB            R3, [R3,R2]|155-92
45088|code|MOV             R0, R3|24-70
45090|code|BL              sub_A8FC|255-247-107-252
45094|code|B               loc_B092|52-224
45096|code|MOV.W           R0, #8|79-240-8-0
45100|code|BL              sub_A8FC|255-247-102-252
45104|code|MOV.W           R3, #0x8000|79-244-0-67
45108|code|STRH            R3, [R7,#0xC+var_8]|187-128
45110|code|MOV             R3, #0x154CA|69-242-202-67-192-242-1-3
45118|code|LDRH            R2, [R3]|26-136
45120|code|LDRH            R3, [R7,#0xC+var_8]|187-136
45122|code|ANDS            R3, R2|19-64
45124|code|UXTH            R3, R3|155-178
45126|code|CMP             R3, #0|0-43
45128|code|BEQ             loc_B05C|8-208
45130|code|LDRH            R2, [R7,#0xC+var_6]|250-136
45132|code|MOV             R3, #0x14CD4|68-246-212-67-192-242-1-3
45140|code|LDRH.W          R3, [R3,R2,LSL#1]|51-248-18-48
45144|code|STRH            R3, [R7,#0xC+var_6]|251-128
45146|code|B               loc_B06C|7-224
45148|code|LDRH            R2, [R7,#0xC+var_6]|250-136
45150|code|MOV             R3, #0x144DC|68-242-220-67-192-242-1-3
45158|code|LDRH.W          R3, [R3,R2,LSL#1]|51-248-18-48
45162|code|STRH            R3, [R7,#0xC+var_6]|251-128
45164|code|LDRH            R3, [R7,#0xC+var_8]|187-136
45166|code|MOV.W           R3, R3,LSR#1|79-234-83-3
45170|code|STRH            R3, [R7,#0xC+var_8]|187-128
45172|code|LDRH            R3, [R7,#0xC+var_6]|251-136
45174|code|CMP             R3, #0xD|13-43
45176|code|BHI             loc_B036|221-216
45178|code|LDRH            R2, [R7,#0xC+var_6]|250-136
45180|code|MOV             R3, #0x17ADC|71-246-220-35-192-242-1-3
45188|code|LDRB            R3, [R3,R2]|155-92
45190|code|SUB.W           R3, R3, #8|163-241-8-3
45194|code|UXTB            R3, R3|219-178
45196|code|MOV             R0, R3|24-70
45198|code|BL              sub_A8FC|255-247-53-252
45202|code|LDRH            R3, [R7,#0xC+var_6]|251-136
45204|code|CMP             R3, #0|0-43
45206|code|BEQ             loc_B0BE|18-208
45208|code|LDRH            R3, [R7,#0xC+var_6]|251-136
45210|code|ADD.W           R3, R3, #0xFFFFFFFF|3-241-255-51
45214|code|MOV.W           R2, #1|79-240-1-2
45218|code|LSL.W           R3, R2, R3|2-250-3-243
45222|code|UXTH            R4, R3|156-178
45224|code|LDRH            R3, [R7,#0xC+var_6]|251-136
45226|code|UXTB            R3, R3|219-178
45228|code|ADD.W           R3, R3, #0xFFFFFFFF|3-241-255-51
45232|code|UXTB            R3, R3|219-178
45234|code|MOV             R0, R3|24-70
45236|code|BL              sub_AA50|255-247-204-252
45240|code|MOV             R3, R0|3-70
45242|code|ADDS            R3, R4, R3|227-24
45244|code|STRH            R3, [R7,#0xC+var_6]|251-128
45246|code|LDRH            R3, [R7,#0xC+var_6]|251-136
45248|code|MOV             R0, R3|24-70
45250|code|ADD.W           R7, R7, #0xC|7-241-12-7
45254|code|MOV             SP, R7|189-70
45256|code|POP             {R4,R7,PC}|144-189
45258|data|ALIGN 4|0-191
45260|code|PUSH            {R7,LR}|128-181
45262|code|ADD             R7, SP, #0|0-175
45264|code|BL              sub_AAD4|255-247-0-253
45268|code|MOV             R3, #0x144A6|68-242-166-67-192-242-1-3
45276|code|MOV.W           R2, #0|79-240-0-2
45280|code|STRH            R2, [R3]|26-128
45282|code|POP             {R7,PC}|128-189
45284|code|SUB             SP, SP, #0x10|132-176
45286|code|PUSH            {R4,R7,LR}|144-181
45288|code|SUB             SP, SP, #0x1C|135-176
45290|code|ADD             R7, SP, #0|0-175
45292|code|ADD.W           R12, R7, #0x28 ; '('|7-241-40-12
45296|code|STM.W           R12, {R0-R3}|140-232-15-0
45300|code|LDR             R2, [R7,#0x1C+var_sC]|186-106
45302|code|MOV             R3, #0x176D8|71-242-216-99-192-242-1-3
45310|code|STR             R2, [R3]|26-96
45312|code|LDR             R2, [R7,#0x1C+var_s10]|250-106
45314|code|MOV             R3, #0x144D0|68-242-208-67-192-242-1-3
45322|code|STR             R2, [R3]|26-96
45324|code|LDR             R3, [R7,#0x1C+arg_0]|187-107
45326|code|UXTH            R2, R3|154-178
45328|code|MOV             R3, #0x144D4|68-242-212-67-192-242-1-3
45336|code|STRH            R2, [R3]|26-128
45338|code|LDR             R2, [R7,#0x1C+var_s14]|58-107
45340|code|MOV             R3, #0x154CC|69-242-204-67-192-242-1-3
45348|code|STR             R2, [R3]|26-96
45350|code|LDR             R2, [R7,#0x1C+var_s18]|122-107
45352|code|MOV             R3, #0x144C4|68-242-196-67-192-242-1-3
45360|code|STR             R2, [R3]|26-96
45362|code|MOV             R3, #0x17ADA|71-246-218-35-192-242-1-3
45370|code|MOV.W           R2, #0|79-240-0-2
45374|code|STRH            R2, [R3]|26-128
45376|code|MOV             R3, #0x144D8|68-242-216-67-192-242-1-3
45384|code|MOV.W           R2, #0xFFFFFFFF|79-240-255-50
45388|code|STR             R2, [R3]|26-96
45390|code|MOV             R3, #0x144D4|68-242-212-67-192-242-1-3
45398|code|LDRH            R3, [R3]|27-136
45400|code|MOV.W           R2, #1|79-240-1-2
45404|code|LSL.W           R3, R2, R3|2-250-3-243
45408|code|UXTH            R2, R3|154-178
45410|code|MOV             R3, #0x1449C|68-242-156-67-192-242-1-3
45418|code|STRH            R2, [R3]|26-128
45420|code|MOV             R3, #0x1449C|68-242-156-67-192-242-1-3
45428|code|LDRH            R3, [R3]|27-136
45430|code|MOV             R0, R3; size|24-70
45432|code|BLX             malloc|253-247-20-235
45436|code|MOV             R3, R0|3-70
45438|code|MOV             R2, R3|26-70
45440|code|MOV             R3, #0x144CC|68-242-204-67-192-242-1-3
45448|code|STR             R2, [R3]|26-96
45450|code|MOV             R3, #0x144CC|68-242-204-67-192-242-1-3
45458|code|LDR             R3, [R3]|27-104
45460|code|CMP             R3, #0|0-43
45462|code|BNE             loc_B1A0|3-209
45464|code|MOV.W           R0, #1; status|79-240-1-0
45468|code|BLX             exit|253-247-22-235
45472|code|MOV             R3, #0x144CC|68-242-204-67-192-242-1-3
45480|code|LDR             R2, [R3]|26-104
45482|code|MOV             R3, #0x1449C|68-242-156-67-192-242-1-3
45490|code|LDRH            R3, [R3]|27-136
45492|code|MOV             R0, R2; s|16-70
45494|code|MOV.W           R1, #0x20 ; ' '; c|79-240-32-1
45498|code|MOV             R2, R3; n|26-70
45500|code|BLX             memset|253-247-18-235
45504|code|BL              sub_B0CC|255-247-132-255
45508|code|MOV             R3, #0x1449C|68-242-156-67-192-242-1-3
45516|code|LDRH            R3, [R3]|27-136
45518|code|ADD.W           R3, R3, #0xFFFFFFFF|3-241-255-51
45522|code|STR             R3, [R7,#0x1C+var_C]|59-97
45524|code|MOV.W           R3, #0xFD|79-240-253-3
45528|code|STR             R3, [R7,#0x1C+var_10]|251-96
45530|code|MOV             R3, #0x144C8|68-242-200-67-192-242-1-3
45538|code|MOV.W           R2, #0|79-240-0-2
45542|code|STR             R2, [R3]|26-96
45544|code|MOV             R3, #0x17AD8|71-246-216-35-192-242-1-3
45552|code|MOV.W           R2, #0|79-240-0-2
45556|code|STRH            R2, [R3]|26-128
45558|code|B               loc_B38C|201-224
45560|code|BL              sub_AEC8|255-247-102-254
45564|code|MOV             R3, R0|3-70
45566|code|STR             R3, [R7,#0x1C+var_14]|187-96
45568|code|LDR             R3, [R7,#0x1C+var_14]|187-104
45570|code|CMP             R3, #0xFF|255-43
45572|code|BGT             loc_B29E|75-220
45574|code|MOV             R3, #0x144CC|68-242-204-67-192-242-1-3
45582|code|LDR             R1, [R3]|25-104
45584|code|MOV             R3, #0x17AD8|71-246-216-35-192-242-1-3
45592|code|LDRH            R3, [R3]|27-136
45594|code|MOV             R2, R3|26-70
45596|code|ADDS            R2, R1, R2|138-24
45598|code|LDR             R1, [R7,#0x1C+var_14]|185-104
45600|code|UXTB            R1, R1|201-178
45602|code|STRB            R1, [R2]|17-112
45604|code|ADD.W           R3, R3, #1|3-241-1-3
45608|code|UXTH            R2, R3|154-178
45610|code|MOV             R3, #0x17AD8|71-246-216-35-192-242-1-3
45618|code|STRH            R2, [R3]|26-128
45620|code|MOV             R3, #0x17AD8|71-246-216-35-192-242-1-3
45628|code|LDRH            R2, [R3]|26-136
45630|code|MOV             R3, #0x1449C|68-242-156-67-192-242-1-3
45638|code|LDRH            R3, [R3]|27-136
45640|code|CMP             R2, R3|154-66
45642|code|BNE             loc_B284|27-209
45644|code|MOV             R3, #0x144CC|68-242-204-67-192-242-1-3
45652|code|LDR             R1, [R3]|25-104
45654|code|MOV             R3, #0x1449C|68-242-156-67-192-242-1-3
45662|code|LDRH            R3, [R3]|27-136
45664|code|MOV             R2, R3|26-70
45666|code|MOV             R3, #0x144D0|68-242-208-67-192-242-1-3
45674|code|LDR             R3, [R3]|27-104
45676|code|MOV             R0, R1|8-70
45678|code|MOV             R1, R2|17-70
45680|code|MOV             R2, R3|26-70
45682|code|BL              sub_AA88|255-247-9-252
45686|code|MOV             R3, #0x17AD8|71-246-216-35-192-242-1-3
45694|code|MOV.W           R2, #0|79-240-0-2
45698|code|STRH            R2, [R3]|26-128
45700|code|MOV             R3, #0x144C8|68-242-200-67-192-242-1-3
45708|code|LDR             R3, [R3]|27-104
45710|code|ADD.W           R2, R3, #1|3-241-1-2
45714|code|MOV             R3, #0x144C8|68-242-200-67-192-242-1-3
45722|code|STR             R2, [R3]|26-96
45724|code|B               loc_B38C|118-224
45726|code|LDR             R2, [R7,#0x1C+var_14]|186-104
45728|code|LDR             R3, [R7,#0x1C+var_10]|251-104
45730|code|SUBS            R3, R2, R3|211-26
45732|code|STR             R3, [R7,#0x1C+var_18]|123-96
45734|code|MOV             R3, #0x17AD8|71-246-216-35-192-242-1-3
45742|code|LDRH            R3, [R3]|27-136
45744|code|MOV             R4, R3|28-70
45746|code|BL              sub_AFE8|255-247-153-254
45750|code|MOV             R3, R0|3-70
45752|code|SUBS            R3, R4, R3|227-26
45754|code|ADD.W           R2, R3, #0xFFFFFFFF|3-241-255-50
45758|code|LDR             R3, [R7,#0x1C+var_C]|59-105
45760|code|ANDS            R3, R2|19-64
45762|code|STR             R3, [R7,#0x1C+var_1C]|59-96
45764|code|MOV             R3, #0x144C8|68-242-200-67-192-242-1-3
45772|code|LDR             R2, [R3]|26-104
45774|code|LDR             R3, [R7,#0x1C+var_18]|123-104
45776|code|ADDS            R2, R2, R3|210-24
45778|code|MOV             R3, #0x144C8|68-242-200-67-192-242-1-3
45786|code|STR             R2, [R3]|26-96
45788|code|MOV.W           R3, #0|79-240-0-3
45792|code|STR             R3, [R7,#0x1C+var_8]|123-97
45794|code|B               loc_B384|79-224
45796|code|MOV             R3, #0x144CC|68-242-204-67-192-242-1-3
45804|code|LDR             R2, [R3]|26-104
45806|code|LDR             R1, [R7,#0x1C+var_1C]|57-104
45808|code|LDR             R3, [R7,#0x1C+var_8]|123-105
45810|code|ADDS            R1, R1, R3|201-24
45812|code|LDR             R3, [R7,#0x1C+var_C]|59-105
45814|code|ANDS            R3, R1|11-64
45816|code|ADDS            R3, R2, R3|211-24
45818|code|LDRB            R3, [R3]|27-120
45820|code|STR             R3, [R7,#0x1C+var_14]|187-96
45822|code|MOV             R3, #0x144CC|68-242-204-67-192-242-1-3
45830|code|LDR             R1, [R3]|25-104
45832|code|MOV             R3, #0x17AD8|71-246-216-35-192-242-1-3
45840|code|LDRH            R3, [R3]|27-136
45842|code|MOV             R2, R3|26-70
45844|code|ADDS            R2, R1, R2|138-24
45846|code|LDR             R1, [R7,#0x1C+var_14]|185-104
45848|code|UXTB            R1, R1|201-178
45850|code|STRB            R1, [R2]|17-112
45852|code|ADD.W           R3, R3, #1|3-241-1-3
45856|code|UXTH            R2, R3|154-178
45858|code|MOV             R3, #0x17AD8|71-246-216-35-192-242-1-3
45866|code|STRH            R2, [R3]|26-128
45868|code|MOV             R3, #0x17AD8|71-246-216-35-192-242-1-3
45876|code|LDRH            R2, [R3]|26-136
45878|code|MOV             R3, #0x1449C|68-242-156-67-192-242-1-3
45886|code|LDRH            R3, [R3]|27-136
45888|code|CMP             R2, R3|154-66
45890|code|BNE             loc_B37C|27-209
45892|code|MOV             R3, #0x144CC|68-242-204-67-192-242-1-3
45900|code|LDR             R1, [R3]|25-104
45902|code|MOV             R3, #0x1449C|68-242-156-67-192-242-1-3
45910|code|LDRH            R3, [R3]|27-136
45912|code|MOV             R2, R3|26-70
45914|code|MOV             R3, #0x144D0|68-242-208-67-192-242-1-3
45922|code|LDR             R3, [R3]|27-104
45924|code|MOV             R0, R1|8-70
45926|code|MOV             R1, R2|17-70
45928|code|MOV             R2, R3|26-70
45930|code|BL              sub_AA88|255-247-141-251
45934|code|MOV             R3, #0x17AD8|71-246-216-35-192-242-1-3
45942|code|MOV.W           R2, #0|79-240-0-2
45946|code|STRH            R2, [R3]|26-128
45948|code|LDR             R3, [R7,#0x1C+var_8]|123-105
45950|code|ADD.W           R3, R3, #1|3-241-1-3
45954|code|STR             R3, [R7,#0x1C+var_8]|123-97
45956|code|LDR             R2, [R7,#0x1C+var_8]|122-105
45958|code|LDR             R3, [R7,#0x1C+var_18]|123-104
45960|code|CMP             R2, R3|154-66
45962|code|BLT             loc_B2E4|171-219
45964|code|MOV             R3, #0x144C8|68-242-200-67-192-242-1-3
45972|code|LDR             R2, [R3]|26-104
45974|code|MOV             R3, #0x154CC|69-242-204-67-192-242-1-3
45982|code|LDR             R3, [R3]|27-104
45984|code|CMP             R2, R3|154-66
45986|code|BCC.W           loc_B1F8|255-244-41-175
45990|code|MOV             R3, #0x17AD8|71-246-216-35-192-242-1-3
45998|code|LDRH            R3, [R3]|27-136
46000|code|CMP             R3, #0|0-43
46002|code|BEQ             loc_B3DE|20-208
46004|code|MOV             R3, #0x144CC|68-242-204-67-192-242-1-3
46012|code|LDR             R1, [R3]|25-104
46014|code|MOV             R3, #0x17AD8|71-246-216-35-192-242-1-3
46022|code|LDRH            R3, [R3]|27-136
46024|code|MOV             R2, R3|26-70
46026|code|MOV             R3, #0x144D0|68-242-208-67-192-242-1-3
46034|code|LDR             R3, [R3]|27-104
46036|code|MOV             R0, R1|8-70
46038|code|MOV             R1, R2|17-70
46040|code|MOV             R2, R3|26-70
46042|code|BL              sub_AA88|255-247-85-251
46046|code|MOV             R3, #0x144CC|68-242-204-67-192-242-1-3
46054|code|LDR             R3, [R3]|27-104
46056|code|MOV             R0, R3; ptr|24-70
46058|code|BLX             free|253-247-160-233
46062|code|ADD.W           R7, R7, #0x1C|7-241-28-7
46066|code|MOV             SP, R7|189-70
46068|code|POP.W           {R4,R7,LR}|189-232-144-64
46072|code|ADD             SP, SP, #0x10|4-176
46074|code|BX              LR|112-71
46076|data|ALIGN 0x10|0-0-0-0
46080|code|SUBS            R2, R1, #1|74-30
46082|code|IT EQ|8-191
46084|code|BXEQ            LR|112-71
46086|code|BCC.W           loc_B652|192-240-36-129
46090|code|CMP             R0, R1|136-66
46092|code|BLS.W           loc_B63C|64-242-22-129
46096|code|TST             R1, R2|17-66
46098|code|BEQ.W           loc_B644|0-240-23-129
46102|code|CLZ.W           R3, R0|176-250-128-243
46106|code|CLZ.W           R2, R1|177-250-129-242
46110|code|SUB.W           R3, R2, R3|162-235-3-3
46114|code|RSB.W           R3, R3, #0x1F|195-241-31-3
46118|code|ADR             R2, loc_B438|4-162
46120|code|ADD.W           R3, R2, R3,LSL#4|2-235-3-19
46124|code|MOV.W           R2, #0|79-240-0-2
46128|code|MOV             PC, R3|159-70
46130|data|ALIGN 4|0-191
46132|code|NOP.W|175-243-0-128
46136|code|CMP.W           R0, R1,LSL#31|176-235-193-127
46140|code|NOP|0-191
46142|code|ADC.W           R2, R2, R2|66-235-2-2
46146|code|IT CS|40-191
46148|code|SUBCS.W         R0, R0, R1,LSL#31|160-235-193-112
46152|code|CMP.W           R0, R1,LSL#30|176-235-129-127
46156|code|NOP|0-191
46158|code|ADC.W           R2, R2, R2|66-235-2-2
46162|code|IT CS|40-191
46164|code|SUBCS.W         R0, R0, R1,LSL#30|160-235-129-112
46168|code|CMP.W           R0, R1,LSL#29|176-235-65-127
46172|code|NOP|0-191
46174|code|ADC.W           R2, R2, R2|66-235-2-2
46178|code|IT CS|40-191
46180|code|SUBCS.W         R0, R0, R1,LSL#29|160-235-65-112
46184|code|CMP.W           R0, R1,LSL#28|176-235-1-127
46188|code|NOP|0-191
46190|code|ADC.W           R2, R2, R2|66-235-2-2
46194|code|IT CS|40-191
46196|code|SUBCS.W         R0, R0, R1,LSL#28|160-235-1-112
46200|code|CMP.W           R0, R1,LSL#27|176-235-193-111
46204|code|NOP|0-191
46206|code|ADC.W           R2, R2, R2|66-235-2-2
46210|code|IT CS|40-191
46212|code|SUBCS.W         R0, R0, R1,LSL#27|160-235-193-96
46216|code|CMP.W           R0, R1,LSL#26|176-235-129-111
46220|code|NOP|0-191
46222|code|ADC.W           R2, R2, R2|66-235-2-2
46226|code|IT CS|40-191
46228|code|SUBCS.W         R0, R0, R1,LSL#26|160-235-129-96
46232|code|CMP.W           R0, R1,LSL#25|176-235-65-111
46236|code|NOP|0-191
46238|code|ADC.W           R2, R2, R2|66-235-2-2
46242|code|IT CS|40-191
46244|code|SUBCS.W         R0, R0, R1,LSL#25|160-235-65-96
46248|code|CMP.W           R0, R1,LSL#24|176-235-1-111
46252|code|NOP|0-191
46254|code|ADC.W           R2, R2, R2|66-235-2-2
46258|code|IT CS|40-191
46260|code|SUBCS.W         R0, R0, R1,LSL#24|160-235-1-96
46264|code|CMP.W           R0, R1,LSL#23|176-235-193-95
46268|code|NOP|0-191
46270|code|ADC.W           R2, R2, R2|66-235-2-2
46274|code|IT CS|40-191
46276|code|SUBCS.W         R0, R0, R1,LSL#23|160-235-193-80
46280|code|CMP.W           R0, R1,LSL#22|176-235-129-95
46284|code|NOP|0-191
46286|code|ADC.W           R2, R2, R2|66-235-2-2
46290|code|IT CS|40-191
46292|code|SUBCS.W         R0, R0, R1,LSL#22|160-235-129-80
46296|code|CMP.W           R0, R1,LSL#21|176-235-65-95
46300|code|NOP|0-191
46302|code|ADC.W           R2, R2, R2|66-235-2-2
46306|code|IT CS|40-191
46308|code|SUBCS.W         R0, R0, R1,LSL#21|160-235-65-80
46312|code|CMP.W           R0, R1,LSL#20|176-235-1-95
46316|code|NOP|0-191
46318|code|ADC.W           R2, R2, R2|66-235-2-2
46322|code|IT CS|40-191
46324|code|SUBCS.W         R0, R0, R1,LSL#20|160-235-1-80
46328|code|CMP.W           R0, R1,LSL#19|176-235-193-79
46332|code|NOP|0-191
46334|code|ADC.W           R2, R2, R2|66-235-2-2
46338|code|IT CS|40-191
46340|code|SUBCS.W         R0, R0, R1,LSL#19|160-235-193-64
46344|code|CMP.W           R0, R1,LSL#18|176-235-129-79
46348|code|NOP|0-191
46350|code|ADC.W           R2, R2, R2|66-235-2-2
46354|code|IT CS|40-191
46356|code|SUBCS.W         R0, R0, R1,LSL#18|160-235-129-64
46360|code|CMP.W           R0, R1,LSL#17|176-235-65-79
46364|code|NOP|0-191
46366|code|ADC.W           R2, R2, R2|66-235-2-2
46370|code|IT CS|40-191
46372|code|SUBCS.W         R0, R0, R1,LSL#17|160-235-65-64
46376|code|CMP.W           R0, R1,LSL#16|176-235-1-79
46380|code|NOP|0-191
46382|code|ADC.W           R2, R2, R2|66-235-2-2
46386|code|IT CS|40-191
46388|code|SUBCS.W         R0, R0, R1,LSL#16|160-235-1-64
46392|code|CMP.W           R0, R1,LSL#15|176-235-193-63
46396|code|NOP|0-191
46398|code|ADC.W           R2, R2, R2|66-235-2-2
46402|code|IT CS|40-191
46404|code|SUBCS.W         R0, R0, R1,LSL#15|160-235-193-48
46408|code|CMP.W           R0, R1,LSL#14|176-235-129-63
46412|code|NOP|0-191
46414|code|ADC.W           R2, R2, R2|66-235-2-2
46418|code|IT CS|40-191
46420|code|SUBCS.W         R0, R0, R1,LSL#14|160-235-129-48
46424|code|CMP.W           R0, R1,LSL#13|176-235-65-63
46428|code|NOP|0-191
46430|code|ADC.W           R2, R2, R2|66-235-2-2
46434|code|IT CS|40-191
46436|code|SUBCS.W         R0, R0, R1,LSL#13|160-235-65-48
46440|code|CMP.W           R0, R1,LSL#12|176-235-1-63
46444|code|NOP|0-191
46446|code|ADC.W           R2, R2, R2|66-235-2-2
46450|code|IT CS|40-191
46452|code|SUBCS.W         R0, R0, R1,LSL#12|160-235-1-48
46456|code|CMP.W           R0, R1,LSL#11|176-235-193-47
46460|code|NOP|0-191
46462|code|ADC.W           R2, R2, R2|66-235-2-2
46466|code|IT CS|40-191
46468|code|SUBCS.W         R0, R0, R1,LSL#11|160-235-193-32
46472|code|CMP.W           R0, R1,LSL#10|176-235-129-47
46476|code|NOP|0-191
46478|code|ADC.W           R2, R2, R2|66-235-2-2
46482|code|IT CS|40-191
46484|code|SUBCS.W         R0, R0, R1,LSL#10|160-235-129-32
46488|code|CMP.W           R0, R1,LSL#9|176-235-65-47
46492|code|NOP|0-191
46494|code|ADC.W           R2, R2, R2|66-235-2-2
46498|code|IT CS|40-191
46500|code|SUBCS.W         R0, R0, R1,LSL#9|160-235-65-32
46504|code|CMP.W           R0, R1,LSL#8|176-235-1-47
46508|code|NOP|0-191
46510|code|ADC.W           R2, R2, R2|66-235-2-2
46514|code|IT CS|40-191
46516|code|SUBCS.W         R0, R0, R1,LSL#8|160-235-1-32
46520|code|CMP.W           R0, R1,LSL#7|176-235-193-31
46524|code|NOP|0-191
46526|code|ADC.W           R2, R2, R2|66-235-2-2
46530|code|IT CS|40-191
46532|code|SUBCS.W         R0, R0, R1,LSL#7|160-235-193-16
46536|code|CMP.W           R0, R1,LSL#6|176-235-129-31
46540|code|NOP|0-191
46542|code|ADC.W           R2, R2, R2|66-235-2-2
46546|code|IT CS|40-191
46548|code|SUBCS.W         R0, R0, R1,LSL#6|160-235-129-16
46552|code|CMP.W           R0, R1,LSL#5|176-235-65-31
46556|code|NOP|0-191
46558|code|ADC.W           R2, R2, R2|66-235-2-2
46562|code|IT CS|40-191
46564|code|SUBCS.W         R0, R0, R1,LSL#5|160-235-65-16
46568|code|CMP.W           R0, R1,LSL#4|176-235-1-31
46572|code|NOP|0-191
46574|code|ADC.W           R2, R2, R2|66-235-2-2
46578|code|IT CS|40-191
46580|code|SUBCS.W         R0, R0, R1,LSL#4|160-235-1-16
46584|code|CMP.W           R0, R1,LSL#3|176-235-193-15
46588|code|NOP|0-191
46590|code|ADC.W           R2, R2, R2|66-235-2-2
46594|code|IT CS|40-191
46596|code|SUBCS.W         R0, R0, R1,LSL#3|160-235-193-0
46600|code|CMP.W           R0, R1,LSL#2|176-235-129-15
46604|code|NOP|0-191
46606|code|ADC.W           R2, R2, R2|66-235-2-2
46610|code|IT CS|40-191
46612|code|SUBCS.W         R0, R0, R1,LSL#2|160-235-129-0
46616|code|CMP.W           R0, R1,LSL#1|176-235-65-15
46620|code|NOP|0-191
46622|code|ADC.W           R2, R2, R2|66-235-2-2
46626|code|IT CS|40-191
46628|code|SUBCS.W         R0, R0, R1,LSL#1|160-235-65-0
46632|code|CMP.W           R0, R1|176-235-1-15
46636|code|NOP|0-191
46638|code|ADC.W           R2, R2, R2|66-235-2-2
46642|code|IT CS|40-191
46644|code|SUBCS.W         R0, R0, R1|160-235-1-0
46648|code|MOV             R0, R2|16-70
46650|code|BX              LR|112-71
46652|code|ITE EQ|12-191
46654|code|MOVEQ           R0, #1|1-32
46656|code|MOVNE           R0, #0|0-32
46658|code|BX              LR|112-71
46660|code|CLZ.W           R2, R1|177-250-129-242
46664|code|RSB.W           R2, R2, #0x1F|194-241-31-2
46668|code|LSR.W           R0, R0, R2|32-250-2-240
46672|code|BX              LR|112-71
46674|code|CBZ             R0, loc_B658|8-177
46676|code|MOV.W           R0, #0xFFFFFFFF|79-240-255-48
46680|code|B.W             loc_B678|0-240-14-184
46684|code|CMP             R1, #0|0-41
46686|code|BEQ             loc_B652|248-208
46688|code|PUSH.W          {R0,R1,LR}|45-233-3-64
46692|code|BL              sub_B400|255-247-204-254
46696|code|POP.W           {R1,R2,LR}|189-232-6-64
46700|code|MUL.W           R3, R2, R0|2-251-0-243
46704|code|SUB.W           R1, R1, R3|161-235-3-1
46708|code|BX              LR|112-71
46710|data|ALIGN 4|0-191
46712|code|PUSH            {R1,LR}|2-181
46714|code|MOV.W           R0, #8; sig|79-240-8-0
46718|code|BLX             raise|253-247-68-232
46722|code|POP             {R1,PC}|2-189
46724|code|PUSH.W          {R3-R9,LR}|45-233-248-67
46728|code|MOV             R6, R0|6-70
46730|code|LDR.W           R9, =(off_1427C - 0xB698)|223-248-52-144
46734|code|MOV             R7, R1|15-70
46736|code|LDR             R5, =(off_14278 - 0xB69E)|12-77
46738|code|MOV             R8, R2|144-70
46740|code|ADD             R9, PC; off_1427C|249-68
46742|code|BL              .init_proc|253-247-33-248
46746|code|ADD             R5, PC; off_14278|125-68
46748|code|RSB.W           R9, R5, R9|197-235-9-9
46752|code|MOVS.W          R9, R9,ASR#2|95-234-169-9
46756|code|BEQ             locret_B6BA|9-208
46758|code|MOVS            R4, #0|0-36
46760|code|LDR.W           R3, [R5],#4|85-248-4-59
46764|code|MOV             R0, R6|48-70
46766|code|MOV             R1, R7|57-70
46768|code|MOV             R2, R8|66-70
46770|code|ADDS            R4, #1|1-52
46772|code|BLX             R3; sub_8898|152-71
46774|code|CMP             R4, R9|76-69
46776|code|BNE             loc_B6A8|246-209
46778|code|POP.W           {R3-R9,PC}|189-232-248-131
46782|data|ALIGN 0x10|0-191
46784|data|DCD off_1427C - 0xB698|228-139-0-0
46788|data|DCD off_14278 - 0xB69E|218-139-0-0
46792|code|BX              LR|112-71
46794|data|ALIGN 4|0-191
46796|code|PUSH            {R3,LR}|8-181
46798|code|NOP|0-191
46800|code|POP             {R3,PC}|8-189
46802|data|DCW 0|0-0
49780|data|ALIGN 8|0-0-0-0
82552|data|DCD sub_8898+1|153-136-0-0
82556|data|DCD sub_8888+1|137-136-0-0
82560|data|DCD 0|0-0-0-0
82564|data|Elf32_Dyn <1, <0x10>>; DT_NEEDED libc.so.6|1-0-0-0-16-0-0-0
82572|data|Elf32_Dyn <0xC, <0x86DD>>; DT_INIT|12-0-0-0-221-134-0-0
82580|data|Elf32_Dyn <0xD, <0xB6CD>>; DT_FINI|13-0-0-0-205-182-0-0
82588|data|Elf32_Dyn <0x19, <0x14278>>; DT_INIT_ARRAY|25-0-0-0-120-66-1-0
82596|data|Elf32_Dyn <0x1B, <4>>; DT_INIT_ARRAYSZ|27-0-0-0-4-0-0-0
82604|data|Elf32_Dyn <0x1A, <0x1427C>>; DT_FINI_ARRAY|26-0-0-0-124-66-1-0
82612|data|Elf32_Dyn <0x1C, <4>>; DT_FINI_ARRAYSZ|28-0-0-0-4-0-0-0
82620|data|Elf32_Dyn <4, <0x81A0>>; DT_HASH|4-0-0-0-160-129-0-0
82628|data|Elf32_Dyn <0x6FFFFEF5, <0x8258>>; DT_GNU_HASH|245-254-255-111-88-130-0-0
82636|data|Elf32_Dyn <5, <0x84E0>>; DT_STRTAB|5-0-0-0-224-132-0-0
82644|data|Elf32_Dyn <6, <0x8330>>; DT_SYMTAB|6-0-0-0-48-131-0-0
82652|data|Elf32_Dyn <0xA, <0xCC>>; DT_STRSZ|10-0-0-0-204-0-0-0
82660|data|Elf32_Dyn <0xB, <0x10>>; DT_SYMENT|11-0-0-0-16-0-0-0
82668|data|Elf32_Dyn <0x15, <0>>; DT_DEBUG|21-0-0-0-0-0-0-0
82676|data|Elf32_Dyn <3, <0x14374>>; DT_PLTGOT|3-0-0-0-116-67-1-0
82684|data|Elf32_Dyn <2, <0xD0>>; DT_PLTRELSZ|2-0-0-0-208-0-0-0
82692|data|Elf32_Dyn <0x14, <0x11>>; DT_PLTREL|20-0-0-0-17-0-0-0
82700|data|Elf32_Dyn <0x17, <0x860C>>; DT_JMPREL|23-0-0-0-12-134-0-0
82708|data|Elf32_Dyn <0x11, <0x8604>>; DT_REL|17-0-0-0-4-134-0-0
82716|data|Elf32_Dyn <0x12, <8>>; DT_RELSZ|18-0-0-0-8-0-0-0
82724|data|Elf32_Dyn <0x13, <8>>; DT_RELENT|19-0-0-0-8-0-0-0
82732|data|Elf32_Dyn <0x6FFFFFFE, <0x85E4>>; DT_VERNEED|254-255-255-111-228-133-0-0
82740|data|Elf32_Dyn <0x6FFFFFFF, <1>>; DT_VERNEEDNUM|255-255-255-111-1-0-0-0
82748|data|Elf32_Dyn <0x6FFFFFF0, <0x85AC>>; DT_VERSYM|240-255-255-111-172-133-0-0
82756|data|Elf32_Dyn <0>; DT_NULL|0-0-0-0-0-0-0-0
82764|data|ALIGN 0x10|0-0-0-0
82804|data|DCD stru_14284|132-66-1-0
82808|data|DCD 0|0-0-0-0
82812|data|DCD 0|0-0-0-0
82816|data|DCD __imp_calloc|148-126-1-0
82820|data|DCD __imp_raise|184-126-1-0
82824|data|DCD __imp_printf|168-126-1-0
82828|data|DCD __imp_fopen|108-126-1-0
82832|data|DCD __imp_free|112-126-1-0
82836|data|DCD __imp_memcpy|164-126-1-0
82840|data|DCD __imp__IO_getc|116-126-1-0
82844|data|DCD __imp_ftell|156-126-1-0
82848|data|DCD __imp_memcmp|140-126-1-0
82852|data|DCD __imp_rewind|100-126-1-0
82856|data|DCD __imp_fwrite|188-126-1-0
82860|data|DCD __imp_tmpfile|132-126-1-0
82864|data|DCD __imp_fread|92-126-1-0
82868|data|DCD __imp_puts|160-126-1-0
82872|data|DCD __imp_malloc|172-126-1-0
82876|data|DCD __imp___libc_start_main|136-126-1-0
82880|data|DCD __imp___gmon_start__|192-126-1-0
82884|data|DCD __imp_exit|124-126-1-0
82888|data|DCD __imp_feof|176-126-1-0
82892|data|DCD __imp_memset|96-126-1-0
82896|data|DCD __imp_putchar|144-126-1-0
82900|data|DCD __imp_fclose|152-126-1-0
82904|data|DCD __imp_sprintf|180-126-1-0
82908|data|DCD __imp_atoi|128-126-1-0
82912|data|DCD __imp_fseek|104-126-1-0
82916|data|DCD __imp_abort|120-126-1-0
82920|data|DCD __imp___gmon_start__|192-126-1-0
82924|data|ALIGN 0x10|0-0-0-0
83076|data|% 1|255
83100|data|% 2|255-255
83102|data|% 1|255
83103|data|% 1|255
83110|data|% 2|255-255
83112|data|% 2|255-255
83114|data|% 2|255-255
83116|data|% 2|255-255
83118|data|% 2|255-255
83120|data|% 2|255-255
83122|data|% 2|255-255
83124|data|% 2|255-255
83126|data|% 2|255-255
83128|data|% 2|255-255
83130|data|ALIGN 4|255-255
83132|data|% 4|255-255-255-255
83136|data|% 4|255-255-255-255
83140|data|% 4|255-255-255-255
83144|data|% 4|255-255-255-255
83148|data|% 4|255-255-255-255
83152|data|% 4|255-255-255-255
83156|data|% 2|255-255
83158|data|ALIGN 4|255-255
83160|data|% 4|255-255-255-255
87242|data|% 2|255-255
87244|data|% 4|255-255-255-255
95960|data|% 4|255-255-255-255
96984|data|% 2|255-255
