address|type|disassembly|bytes
65536|data|DCD 0x464C457F; File format: \x7FELF|127-69-76-70
65540|data|DCB 1; File class: 32-bit|1
65541|data|DCB 1; Data encoding: little-endian|1
65542|data|DCB 1; File version|1
65543|data|DCB 0; OS/ABI: UNIX System V ABI|0
65544|data|DCB 0; ABI Version|0
65545|data|DCB 0, 0, 0, 0, 0, 0, 0; Padding|0-0-0-0-0-0-0
65552|data|DCW 2; File type: Executable|2-0
65554|data|DCW 0x28; Machine: ARM|40-0
65556|data|DCD 1; File version|1-0-0-0
65560|data|DCD start+1; Entry point|85-21-1-0
65564|data|DCD 0x34; PHT file offset|52-0-0-0
65568|data|DCD 0x4210; SHT file offset|16-66-0-0
65572|data|DCD 0x5000402; Processor-specific flags|2-4-0-5
65576|data|DCW 0x34; ELF header size|52-0
65578|data|DCW 0x20; PHT entry size|32-0
65580|data|DCW 9; Number of entries in PHT|9-0
65582|data|DCW 0x28; SHT entry size|40-0
65584|data|DCW 0x1B; Number of entries in SHT|27-0
65586|data|DCW 0x1A; SHT entry index for string table|26-0
65588|data|DCD 0x70000001; Type: EXIDX|1-0-0-112
65592|data|DCD 0x340C; File offset|12-52-0-0
65596|data|DCD unk_1340C; Virtual address|12-52-1-0
65600|data|DCD 0x1340C; Physical address|12-52-1-0
65604|data|DCD 8; Size in file image|8-0-0-0
65608|data|DCD 8; Size in memory image|8-0-0-0
65612|data|DCD 4; Flags|4-0-0-0
65616|data|DCD 4; Alignment|4-0-0-0
65620|data|DCD 6; Type: PHDR|6-0-0-0
65624|data|DCD 0x34; File offset|52-0-0-0
65628|data|DCD dword_10034; Virtual address|52-0-1-0
65632|data|DCD 0x10034; Physical address|52-0-1-0
65636|data|DCD 0x120; Size in file image|32-1-0-0
65640|data|DCD 0x120; Size in memory image|32-1-0-0
65644|data|DCD 5; Flags|5-0-0-0
65648|data|DCD 4; Alignment|4-0-0-0
65652|data|DCD 3; Type: INTERP|3-0-0-0
65656|data|DCD 0x154; File offset|84-1-0-0
65660|data|DCD aLibLdLinuxArmh; Virtual address|84-1-1-0
65664|data|DCD 0x10154; Physical address|84-1-1-0
65668|data|DCD 0x19; Size in file image|25-0-0-0
65672|data|DCD 0x19; Size in memory image|25-0-0-0
65676|data|DCD 4; Flags|4-0-0-0
65680|data|DCD 1; Alignment|1-0-0-0
65684|data|DCD 1; Type: LOAD|1-0-0-0
65688|data|DCD 0; File offset|0-0-0-0
65692|data|DCD dword_10000; Virtual address|0-0-1-0
65696|data|DCD 0x10000; Physical address|0-0-1-0
65700|data|DCD 0x3418; Size in file image|24-52-0-0
65704|data|DCD 0x3418; Size in memory image|24-52-0-0
65708|data|DCD 5; Flags|5-0-0-0
65712|data|DCD 0x10000; Alignment|0-0-1-0
65716|data|DCD 1; Type: LOAD|1-0-0-0
65720|data|DCD 0x3F04; File offset|4-63-0-0
65724|data|DCD off_23F04; Virtual address|4-63-2-0
65728|data|DCD 0x23F04; Physical address|4-63-2-0
65732|data|DCD 0x1E4; Size in file image|228-1-0-0
65736|data|DCD 0x214; Size in memory image|20-2-0-0
65740|data|DCD 6; Flags|6-0-0-0
65744|data|DCD 0x10000; Alignment|0-0-1-0
65748|data|DCD 2; Type: DYNAMIC|2-0-0-0
65752|data|DCD 0x3F10; File offset|16-63-0-0
65756|data|DCD stru_23F10; Virtual address|16-63-2-0
65760|data|DCD 0x23F10; Physical address|16-63-2-0
65764|data|DCD 0xF0; Size in file image|240-0-0-0
65768|data|DCD 0xF0; Size in memory image|240-0-0-0
65772|data|DCD 6; Flags|6-0-0-0
65776|data|DCD 4; Alignment|4-0-0-0
65780|data|DCD 4; Type: NOTE|4-0-0-0
65784|data|DCD 0x170; File offset|112-1-0-0
65788|data|DCD dword_10170; Virtual address|112-1-1-0
65792|data|DCD 0x10170; Physical address|112-1-1-0
65796|data|DCD 0x44; Size in file image|68-0-0-0
65800|data|DCD 0x44; Size in memory image|68-0-0-0
65804|data|DCD 4; Flags|4-0-0-0
65808|data|DCD 4; Alignment|4-0-0-0
65812|data|DCD 0x6474E551; Type: STACK|81-229-116-100
65816|data|DCD 0; File offset|0-0-0-0
65820|data|DCD 0; Virtual address|0-0-0-0
65824|data|DCD 0; Physical address|0-0-0-0
65828|data|DCD 0; Size in file image|0-0-0-0
65832|data|DCD 0; Size in memory image|0-0-0-0
65836|data|DCD 6; Flags|6-0-0-0
65840|data|DCD 0x10; Alignment|16-0-0-0
65844|data|DCD 0x6474E552; Type: RO-AFTER|82-229-116-100
65848|data|DCD 0x3F04; File offset|4-63-0-0
65852|data|DCD off_23F04; Virtual address|4-63-2-0
65856|data|DCD 0x23F04; Physical address|4-63-2-0
65860|data|DCD 0xFC; Size in file image|252-0-0-0
65864|data|DCD 0xFC; Size in memory image|252-0-0-0
65868|data|DCD 4; Flags|4-0-0-0
65872|data|DCD 1; Alignment|1-0-0-0
65876|data|DCB "/lib/ld-linux-armhf.so.3",0|47-108-105-98-47-108-100-45-108-105-110-117-120-45-97-114-109-104-102-46-115-111-46-51-0
65901|data|DCB 0, 0, 0|0-0-0
65904|data|DCD 4; Name Size|4-0-0-0
65908|data|DCD 0x10; Desc Size|16-0-0-0
65912|data|DCD 1; Type: NT_GNU_ABI_TAG|1-0-0-0
65916|data|DCB "GNU",0; Name|71-78-85-0
65920|data|DCD 0, 2, 6, 0x20; ABI: Linux 2.6.32|0-0-0-0-2-0-0-0-6-0-0-0-32-0-0-0
65936|data|DCD 4; Name Size|4-0-0-0
65940|data|DCD 0x14; Desc Size|20-0-0-0
65944|data|DCD 3; Type: NT_GNU_BUILD_ID|3-0-0-0
65948|data|DCB "GNU",0; Name|71-78-85-0
65952|data|DCB 0x72, 0xE9, 0x80, 0x58, 0x82, 0x32, 0x36, 0x43, 0xA4; Desc|114-233-128-88-130-50-54-67-164-68-141-79-186-192-242-204-255-224-99-249
65972|data|DCD 0x25|37-0-0-0
65976|data|DCD 2|2-0-0-0
65980|data|DCD 0x10|16-0-0-0
65984|data|DCD 9|9-0-0-0
65988|data|DCD 0xC248A2, 0x9E1B4085, 0xEC822800, 0x241112, 0x1000080|162-72-194-0-133-64-27-158-0-40-130-236-18-17-36-0-128-0-0-1-42-41-38-88-0-0-0-0-32-160-2-0-130-0-130-36-130-65-194-32-4-16-32-8-80-4-72-32-0-0-0-32-72-68-128-8-0-18-0-144-64-40-148-0
66052|data|DCD 2, 5, 0, 6, 0, 9, 0xB, 0xC, 0xE, 0xF, 0x11, 0x13, 0|2-0-0-0-5-0-0-0-0-0-0-0-6-0-0-0-0-0-0-0-9-0-0-0-11-0-0-0-12-0-0-0-14-0-0-0-15-0-0-0-17-0-0-0-19-0-0-0-0-0-0-0-23-0-0-0-26-0-0-0-30-0-0-0-31-0-0-0-35-0-0-0-36-0-0-0-37-0-0-0-40-0-0-0-0-0-0-0-41-0-0-0-43-0-0-0-45-0-0-0-46-0-0-0-47-0-0-0-48-0-0-0-50-0-0-0-53-0-0-0-0-0-0-0-56-0-0-0-0-0-0-0-57-0-0-0-0-0-0-0-0-0-0-0-0-0-0-0
66200|data|DCD 0x9E7650BC, 0xD39AD3C, 0x615D8AA1, 0x7C9665E7, 0xA4F92300|188-80-118-158-60-173-57-13-161-138-93-97-231-101-150-124-0-35-249-164-4-108-178-205-23-47-116-15-32-98-100-7-117-136-159-16-163-90-239-144-134-240-150-124-191-134-239-14-181-86-49-253-38-118-250-59-47-78-61-246-92-252-159-124-229-98-65-245-66-119-41-145-56-242-139-28-96-152-239-18-187-149-147-28-186-213-128-194-40-29-140-28-125-237-17-15-162-141-85-147-28-53-139-115-80-238-17-227-91-154-59-15-157-187-147-28-50-196-247-18-48-239-233-188-6-174-213-39-237-233-67-43-35-190-15-175-63-126-150-124-14-66-21-179-48-184-130-13-229-222-147-28-169-118-98-73-56-232-68-16-59-32-44-181-178-162-247-18-205-63-12-175-7-47-116-15-33-207-9-253-95-150-147-28-236-222-147-28-235-111-167-247-200-57-64-31-174-111-136-11-95-116-59-197-102-73-73-34-10-226-235-180-115-149-102-133-105-228-117-15-77-235-58-125
66424|data|Elf32_Sym <0>|0-0-0-0-0-0-0-0-0-0-0-0-0-0-0-0
66440|data|Elf32_Sym <aGmonStart - byte_10718, 0, 0, 0x20, 0, 0>; "__gmon_start__"|54-2-0-0-0-0-0-0-0-0-0-0-32-0-0-0
66456|data|Elf32_Sym <aProgname - byte_10718, program_invocation_short_name, 4, \; "__progname"|248-1-0-0-232-64-2-0-4-0-0-0-17-0-24-0
66472|data|Elf32_Sym <aMalloc - byte_10718, 0, 0, 0x12, 0, 0>; "malloc"|31-1-0-0-0-0-0-0-0-0-0-0-18-0-0-0
66488|data|Elf32_Sym <aSetlocale - byte_10718, 0, 0, 0x12, 0, 0>; "setlocale"|24-0-0-0-0-0-0-0-0-0-0-0-18-0-0-0
66504|data|Elf32_Sym <aErrx - byte_10718, 0, 0, 0x12, 0, 0>; "errx"|155-1-0-0-0-0-0-0-0-0-0-0-18-0-0-0
66520|data|Elf32_Sym <aErrnoLocation - byte_10718, 0, 0, 0x12, 0, 0>; "__errno_location"|161-0-0-0-0-0-0-0-0-0-0-0-18-0-0-0
66536|data|Elf32_Sym <aStrdup - byte_10718, 0, 0, 0x12, 0, 0>; "__strdup"|49-0-0-0-0-0-0-0-0-0-0-0-18-0-0-0
66552|data|Elf32_Sym <aFputs - byte_10718, 0, 0, 0x12, 0, 0>; "fputs"|10-1-0-0-0-0-0-0-0-0-0-0-18-0-0-0
66568|data|Elf32_Sym <aStackChkGuard - byte_10718, __stack_chk_guard, 4, 0x11, 0,\; "__stack_chk_guard"|36-2-0-0-240-64-2-0-4-0-0-0-17-0-24-0
66584|data|Elf32_Sym <aWarnx - byte_10718, 0, 0, 0x12, 0, 0>; "warnx"|68-0-0-0-0-0-0-0-0-0-0-0-18-0-0-0
66600|data|Elf32_Sym <aLseek64 - byte_10718, 0, 0, 0x12, 0, 0>; "lseek64"|110-1-0-0-0-0-0-0-0-0-0-0-18-0-0-0
66616|data|Elf32_Sym <aFree - byte_10718, 0, 0, 0x12, 0, 0>; "free"|243-1-0-0-0-0-0-0-0-0-0-0-18-0-0-0
66632|data|Elf32_Sym <aExit - byte_10718, 0, 0, 0x12, 0, 0>; "_exit"|103-0-0-0-0-0-0-0-0-0-0-0-18-0-0-0
66648|data|Elf32_Sym <aFerror - byte_10718, 0, 0, 0x12, 0, 0>; "ferror"|220-1-0-0-0-0-0-0-0-0-0-0-18-0-0-0
66664|data|Elf32_Sym <aFxstat64 - byte_10718, 0, 0, 0x12, 0, 0>; "__fxstat64"|197-0-0-0-0-0-0-0-0-0-0-0-18-0-0-0
66680|data|Elf32_Sym <aLibcStartMain - byte_10718, 0, 0, 0x12, 0, 0>; "__libc_start_main"|202-1-0-0-0-0-0-0-0-0-0-0-18-0-0-0
66696|data|Elf32_Sym <aWarn - byte_10718, 0, 0, 0x12, 0, 0>; "warn"|156-0-0-0-0-0-0-0-0-0-0-0-18-0-0-0
66712|data|Elf32_Sym <aProgramInvocat - byte_10718, \; "program_invocation_short_name"|125-1-0-0-232-64-2-0-4-0-0-0-33-0-24-0
66728|data|Elf32_Sym <aBindtextdomain+4 - byte_10718, 0, 0, 0x12, 0, 0>; "textdomain"|164-1-0-0-0-0-0-0-0-0-0-0-18-0-0-0
66744|data|Elf32_Sym <aStderr - byte_10718, stderr, 4, 0x11, 0, 0x18>; "stderr"|65-1-0-0-0-65-2-0-4-0-0-0-17-0-24-0
66760|data|Elf32_Sym <aOpen64 - byte_10718, 0, 0, 0x12, 0, 0>; "open64"|178-0-0-0-0-0-0-0-0-0-0-0-18-0-0-0
66776|data|Elf32_Sym <aStrchr - byte_10718, 0, 0, 0x12, 0, 0>; "strchr"|118-1-0-0-0-0-0-0-0-0-0-0-18-0-0-0
66792|data|Elf32_Sym <aPread64 - byte_10718, 0, 0, 0x12, 0, 0>; "pread64"|123-0-0-0-0-0-0-0-0-0-0-0-18-0-0-0
66808|data|Elf32_Sym <aStdout - byte_10718, stdout, 4, 0x11, 0, 0x18>; "stdout"|234-0-0-0-4-65-2-0-4-0-0-0-17-0-24-0
66824|data|Elf32_Sym <aAbort - byte_10718, 0, 0, 0x12, 0, 0>; "abort"|97-0-0-0-0-0-0-0-0-0-0-0-18-0-0-0
66840|data|Elf32_Sym <aPosixFadvise64 - byte_10718, 0, 0, 0x12, 0, 0>; "posix_fadvise64"|227-1-0-0-0-0-0-0-0-0-0-0-18-0-0-0
66856|data|Elf32_Sym <aGetpagesize - byte_10718, 0, 0, 0x12, 0, 0>; "getpagesize"|185-0-0-0-0-0-0-0-0-0-0-0-18-0-0-0
66872|data|Elf32_Sym <aFprintfChk - byte_10718, 0, 0, 0x12, 0, 0>; "__fprintf_chk"|208-0-0-0-0-0-0-0-0-0-0-0-18-0-0-0
66888|data|Elf32_Sym <aFclose+1 - byte_10718, 0, 0, 0x12, 0, 0>; "close"|17-1-0-0-0-0-0-0-0-0-0-0-18-0-0-0
66904|data|Elf32_Sym <aStrlen - byte_10718, 0, 0, 0x12, 0, 0>; "strlen"|131-0-0-0-0-0-0-0-0-0-0-0-18-0-0-0
66920|data|Elf32_Sym <aOptind - byte_10718, optind, 4, 0x11, 0, 0x18>; "optind"|42-0-0-0-248-64-2-0-4-0-0-0-17-0-24-0
66936|data|Elf32_Sym <aDcgettext - byte_10718, 0, 0, 0x12, 0, 0>; "dcgettext"|58-0-0-0-0-0-0-0-0-0-0-0-18-0-0-0
66952|data|Elf32_Sym <aGetoptLong - byte_10718, 0, 0, 0x12, 0, 0>; "getopt_long"|87-1-0-0-0-0-0-0-0-0-0-0-18-0-0-0
66968|data|Elf32_Sym <aCxaAtexit - byte_10718, 0, 0, 0x12, 0, 0>; "__cxa_atexit"|3-2-0-0-0-0-0-0-0-0-0-0-18-0-0-0
66984|data|Elf32_Sym <aStrtoul - byte_10718, 0, 0, 0x12, 0, 0>; "strtoul"|23-1-0-0-0-0-0-0-0-0-0-0-18-0-0-0
67000|data|Elf32_Sym <aExit+1 - byte_10718, 0, 0, 0x12, 0, 0>; "exit"|104-0-0-0-0-0-0-0-0-0-0-0-18-0-0-0
67016|data|Elf32_Sym <aFpending - byte_10718, 0, 0, 0x12, 0, 0>; "__fpending"|99-1-0-0-0-0-0-0-0-0-0-0-18-0-0-0
67032|data|Elf32_Sym <aMemset - byte_10718, 0, 0, 0x12, 0, 0>; "memset"|138-0-0-0-0-0-0-0-0-0-0-0-18-0-0-0
67048|data|Elf32_Sym <aStrtod - byte_10718, 0, 0, 0x12, 0, 0>; "strtod"|109-0-0-0-0-0-0-0-0-0-0-0-18-0-0-0
67064|data|Elf32_Sym <aStrtoullIntern - byte_10718, 0, 0, 0x12, 0, 0>; "__strtoull_internal"|182-1-0-0-0-0-0-0-0-0-0-0-18-0-0-0
67080|data|Elf32_Sym <aRaise - byte_10718, 0, 0, 0x12, 0, 0>; "raise"|38-1-0-0-0-0-0-0-0-0-0-0-18-0-0-0
67096|data|Elf32_Sym <aFallocate64 - byte_10718, 0, 0, 0x12, 0, 0>; "fallocate64"|222-0-0-0-0-0-0-0-0-0-0-0-18-0-0-0
67112|data|Elf32_Sym <aOptarg - byte_10718, optarg, 4, 0x11, 0, 0x18>; "optarg"|58-1-0-0-8-65-2-0-4-0-0-0-17-0-24-0
67128|data|Elf32_Sym <aStrncmp - byte_10718, 0, 0, 0x12, 0, 0>; "strncmp"|34-0-0-0-0-0-0-0-0-0-0-0-18-0-0-0
67144|data|Elf32_Sym <aFputc - byte_10718, 0, 0, 0x12, 0, 0>; "fputc"|241-0-0-0-0-0-0-0-0-0-0-0-18-0-0-0
67160|data|Elf32_Sym <aFclose - byte_10718, 0, 0, 0x12, 0, 0>; "fclose"|16-1-0-0-0-0-0-0-0-0-0-0-18-0-0-0
67176|data|Elf32_Sym <aStrcmp - byte_10718, 0, 0, 0x12, 0, 0>; "strcmp"|175-1-0-0-0-0-0-0-0-0-0-0-18-0-0-0
67192|data|Elf32_Sym <aStrtol - byte_10718, 0, 0, 0x12, 0, 0>; "strtol"|116-0-0-0-0-0-0-0-0-0-0-0-18-0-0-0
67208|data|Elf32_Sym <aLocaleconv - byte_10718, 0, 0, 0x12, 0, 0>; "localeconv"|145-0-0-0-0-0-0-0-0-0-0-0-18-0-0-0
67224|data|Elf32_Sym <aStackChkFail - byte_10718, 0, 0, 0x12, 0, 0>; "__stack_chk_fail"|74-0-0-0-0-0-0-0-0-0-0-0-18-0-0-0
67240|data|Elf32_Sym <aStderr+3 - byte_10718, 0, 0, 0x12, 0, 0>; "err"|68-1-0-0-0-0-0-0-0-0-0-0-18-0-0-0
67256|data|Elf32_Sym <aBindtextdomain - byte_10718, 0, 0, 0x12, 0, 0>; "bindtextdomain"|160-1-0-0-0-0-0-0-0-0-0-0-18-0-0-0
67272|data|Elf32_Sym <aCtypeBLoc - byte_10718, 0, 0, 0x12, 0, 0>; "__ctype_b_loc"|44-1-0-0-0-0-0-0-0-0-0-0-18-0-0-0
67288|data|Elf32_Sym <aPrintfChk - byte_10718, 0, 0, 0x12, 0, 0>; "__printf_chk"|11-0-0-0-0-0-0-0-0-0-0-0-18-0-0-0
67304|data|Elf32_Sym <aStrtollInterna - byte_10718, 0, 0, 0x12, 0, 0>; "__strtoll_internal"|247-0-0-0-0-0-0-0-0-0-0-0-18-0-0-0
67320|data|Elf32_Sym <aFsync - byte_10718, 0, 0, 0x12, 0, 0>; "fsync"|91-0-0-0-0-0-0-0-0-0-0-0-18-0-0-0
67336|data|Elf32_Sym <aSnprintfChk - byte_10718, 0, 0, 0x12, 0, 0>; "__snprintf_chk"|72-1-0-0-0-0-0-0-0-0-0-0-18-0-0-0
67352|data|DCB 0|0
67353|data|DCB "libc.so.6",0|108-105-98-99-46-115-111-46-54-0
67363|data|DCB "__printf_chk",0|95-95-112-114-105-110-116-102-95-99-104-107-0
67376|data|DCB "setlocale",0|115-101-116-108-111-99-97-108-101-0
67386|data|DCB "strncmp",0|115-116-114-110-99-109-112-0
67394|data|DCB "optind",0|111-112-116-105-110-100-0
67401|data|DCB "__strdup",0|95-95-115-116-114-100-117-112-0
67410|data|DCB "dcgettext",0|100-99-103-101-116-116-101-120-116-0
67420|data|DCB "warnx",0|119-97-114-110-120-0
67426|data|DCB "__stack_chk_fail",0|95-95-115-116-97-99-107-95-99-104-107-95-102-97-105-108-0
67443|data|DCB "fsync",0|102-115-121-110-99-0
67449|data|DCB "abort",0|97-98-111-114-116-0
67455|data|DCB "_exit",0|95-101-120-105-116-0
67461|data|DCB "strtod",0|115-116-114-116-111-100-0
67468|data|DCB "strtol",0|115-116-114-116-111-108-0
67475|data|DCB "pread64",0|112-114-101-97-100-54-52-0
67483|data|DCB "strlen",0|115-116-114-108-101-110-0
67490|data|DCB "memset",0|109-101-109-115-101-116-0
67497|data|DCB "localeconv",0|108-111-99-97-108-101-99-111-110-118-0
67508|data|DCB "warn",0|119-97-114-110-0
67513|data|DCB "__errno_location",0|95-95-101-114-114-110-111-95-108-111-99-97-116-105-111-110-0
67530|data|DCB "open64",0|111-112-101-110-54-52-0
67537|data|DCB "getpagesize",0|103-101-116-112-97-103-101-115-105-122-101-0
67549|data|DCB "__fxstat64",0|95-95-102-120-115-116-97-116-54-52-0
67560|data|DCB "__fprintf_chk",0|95-95-102-112-114-105-110-116-102-95-99-104-107-0
67574|data|DCB "fallocate64",0|102-97-108-108-111-99-97-116-101-54-52-0
67586|data|DCB "stdout",0|115-116-100-111-117-116-0
67593|data|DCB "fputc",0|102-112-117-116-99-0
67599|data|DCB "__strtoll_internal",0|95-95-115-116-114-116-111-108-108-95-105-110-116-101-114-110-97-108-0
67618|data|DCB "fputs",0|102-112-117-116-115-0
67624|data|DCB "fclose",0|102-99-108-111-115-101-0
67631|data|DCB "strtoul",0|115-116-114-116-111-117-108-0
67639|data|DCB "malloc",0|109-97-108-108-111-99-0
67646|data|DCB "raise",0|114-97-105-115-101-0
67652|data|DCB "__ctype_b_loc",0|95-95-99-116-121-112-101-95-98-95-108-111-99-0
67666|data|DCB "optarg",0|111-112-116-97-114-103-0
67673|data|DCB "stderr",0|115-116-100-101-114-114-0
67680|data|DCB "__snprintf_chk",0|95-95-115-110-112-114-105-110-116-102-95-99-104-107-0
67695|data|DCB "getopt_long",0|103-101-116-111-112-116-95-108-111-110-103-0
67707|data|DCB "__fpending",0|95-95-102-112-101-110-100-105-110-103-0
67718|data|DCB "lseek64",0|108-115-101-101-107-54-52-0
67726|data|DCB "strchr",0|115-116-114-99-104-114-0
67733|data|DCB "program_invocation_short_name",0|112-114-111-103-114-97-109-95-105-110-118-111-99-97-116-105-111-110-95-115-104-111-114-116-95-110-97-109-101-0
67763|data|DCB "errx",0|101-114-114-120-0
67768|data|DCB "bindtextdomain",0|98-105-110-100-116-101-120-116-100-111-109-97-105-110-0
67783|data|DCB "strcmp",0|115-116-114-99-109-112-0
67790|data|DCB "__strtoull_internal",0|95-95-115-116-114-116-111-117-108-108-95-105-110-116-101-114-110-97-108-0
67810|data|DCB "__libc_start_main",0|95-95-108-105-98-99-95-115-116-97-114-116-95-109-97-105-110-0
67828|data|DCB "ferror",0|102-101-114-114-111-114-0
67835|data|DCB "posix_fadvise64",0|112-111-115-105-120-95-102-97-100-118-105-115-101-54-52-0
67851|data|DCB "free",0|102-114-101-101-0
67856|data|DCB "__progname",0|95-95-112-114-111-103-110-97-109-101-0
67867|data|DCB "__cxa_atexit",0|95-95-99-120-97-95-97-116-101-120-105-116-0
67880|data|DCB "ld-linux-armhf.so.3",0|108-100-45-108-105-110-117-120-45-97-114-109-104-102-46-115-111-46-51-0
67900|data|DCB "__stack_chk_guard",0|95-95-115-116-97-99-107-95-99-104-107-95-103-117-97-114-100-0
67918|data|DCB "__gmon_start__",0|95-95-103-109-111-110-95-115-116-97-114-116-95-95-0
67933|data|DCB "GLIBC_2.4",0|71-76-73-66-67-95-50-46-52-0
67943|data|DCB "GLIBC_2.11",0|71-76-73-66-67-95-50-46-49-49-0
67954|data|DCW 0|0-0
67956|data|DCW 0; local  symbol: __gmon_start__|0-0
67958|data|DCW 2; __progname@@GLIBC_2.4|2-0
67960|data|DCW 2; malloc@@GLIBC_2.4|2-0
67962|data|DCW 2; setlocale@@GLIBC_2.4|2-0
67964|data|DCW 2; errx@@GLIBC_2.4|2-0
67966|data|DCW 2; __errno_location@@GLIBC_2.4|2-0
67968|data|DCW 2; __strdup@@GLIBC_2.4|2-0
67970|data|DCW 2; fputs@@GLIBC_2.4|2-0
67972|data|DCW 3; __stack_chk_guard@@GLIBC_2.4|3-0
67974|data|DCW 2; warnx@@GLIBC_2.4|2-0
67976|data|DCW 2; lseek64@@GLIBC_2.4|2-0
67978|data|DCW 2; free@@GLIBC_2.4|2-0
67980|data|DCW 2; _exit@@GLIBC_2.4|2-0
67982|data|DCW 2; ferror@@GLIBC_2.4|2-0
67984|data|DCW 2; __fxstat64@@GLIBC_2.4|2-0
67986|data|DCW 2; __libc_start_main@@GLIBC_2.4|2-0
67988|data|DCW 2; warn@@GLIBC_2.4|2-0
67990|data|DCW 2; program_invocation_short_name@@GLIBC_2.4|2-0
67992|data|DCW 2; textdomain@@GLIBC_2.4|2-0
67994|data|DCW 2; stderr@@GLIBC_2.4|2-0
67996|data|DCW 2; open64@@GLIBC_2.4|2-0
67998|data|DCW 2; strchr@@GLIBC_2.4|2-0
68000|data|DCW 2; pread64@@GLIBC_2.4|2-0
68002|data|DCW 2; stdout@@GLIBC_2.4|2-0
68004|data|DCW 2; abort@@GLIBC_2.4|2-0
68006|data|DCW 2; posix_fadvise64@@GLIBC_2.4|2-0
68008|data|DCW 2; getpagesize@@GLIBC_2.4|2-0
68010|data|DCW 2; __fprintf_chk@@GLIBC_2.4|2-0
68012|data|DCW 2; close@@GLIBC_2.4|2-0
68014|data|DCW 2; strlen@@GLIBC_2.4|2-0
68016|data|DCW 2; optind@@GLIBC_2.4|2-0
68018|data|DCW 2; dcgettext@@GLIBC_2.4|2-0
68020|data|DCW 2; getopt_long@@GLIBC_2.4|2-0
68022|data|DCW 2; __cxa_atexit@@GLIBC_2.4|2-0
68024|data|DCW 2; strtoul@@GLIBC_2.4|2-0
68026|data|DCW 2; exit@@GLIBC_2.4|2-0
68028|data|DCW 2; __fpending@@GLIBC_2.4|2-0
68030|data|DCW 2; memset@@GLIBC_2.4|2-0
68032|data|DCW 2; strtod@@GLIBC_2.4|2-0
68034|data|DCW 2; __strtoull_internal@@GLIBC_2.4|2-0
68036|data|DCW 2; raise@@GLIBC_2.4|2-0
68038|data|DCW 4; fallocate64@@GLIBC_2.11|4-0
68040|data|DCW 2; optarg@@GLIBC_2.4|2-0
68042|data|DCW 2; strncmp@@GLIBC_2.4|2-0
68044|data|DCW 2; fputc@@GLIBC_2.4|2-0
68046|data|DCW 2; fclose@@GLIBC_2.4|2-0
68048|data|DCW 2; strcmp@@GLIBC_2.4|2-0
68050|data|DCW 2; strtol@@GLIBC_2.4|2-0
68052|data|DCW 2; localeconv@@GLIBC_2.4|2-0
68054|data|DCW 2; __stack_chk_fail@@GLIBC_2.4|2-0
68056|data|DCW 2; err@@GLIBC_2.4|2-0
68058|data|DCW 2; bindtextdomain@@GLIBC_2.4|2-0
68060|data|DCW 2; __ctype_b_loc@@GLIBC_2.4|2-0
68062|data|DCW 2; __printf_chk@@GLIBC_2.4|2-0
68064|data|DCW 2; __strtoll_internal@@GLIBC_2.4|2-0
68066|data|DCW 2; fsync@@GLIBC_2.4|2-0
68068|data|DCW 2; __snprintf_chk@@GLIBC_2.4|2-0
68070|data|DCW 0|0-0
68072|data|Elf32_Verneed <1, 1, aLdLinuxArmhfSo - byte_10718, 0x10, 0x20>; "ld-linux-armhf.so.3"|1-0-1-0-16-2-0-0-16-0-0-0-32-0-0-0
68088|data|Elf32_Vernaux <0xD696914, 0, 3, aGlibc24 - byte_10718, 0>; "GLIBC_2.4"|20-105-105-13-0-0-3-0-69-2-0-0-0-0-0-0
68104|data|Elf32_Verneed <1, 2, aLibcSo6 - byte_10718, 0x10, 0>; "libc.so.6"|1-0-2-0-1-0-0-0-16-0-0-0-0-0-0-0
68120|data|Elf32_Vernaux <0x6969191, 0, 4, aGlibc211 - byte_10718, 0x10>; "GLIBC_2.11"|145-145-150-6-0-0-4-0-79-2-0-0-16-0-0-0
68136|data|Elf32_Vernaux <0xD696914, 0, 2, aGlibc24 - byte_10718, 0>; "GLIBC_2.4"|20-105-105-13-0-0-2-0-69-2-0-0-0-0-0-0
68152|data|Elf32_Rel <0x240D4, 0x915>; R_ARM_GLOB_DAT __stack_chk_guard|212-64-2-0-21-9-0-0
68160|data|Elf32_Rel <0x240D8, 0x115>; R_ARM_GLOB_DAT __gmon_start__|216-64-2-0-21-1-0-0
68168|data|Elf32_Rel <0x240F0, 0x914>; R_ARM_COPY __stack_chk_guard|240-64-2-0-20-9-0-0
68176|data|Elf32_Rel <0x240E8, 0x214>; R_ARM_COPY __progname|232-64-2-0-20-2-0-0
68184|data|Elf32_Rel <0x240F8, 0x1F14>; R_ARM_COPY optind|248-64-2-0-20-31-0-0
68192|data|Elf32_Rel <0x24100, 0x1414>; R_ARM_COPY stderr|0-65-2-0-20-20-0-0
68200|data|Elf32_Rel <0x24104, 0x1814>; R_ARM_COPY stdout|4-65-2-0-20-24-0-0
68208|data|Elf32_Rel <0x24108, 0x2B14>; R_ARM_COPY optarg|8-65-2-0-20-43-0-0
68216|data|Elf32_Rel <0x2400C, 0x2916>; R_ARM_JUMP_SLOT raise|12-64-2-0-22-41-0-0
68224|data|Elf32_Rel <0x24010, 0x3816>; R_ARM_JUMP_SLOT fsync|16-64-2-0-22-56-0-0
68232|data|Elf32_Rel <0x24014, 0x2F16>; R_ARM_JUMP_SLOT strcmp|20-64-2-0-22-47-0-0
68240|data|Elf32_Rel <0x24018, 0x3016>; R_ARM_JUMP_SLOT strtol|24-64-2-0-22-48-0-0
68248|data|Elf32_Rel <0x2401C, 0x1A16>; R_ARM_JUMP_SLOT posix_fadvise64|28-64-2-0-22-26-0-0
68256|data|Elf32_Rel <0x24020, 0xC16>; R_ARM_JUMP_SLOT free|32-64-2-0-22-12-0-0
68264|data|Elf32_Rel <0x24024, 0xE16>; R_ARM_JUMP_SLOT ferror|36-64-2-0-22-14-0-0
68272|data|Elf32_Rel <0x24028, 0xD16>; R_ARM_JUMP_SLOT _exit|40-64-2-0-22-13-0-0
68280|data|Elf32_Rel <0x2402C, 0x2816>; R_ARM_JUMP_SLOT __strtoull_internal|44-64-2-0-22-40-0-0
68288|data|Elf32_Rel <0x24030, 0x2016>; R_ARM_JUMP_SLOT dcgettext|48-64-2-0-22-32-0-0
68296|data|Elf32_Rel <0x24034, 0x3216>; R_ARM_JUMP_SLOT __stack_chk_fail|52-64-2-0-22-50-0-0
68304|data|Elf32_Rel <0x24038, 0x1316>; R_ARM_JUMP_SLOT textdomain|56-64-2-0-22-19-0-0
68312|data|Elf32_Rel <0x2403C, 0x3316>; R_ARM_JUMP_SLOT err|60-64-2-0-22-51-0-0
68320|data|Elf32_Rel <0x24040, 0xF16>; R_ARM_JUMP_SLOT __fxstat64|64-64-2-0-22-15-0-0
68328|data|Elf32_Rel <0x24044, 0xB16>; R_ARM_JUMP_SLOT lseek64|68-64-2-0-22-11-0-0
68336|data|Elf32_Rel <0x24048, 0x1716>; R_ARM_JUMP_SLOT pread64|72-64-2-0-22-23-0-0
68344|data|Elf32_Rel <0x2404C, 0x2516>; R_ARM_JUMP_SLOT __fpending|76-64-2-0-22-37-0-0
68352|data|Elf32_Rel <0x24050, 0x1516>; R_ARM_JUMP_SLOT open64|80-64-2-0-22-21-0-0
68360|data|Elf32_Rel <0x24054, 0x316>; R_ARM_JUMP_SLOT malloc|84-64-2-0-22-3-0-0
68368|data|Elf32_Rel <0x24058, 0x1016>; R_ARM_JUMP_SLOT __libc_start_main|88-64-2-0-22-16-0-0
68376|data|Elf32_Rel <0x2405C, 0x116>; R_ARM_JUMP_SLOT __gmon_start__|92-64-2-0-22-1-0-0
68384|data|Elf32_Rel <0x24060, 0x2116>; R_ARM_JUMP_SLOT getopt_long|96-64-2-0-22-33-0-0
68392|data|Elf32_Rel <0x24064, 0x3516>; R_ARM_JUMP_SLOT __ctype_b_loc|100-64-2-0-22-53-0-0
68400|data|Elf32_Rel <0x24068, 0x2416>; R_ARM_JUMP_SLOT exit|104-64-2-0-22-36-0-0
68408|data|Elf32_Rel <0x2406C, 0x2316>; R_ARM_JUMP_SLOT strtoul|108-64-2-0-22-35-0-0
68416|data|Elf32_Rel <0x24070, 0x1E16>; R_ARM_JUMP_SLOT strlen|112-64-2-0-22-30-0-0
68424|data|Elf32_Rel <0x24074, 0x1616>; R_ARM_JUMP_SLOT strchr|116-64-2-0-22-22-0-0
68432|data|Elf32_Rel <0x24078, 0xA16>; R_ARM_JUMP_SLOT warnx|120-64-2-0-22-10-0-0
68440|data|Elf32_Rel <0x2407C, 0x1B16>; R_ARM_JUMP_SLOT getpagesize|124-64-2-0-22-27-0-0
68448|data|Elf32_Rel <0x24080, 0x616>; R_ARM_JUMP_SLOT __errno_location|128-64-2-0-22-6-0-0
68456|data|Elf32_Rel <0x24084, 0x2216>; R_ARM_JUMP_SLOT __cxa_atexit|132-64-2-0-22-34-0-0
68464|data|Elf32_Rel <0x24088, 0x716>; R_ARM_JUMP_SLOT __strdup|136-64-2-0-22-7-0-0
68472|data|Elf32_Rel <0x2408C, 0x2616>; R_ARM_JUMP_SLOT memset|140-64-2-0-22-38-0-0
68480|data|Elf32_Rel <0x24090, 0x3616>; R_ARM_JUMP_SLOT __printf_chk|144-64-2-0-22-54-0-0
68488|data|Elf32_Rel <0x24094, 0x2716>; R_ARM_JUMP_SLOT strtod|148-64-2-0-22-39-0-0
68496|data|Elf32_Rel <0x24098, 0x1C16>; R_ARM_JUMP_SLOT __fprintf_chk|152-64-2-0-22-28-0-0
68504|data|Elf32_Rel <0x2409C, 0x2E16>; R_ARM_JUMP_SLOT fclose|156-64-2-0-22-46-0-0
68512|data|Elf32_Rel <0x240A0, 0x416>; R_ARM_JUMP_SLOT setlocale|160-64-2-0-22-4-0-0
68520|data|Elf32_Rel <0x240A4, 0x2A16>; R_ARM_JUMP_SLOT fallocate64|164-64-2-0-22-42-0-0
68528|data|Elf32_Rel <0x240A8, 0x516>; R_ARM_JUMP_SLOT errx|168-64-2-0-22-5-0-0
68536|data|Elf32_Rel <0x240AC, 0x1116>; R_ARM_JUMP_SLOT warn|172-64-2-0-22-17-0-0
68544|data|Elf32_Rel <0x240B0, 0x2D16>; R_ARM_JUMP_SLOT fputc|176-64-2-0-22-45-0-0
68552|data|Elf32_Rel <0x240B4, 0x3116>; R_ARM_JUMP_SLOT localeconv|180-64-2-0-22-49-0-0
68560|data|Elf32_Rel <0x240B8, 0x3716>; R_ARM_JUMP_SLOT __strtoll_internal|184-64-2-0-22-55-0-0
68568|data|Elf32_Rel <0x240BC, 0x3416>; R_ARM_JUMP_SLOT bindtextdomain|188-64-2-0-22-52-0-0
68576|data|Elf32_Rel <0x240C0, 0x816>; R_ARM_JUMP_SLOT fputs|192-64-2-0-22-8-0-0
68584|data|Elf32_Rel <0x240C4, 0x2C16>; R_ARM_JUMP_SLOT strncmp|196-64-2-0-22-44-0-0
68592|data|Elf32_Rel <0x240C8, 0x1916>; R_ARM_JUMP_SLOT abort|200-64-2-0-22-25-0-0
68600|data|Elf32_Rel <0x240CC, 0x1D16>; R_ARM_JUMP_SLOT close|204-64-2-0-22-29-0-0
68608|data|Elf32_Rel <0x240D0, 0x3916>; R_ARM_JUMP_SLOT __snprintf_chk|208-64-2-0-22-57-0-0
68616|code|PUSH            {R3,LR}|8-64-45-233
68620|code|BL              sub_11584|92-2-0-235
68624|code|POP             {R3,PC}|8-128-189-232
68628|code|PUSH            {LR}|4-224-45-229
68632|code|LDR             LR, =(_GLOBAL_OFFSET_TABLE_ - 0x10C24)|4-224-159-229
68636|code|ADD             LR, PC, LR; _GLOBAL_OFFSET_TABLE_|14-224-143-224
68640|code|LDR             PC, [LR,#8]!|8-240-190-229
68644|data|DCD _GLOBAL_OFFSET_TABLE_ - 0x10C24|220-51-1-0
68648|code|ADR             R12, 0x10C30|0-198-143-226
68652|code|ADD             R12, R12, #0x13000|19-202-140-226
68656|code|LDR             PC, [R12,#(raise_ptr - 0x23C30)]!; __imp_raise|220-243-188-229
68660|code|ADR             R12, 0x10C3C|0-198-143-226
68664|code|ADD             R12, R12, #0x13000|19-202-140-226
68668|code|LDR             PC, [R12,#(fsync_ptr - 0x23C3C)]!; __imp_fsync|212-243-188-229
68672|code|ADR             R12, 0x10C48|0-198-143-226
68676|code|ADD             R12, R12, #0x13000|19-202-140-226
68680|code|LDR             PC, [R12,#(strcmp_ptr - 0x23C48)]!; __imp_strcmp|204-243-188-229
68684|code|ADR             R12, 0x10C54|0-198-143-226
68688|code|ADD             R12, R12, #0x13000|19-202-140-226
68692|code|LDR             PC, [R12,#(strtol_ptr - 0x23C54)]!; __imp_strtol|196-243-188-229
68696|code|ADR             R12, 0x10C60|0-198-143-226
68700|code|ADD             R12, R12, #0x13000|19-202-140-226
68704|code|LDR             PC, [R12,#(posix_fadvise64_ptr - 0x23C60)]!; __imp_posix_fadvise64|188-243-188-229
68708|code|ADR             R12, 0x10C6C|0-198-143-226
68712|code|ADD             R12, R12, #0x13000|19-202-140-226
68716|code|LDR             PC, [R12,#(free_ptr - 0x23C6C)]!; __imp_free|180-243-188-229
68720|code|ADR             R12, 0x10C78|0-198-143-226
68724|code|ADD             R12, R12, #0x13000|19-202-140-226
68728|code|LDR             PC, [R12,#(ferror_ptr - 0x23C78)]!; __imp_ferror|172-243-188-229
68732|code|ADR             R12, 0x10C84|0-198-143-226
68736|code|ADD             R12, R12, #0x13000|19-202-140-226
68740|code|LDR             PC, [R12,#(_exit_ptr - 0x23C84)]!; __imp__exit|164-243-188-229
68744|code|ADR             R12, 0x10C90|0-198-143-226
68748|code|ADD             R12, R12, #0x13000|19-202-140-226
68752|code|LDR             PC, [R12,#(__strtoull_internal_ptr - 0x23C90)]!; __imp___strtoull_internal|156-243-188-229
68756|code|ADR             R12, 0x10C9C|0-198-143-226
68760|code|ADD             R12, R12, #0x13000|19-202-140-226
68764|code|LDR             PC, [R12,#(dcgettext_ptr - 0x23C9C)]!; __imp_dcgettext|148-243-188-229
68768|code|ADR             R12, 0x10CA8|0-198-143-226
68772|code|ADD             R12, R12, #0x13000|19-202-140-226
68776|code|LDR             PC, [R12,#(__stack_chk_fail_ptr - 0x23CA8)]!; __imp___stack_chk_fail|140-243-188-229
68780|code|ADR             R12, 0x10CB4|0-198-143-226
68784|code|ADD             R12, R12, #0x13000|19-202-140-226
68788|code|LDR             PC, [R12,#(textdomain_ptr - 0x23CB4)]!; __imp_textdomain|132-243-188-229
68792|code|ADR             R12, 0x10CC0|0-198-143-226
68796|code|ADD             R12, R12, #0x13000|19-202-140-226
68800|code|LDR             PC, [R12,#(err_ptr - 0x23CC0)]!; __imp_err|124-243-188-229
68804|code|ADR             R12, 0x10CCC|0-198-143-226
68808|code|ADD             R12, R12, #0x13000|19-202-140-226
68812|code|LDR             PC, [R12,#(__fxstat64_ptr - 0x23CCC)]!; __imp___fxstat64|116-243-188-229
68816|code|ADR             R12, 0x10CD8|0-198-143-226
68820|code|ADD             R12, R12, #0x13000|19-202-140-226
68824|code|LDR             PC, [R12,#(lseek64_ptr - 0x23CD8)]!; __imp_lseek64|108-243-188-229
68828|code|ADR             R12, 0x10CE4|0-198-143-226
68832|code|ADD             R12, R12, #0x13000|19-202-140-226
68836|code|LDR             PC, [R12,#(pread64_ptr - 0x23CE4)]!; __imp_pread64|100-243-188-229
68840|code|ADR             R12, 0x10CF0|0-198-143-226
68844|code|ADD             R12, R12, #0x13000|19-202-140-226
68848|code|LDR             PC, [R12,#(__fpending_ptr - 0x23CF0)]!; __imp___fpending|92-243-188-229
68852|code|ADR             R12, 0x10CFC|0-198-143-226
68856|code|ADD             R12, R12, #0x13000|19-202-140-226
68860|code|LDR             PC, [R12,#(open64_ptr - 0x23CFC)]!; __imp_open64|84-243-188-229
68864|code|ADR             R12, 0x10D08|0-198-143-226
68868|code|ADD             R12, R12, #0x13000|19-202-140-226
68872|code|LDR             PC, [R12,#(malloc_ptr - 0x23D08)]!; __imp_malloc|76-243-188-229
68876|code|ADR             R12, 0x10D14|0-198-143-226
68880|code|ADD             R12, R12, #0x13000|19-202-140-226
68884|code|LDR             PC, [R12,#(__libc_start_main_ptr - 0x23D14)]!; __imp___libc_start_main|68-243-188-229
68888|code|ADR             R12, 0x10D20|0-198-143-226
68892|code|ADD             R12, R12, #0x13000|19-202-140-226
68896|code|LDR             PC, [R12,#(__gmon_start___ptr - 0x23D20)]!; __imp___gmon_start__|60-243-188-229
68900|code|ADR             R12, 0x10D2C|0-198-143-226
68904|code|ADD             R12, R12, #0x13000|19-202-140-226
68908|code|LDR             PC, [R12,#(getopt_long_ptr - 0x23D2C)]!; __imp_getopt_long|52-243-188-229
68912|code|ADR             R12, 0x10D38|0-198-143-226
68916|code|ADD             R12, R12, #0x13000|19-202-140-226
68920|code|LDR             PC, [R12,#(__ctype_b_loc_ptr - 0x23D38)]!; __imp___ctype_b_loc|44-243-188-229
68924|code|ADR             R12, 0x10D44|0-198-143-226
68928|code|ADD             R12, R12, #0x13000|19-202-140-226
68932|code|LDR             PC, [R12,#(exit_ptr - 0x23D44)]!; __imp_exit|36-243-188-229
68936|code|ADR             R12, 0x10D50|0-198-143-226
68940|code|ADD             R12, R12, #0x13000|19-202-140-226
68944|code|LDR             PC, [R12,#(strtoul_ptr - 0x23D50)]!; __imp_strtoul|28-243-188-229
68948|code|ADR             R12, 0x10D5C|0-198-143-226
68952|code|ADD             R12, R12, #0x13000|19-202-140-226
68956|code|LDR             PC, [R12,#(strlen_ptr - 0x23D5C)]!; __imp_strlen|20-243-188-229
68960|code|ADR             R12, 0x10D68|0-198-143-226
68964|code|ADD             R12, R12, #0x13000|19-202-140-226
68968|code|LDR             PC, [R12,#(strchr_ptr - 0x23D68)]!; __imp_strchr|12-243-188-229
68972|code|ADR             R12, 0x10D74|0-198-143-226
68976|code|ADD             R12, R12, #0x13000|19-202-140-226
68980|code|LDR             PC, [R12,#(warnx_ptr - 0x23D74)]!; __imp_warnx|4-243-188-229
68984|code|ADR             R12, 0x10D80|0-198-143-226
68988|code|ADD             R12, R12, #0x13000|19-202-140-226
68992|code|LDR             PC, [R12,#(getpagesize_ptr - 0x23D80)]!; __imp_getpagesize|252-242-188-229
68996|code|ADR             R12, 0x10D8C|0-198-143-226
69000|code|ADD             R12, R12, #0x13000|19-202-140-226
69004|code|LDR             PC, [R12,#(__errno_location_ptr - 0x23D8C)]!; __imp___errno_location|244-242-188-229
69008|code|BX              PC|120-71
69010|data|ALIGN 4|192-70
69012|code|ADR             R12, 0x10D9C|0-198-143-226
69016|code|ADD             R12, R12, #0x13000|19-202-140-226
69020|code|LDR             PC, [R12,#(__cxa_atexit_ptr - 0x23D9C)]!; __imp___cxa_atexit|232-242-188-229
69024|code|ADR             R12, 0x10DA8|0-198-143-226
69028|code|ADD             R12, R12, #0x13000|19-202-140-226
69032|code|LDR             PC, [R12,#(__strdup_ptr - 0x23DA8)]!; __imp___strdup|224-242-188-229
69060|code|ADR             R12, 0x10DCC|0-198-143-226
69064|code|ADD             R12, R12, #0x13000|19-202-140-226
69068|code|LDR             PC, [R12,#(strtod_ptr - 0x23DCC)]!; __imp_strtod|200-242-188-229
69072|code|ADR             R12, 0x10DD8|0-198-143-226
69076|code|ADD             R12, R12, #0x13000|19-202-140-226
69080|code|LDR             PC, [R12,#(__fprintf_chk_ptr - 0x23DD8)]!; __imp___fprintf_chk|192-242-188-229
69084|code|ADR             R12, 0x10DE4|0-198-143-226
69088|code|ADD             R12, R12, #0x13000|19-202-140-226
69092|code|LDR             PC, [R12,#(fclose_ptr - 0x23DE4)]!; __imp_fclose|184-242-188-229
69108|code|ADR             R12, 0x10DFC|0-198-143-226
69112|code|ADD             R12, R12, #0x13000|19-202-140-226
69116|code|LDR             PC, [R12,#(fallocate64_ptr - 0x23DFC)]!; __imp_fallocate64|168-242-188-229
69120|code|ADR             R12, 0x10E08|0-198-143-226
69124|code|ADD             R12, R12, #0x13000|19-202-140-226
69128|code|LDR             PC, [R12,#(errx_ptr - 0x23E08)]!; __imp_errx|160-242-188-229
69132|code|ADR             R12, 0x10E14|0-198-143-226
69136|code|ADD             R12, R12, #0x13000|19-202-140-226
69140|code|LDR             PC, [R12,#(warn_ptr - 0x23E14)]!; __imp_warn|152-242-188-229
69144|code|ADR             R12, 0x10E20|0-198-143-226
69148|code|ADD             R12, R12, #0x13000|19-202-140-226
69152|code|LDR             PC, [R12,#(fputc_ptr - 0x23E20)]!; __imp_fputc|144-242-188-229
69156|code|ADR             R12, 0x10E2C|0-198-143-226
69160|code|ADD             R12, R12, #0x13000|19-202-140-226
69164|code|LDR             PC, [R12,#(localeconv_ptr - 0x23E2C)]!; __imp_localeconv|136-242-188-229
69168|code|ADR             R12, 0x10E38|0-198-143-226
69172|code|ADD             R12, R12, #0x13000|19-202-140-226
69176|code|LDR             PC, [R12,#(__strtoll_internal_ptr - 0x23E38)]!; __imp___strtoll_internal|128-242-188-229
69192|code|ADR             R12, 0x10E50|0-198-143-226
69196|code|ADD             R12, R12, #0x13000|19-202-140-226
69200|code|LDR             PC, [R12,#(fputs_ptr - 0x23E50)]!; __imp_fputs|112-242-188-229
69204|code|ADR             R12, 0x10E5C|0-198-143-226
69208|code|ADD             R12, R12, #0x13000|19-202-140-226
69212|code|LDR             PC, [R12,#(strncmp_ptr - 0x23E5C)]!; __imp_strncmp|104-242-188-229
69216|code|ADR             R12, 0x10E68|0-198-143-226
69220|code|ADD             R12, R12, #0x13000|19-202-140-226
69224|code|LDR             PC, [R12,#(abort_ptr - 0x23E68)]!; __imp_abort|96-242-188-229
69228|code|ADR             R12, 0x10E74|0-198-143-226
69232|code|ADD             R12, R12, #0x13000|19-202-140-226
69236|code|LDR             PC, [R12,#(close_ptr - 0x23E74)]!; __imp_close|88-242-188-229
69240|code|ADR             R12, 0x10E80|0-198-143-226
69244|code|ADD             R12, R12, #0x13000|19-202-140-226
69248|code|LDR             PC, [R12,#(__snprintf_chk_ptr - 0x23E80)]!; __imp___snprintf_chk|80-242-188-229
69252|data|ALIGN 8|0-0-0-0
69256|data|DCB 0x44|68
69257|data|DCB 0xF2, 0xF0, 3|242-240-3
69260|data|DCD 0x302F2C0, 0x4FF0E92D, 0x681AB0B7, 0xF642460E, 0x930C61C0|192-242-2-3-45-233-240-79-183-176-26-104-14-70-66-246-192-97-12-147-192-242-1-1-0-35-5-70-6-32-23-147-154-70-53-146-155-70-24-147-111-240-1-8-25-147-255-247-150-239-67-242-160-16-67-242-172-17-192-242-1-1-192-242-1-0-255-247-182-239-67-242-160-16-192-242-1-0-0-34-0-35-205-233-4-35-255-247-228-238-65-242-253-112-192-242-1-0-79-240-255-57-1-240-19-255-67-242-20-34-66-246-72-83-192-242-1-3-192-242-1-2-0-36-40-70-0-148-49-70-255-247-10-239-67-28-0-240-234-128-98-40-33-221-114-76-23-175-99-35-152-66-17-219-24-191-34-70-11-208-82-248-4-63-152-66-180-191-0-33-1-33-0-43-8-191-0-33-33-177-152-66-243-209-59-104-35-187-56-96-84-248-64-63-4-55-26-28-24-191-1-34-152-66-184-191-0-34-0-42-224-209-86-56-36-40-0-242-174-128-223-232-0-240-141-172-172-172-172-172-172-172-172-172-172-172-172-138-179-172-172-172-131-172-172-172-117-172-114-97-94-172-172-172-172-172-86-172-172-172-83-0-152-66-217-208-68-242-0-21-67-242-192-17-192-242-1-1-5-34-192-242-2-5-0-32-47-104-255-247-114-238-68-242-232-3-1-33-192-242-2-3-38-31-27-104-56-52-2-70-56-70-255-247-4-239-86-248-4-31-209-177-104-41-0-240-63-130-66-246-72-82-192-242-1-2-4-224-16-50-208-104-136-66-0-240-57-130-19-105-0-43-247-209-67-242-76-50-11-70-192-242-1-2-40-104-1-33-255-247-232-238-166-66-225-209-41-104-10-32-255-247-6-239-1-32-255-247-150-238-75-240-16-11-110-231-68-242-16-19-192-242-2-3-26-104-1-50-26-96-102-231-75-240-3-11-99-231-68-242-8-19-26-169-192-242-2-3-24-104-0-240-255-253-0-40-77-208-79-240-255-50-79-240-255-51-205-233-4-35-82-231-75-240-1-11-79-231-68-242-8-19-26-169-192-242-2-3-24-104-0-240-235-253-184-179-79-240-255-56-79-240-255-57-65-231-68-242-4-19-192-242-2-3-24-104-0-240-218-250-75-240-8-11-55-231-67-242-244-17-5-34-192-242-1-1-0-32-255-247-0-238-68-242-232-2-67-242-0-35-192-242-2-2-18-104-192-242-1-3-1-70-1-32-255-247-132-238-12-155-0-32-53-154-27-104-154-66-64-240-67-130-55-176-189-232-240-143-68-242-0-19-192-242-2-3-24-104-0-240-177-250-79-240-1-10-14-231-221-233-26-137-11-231-221-233-26-35-205-233-4-35-6-231-248-45-1-0-68-242-248-2-192-242-2-2-19-104-171-66-0-240-38-130-86-248-35-0-1-51-68-242-16-17-157-66-192-242-2-1-19-96-13-145-72-96-64-240-17-130-111-240-1-2-79-240-255-51-186-241-0-15-0-240-163-129-153-69-8-191-144-69-0-240-224-128-184-241-0-15-121-241-0-3-192-242-162-129-221-233-4-35-0-42-115-241-0-3-192-242-241-129-91-234-10-3-79-244-210-114-12-191-66-33-2-33-255-247-204-237-6-30-192-242-223-129-186-241-0-15-0-240-151-129-88-234-9-3-0-240-163-129-221-233-4-35-18-235-8-2-67-235-9-3-205-233-8-35-255-247-250-237-49-70-26-170-3-2-3-32-21-147-255-247-152-237-4-70-0-40-64-240-174-129-40-153-0-144-48-70-221-233-4-35-15-145-255-247-146-237-0-40-113-241-0-3-192-242-155-129-15-155-28-29-32-70-255-247-160-237-129-70-16-185-0-44-64-240-163-129-0-37-2-35-0-149-48-70-1-149-176-70-2-147-221-233-4-35-255-247-60-237-221-233-8-1-10-149-11-149-80-234-1-3-221-233-10-1-20-147-11-70-20-191-43-70-1-35-221-233-4-69-14-147-130-70-21-155-139-70-16-144-17-145-0-33-24-70-205-233-18-1-221-233-8-35-148-66-117-235-3-3-14-155-184-191-67-240-1-3-0-43-0-240-18-129-205-233-0-69-64-70-73-70-15-154-255-247-82-237-3-30-6-147-192-242-131-128-20-154-204-191-1-35-0-35-0-42-12-191-0-35-3-240-1-3-91-177-221-233-8-35-6-153-82-26-99-235-225-115-162-66-171-65-6-218-8-155-27-27-6-147-6-155-0-43-64-243-237-128-6-158-1-33-4-34-9-235-6-3-24-70-255-247-148-237-74-70-17-70-3-70-81-248-4-11-40-185-10-70-17-70-81-248-4-11-0-40-249-208-18-249-1-27-0-41-251-208-154-66-6-150-39-217-90-234-11-3-0-240-183-128-6-155-217-23-26-70-24-70-11-70-205-233-6-35-16-235-10-2-65-235-11-3-146-70-155-70-221-233-4-35-221-233-18-1-162-26-101-235-3-3-144-66-113-235-3-3-20-219-221-233-6-35-18-25-107-65-20-70-29-70-144-231-79-240-0-8-79-240-0-9-32-231-90-234-11-3-113-209-6-155-24-70-217-23-205-233-6-1-223-231-221-233-4-103-21-153-160-27-1-240-40-250-4-33-2-145-50-70-21-153-59-70-205-233-4-103-0-39-1-251-0-241-64-70-14-70-205-233-0-103-255-247-144-236-221-233-4-35-182-24-95-65-205-233-4-103-205-231-255-247-30-237-70-70-3-104-0-43-64-240-198-128-90-234-11-3-64-240-177-128-72-70-68-242-16-20-255-247-128-236-13-155-192-242-2-4-27-104-3-179-221-233-10-137-3-32-66-70-75-70-0-240-53-255-68-242-4-19-67-242-28-49-192-242-2-3-192-242-1-1-5-34-31-104-5-70-0-32-255-247-126-236-0-149-205-233-2-137-1-33-99-104-2-70-56-70-255-247-18-237-40-70-255-247-90-236-48-70-255-247-62-236-4-70-48-70-255-247-86-237-16-185-0-44-63-244-116-174-67-242-84-49-0-32-192-242-1-1-5-34-255-247-94-236-13-155-90-104-1-70-1-32-255-247-106-236-221-233-10-103-64-70-205-233-0-171-3-33-22-235-10-6-17-155-16-154-71-235-11-7-205-233-10-103-0-240-208-249-6-155-79-240-0-10-79-240-0-11-205-248-64-160-205-248-68-176-24-70-217-23-205-233-6-1-85-231-255-247-176-236-0-34-3-35-2-96-7-70-0-147-64-70-43-70-34-70-255-247-76-236-0-40-113-241-0-3-54-219-132-66-117-235-1-3-47-218-4-70-13-70-225-230-70-70-128-231-67-242-152-19-192-242-1-3-67-242-236-18-40-104-192-242-1-2-1-33-255-247-180-236-201-229-153-69-8-191-144-69-71-208-184-241-1-15-121-241-0-3-191-246-94-174-67-242-92-33-0-32-192-242-1-1-5-34-255-247-2-236-1-70-1-32-255-247-180-236-205-233-0-137-89-70-221-233-4-35-0-240-127-249-132-231-16-148-17-149-1-231-59-104-6-43-249-209-70-70-81-231-205-233-8-137-97-230-221-233-10-69-48-70-205-233-0-171-3-33-20-235-10-4-16-154-17-155-69-235-11-5-205-233-10-69-0-240-99-249-61-231-67-242-12-49-0-32-192-242-1-1-114-231-67-242-220-33-32-70-192-242-1-1-108-231-67-242-204-33-0-32-192-242-1-1-102-231-67-242-124-33-80-70-192-242-1-1-188-231-67-242-240-33-34-70-192-242-1-1-1-32-255-247-204-235-67-242-188-33-0-32-192-242-1-1-82-231-67-242-156-33-0-32-192-242-1-1-168-231-67-242-60-33-32-70-192-242-1-1-162-231-255-247-172-235-67-242-36-33-32-70-192-242-1-1-154-231
70996|code|MOV.W           R11, #0|79-240-0-11
71000|code|MOV.W           LR, #0|79-240-0-14
71004|code|POP             {R1}; argc|2-188
71006|code|MOV             R2, SP; ubp_av|106-70
71008|code|PUSH            {R2}; stack_end|4-180
71010|code|PUSH            {R0}; rtld_fini|1-180
71012|code|LDR.W           R12, =(nullsub_1+1)|223-248-16-192
71016|code|PUSH.W          {R12}; fini|77-248-4-205
71020|code|LDR             R0, =byte_10E89; main|3-72
71022|code|LDR             R3, =(sub_12CD8+1); init|4-75
71024|code|BLX             __libc_start_main|255-247-204-235
71028|code|BLX             abort|255-247-116-236
71032|data|DCD nullsub_1+1|25-45-1-0
71036|data|DCD byte_10E89|137-14-1-0
71040|data|DCD sub_12CD8+1|217-44-1-0
71044|code|LDR             R3, =(_GLOBAL_OFFSET_TABLE_ - 0x11594)|20-48-159-229
71048|code|LDR             R2, =(__gmon_start___ptr_0 - 0x24000)|20-32-159-229
71052|code|ADD             R3, PC, R3; _GLOBAL_OFFSET_TABLE_|3-48-143-224
71056|code|LDR             R2, [R3,R2]; __imp___gmon_start__|2-32-147-231
71060|code|CMP             R2, #0|0-0-82-227
71064|code|BXEQ            LR|30-255-47-1
71068|code|B               __gmon_start__|221-253-255-234
71072|data|DCD _GLOBAL_OFFSET_TABLE_ - 0x11594|108-42-1-0
71076|data|DCD __gmon_start___ptr_0 - 0x24000|216-0-0-0
71080|code|LDR             R3, =0x240EB|7-75
71082|code|MOV             R0, #0x240E8|68-242-232-0-192-242-2-0
71090|code|SUBS            R3, R3, R0|27-26
71092|code|CMP             R3, #6|6-43
71094|code|BLS             locret_115C4|5-217
71096|code|MOV             R3, #0|64-242-0-3-192-242-0-3
71104|code|CBZ             R3, locret_115C4|3-177
71106|code|BX              R3|24-71
71108|code|BX              LR|112-71
71110|data|ALIGN 4|0-191
71112|data|DCD 0x240EB|235-64-2-0
71116|code|MOVW            R3, #0x40E8|68-242-232-3
71120|code|MOVW            R0, #0x40E8|68-242-232-0
71124|code|MOVT.W          R3, #2|192-242-2-3
71128|code|MOVT.W          R0, #2|192-242-2-0
71132|code|SUBS            R1, R3, R0|25-26
71134|code|ASRS            R1, R1, #2|137-16
71136|code|ADD.W           R1, R1, R1,LSR#31|1-235-209-113
71140|code|ASRS            R1, R1, #1|73-16
71142|code|BEQ             locret_115F4|5-208
71144|code|MOV             R3, #0|64-242-0-3-192-242-0-3
71152|code|CBZ             R3, locret_115F4|3-177
71154|code|BX              R3|24-71
71156|code|BX              LR|112-71
71158|data|ALIGN 4|0-191
71160|code|PUSH            {R4,LR}|16-181
71162|code|MOV             R4, #0x2410C|68-242-12-20-192-242-2-4
71170|code|LDRB            R3, [R4]|35-120
71172|code|CBNZ            R3, locret_1160E|27-185
71174|code|BL              sub_115A8|255-247-207-255
71178|code|MOVS            R3, #1|1-35
71180|code|STRB            R3, [R4]|35-112
71182|code|POP             {R4,PC}|16-189
71184|code|MOVW            R0, #0x3F0C|67-246-12-112
71188|code|PUSH            {R3,LR}|8-181
71190|code|MOVT.W          R0, #2|192-242-2-0
71194|code|LDR             R3, [R0]|3-104
71196|code|CBNZ            R3, loc_11624|19-185
71198|code|POP.W           {R3,LR}|189-232-8-64
71202|code|B               sub_115CC|211-231
71204|code|MOV             R3, #0|64-242-0-3-192-242-0-3
71212|code|CMP             R3, #0|0-43
71214|code|BEQ             loc_1161E|246-208
71216|code|BLX             R3|152-71
71218|code|B               loc_1161E|244-231
71220|code|MOVW            R1, #0x2EB8|66-246-184-97
71224|code|MOV             R4, R0|4-70
71226|code|PUSH            {R3,LR}|8-181
71228|code|MOVS            R2, #5|5-34
71230|code|MOVT.W          R1, #1|192-242-1-1
71234|code|MOVS            R0, #0|0-32
71236|code|BLX             dcgettext|255-247-38-235
71240|code|MOV             R1, R4|33-70
71242|code|BLX             fputs|255-247-254-235
71246|code|MOV             R1, #0x12EC4|66-246-196-97-192-242-1-1
71254|code|MOVS            R2, #5|5-34
71256|code|MOVS            R0, #0|0-32
71258|code|BLX             dcgettext|255-247-28-235
71262|code|MOV             R3, #0x240E8|68-242-232-3-192-242-2-3
71270|code|MOVS            R1, #1|1-33
71272|code|LDR             R3, [R3]|27-104
71274|code|MOV             R2, R0|2-70
71276|code|MOV             R0, R4|32-70
71278|code|BLX             __fprintf_chk|255-247-176-235
71282|code|MOVW            R1, #0x2EE0|66-246-224-97
71286|code|MOVS            R2, #5|5-34
71288|code|MOVT.W          R1, #1|192-242-1-1
71292|code|MOVS            R0, #0|0-32
71294|code|BLX             dcgettext|255-247-10-235
71298|code|MOV             R1, R4|33-70
71300|code|BLX             fputs|255-247-224-235
71304|code|MOVW            R1, #0x2EEC|66-246-236-97
71308|code|MOVS            R2, #5|5-34
71310|code|MOVT.W          R1, #1|192-242-1-1
71314|code|MOVS            R0, #0|0-32
71316|code|BLX             dcgettext|255-247-254-234
71320|code|MOV             R1, R4|33-70
71322|code|BLX             fputs|255-247-214-235
71326|code|MOVW            R1, #0x2F20|66-246-32-113
71330|code|MOVS            R2, #5|5-34
71332|code|MOVT.W          R1, #1|192-242-1-1
71336|code|MOVS            R0, #0|0-32
71338|code|BLX             dcgettext|255-247-244-234
71342|code|MOV             R1, R4|33-70
71344|code|BLX             fputs|255-247-202-235
71348|code|MOVW            R1, #0x2F5C|66-246-92-113
71352|code|MOVS            R2, #5|5-34
71354|code|MOVT.W          R1, #1|192-242-1-1
71358|code|MOVS            R0, #0|0-32
71360|code|BLX             dcgettext|255-247-232-234
71364|code|MOV             R1, R4|33-70
71366|code|BLX             fputs|255-247-192-235
71370|code|MOVW            R1, #0x2F9C|66-246-156-113
71374|code|MOVS            R2, #5|5-34
71376|code|MOVT.W          R1, #1|192-242-1-1
71380|code|MOVS            R0, #0|0-32
71382|code|BLX             dcgettext|255-247-222-234
71386|code|MOV             R1, R4|33-70
71388|code|BLX             fputs|255-247-180-235
71392|code|MOVW            R1, #0x2FDC|66-246-220-113
71396|code|MOVS            R2, #5|5-34
71398|code|MOVT.W          R1, #1|192-242-1-1
71402|code|MOVS            R0, #0|0-32
71404|code|BLX             dcgettext|255-247-210-234
71408|code|MOV             R1, R4|33-70
71410|code|BLX             fputs|255-247-170-235
71414|code|MOVW            R1, #0x301C|67-242-28-1
71418|code|MOVS            R2, #5|5-34
71420|code|MOVT.W          R1, #1|192-242-1-1
71424|code|MOVS            R0, #0|0-32
71426|code|BLX             dcgettext|255-247-200-234
71430|code|MOV             R1, R4|33-70
71432|code|BLX             fputs|255-247-158-235
71436|code|MOVW            R1, #0x305C|67-242-92-1
71440|code|MOVS            R2, #5|5-34
71442|code|MOVT.W          R1, #1|192-242-1-1
71446|code|MOVS            R0, #0|0-32
71448|code|BLX             dcgettext|255-247-188-234
71452|code|MOV             R1, R4|33-70
71454|code|BLX             fputs|255-247-148-235
71458|code|MOVW            R1, #0x309C|67-242-156-1
71462|code|MOVS            R2, #5|5-34
71464|code|MOVT.W          R1, #1|192-242-1-1
71468|code|MOVS            R0, #0|0-32
71470|code|BLX             dcgettext|255-247-178-234
71474|code|MOV             R1, R4|33-70
71476|code|BLX             fputs|255-247-136-235
71480|code|MOV             R1, R4|33-70
71482|code|MOVS            R0, #0xA|10-32
71484|code|BLX             fputc|255-247-108-235
71488|code|MOVW            R1, #0x30C0|67-242-192-1
71492|code|MOVS            R2, #5|5-34
71494|code|MOVT.W          R1, #1|192-242-1-1
71498|code|MOVS            R0, #0|0-32
71500|code|BLX             dcgettext|255-247-162-234
71504|code|MOV             R1, R4|33-70
71506|code|BLX             fputs|255-247-122-235
71510|code|MOVW            R1, #0x30EC|67-242-236-1
71514|code|MOVS            R2, #5|5-34
71516|code|MOVT.W          R1, #1|192-242-1-1
71520|code|MOVS            R0, #0|0-32
71522|code|BLX             dcgettext|255-247-152-234
71526|code|MOV             R1, R4|33-70
71528|code|BLX             fputs|255-247-110-235
71532|code|MOV             R1, #0x13124|67-242-36-17-192-242-1-1
71540|code|MOVS            R2, #5|5-34
71542|code|MOVS            R0, #0|0-32
71544|code|BLX             dcgettext|255-247-140-234
71548|code|MOV             R3, #0x13140|67-242-64-19-192-242-1-3
71556|code|MOVS            R1, #1|1-33
71558|code|MOV             R2, R0|2-70
71560|code|MOV             R0, R4|32-70
71562|code|BLX             __fprintf_chk|255-247-34-235
71566|code|MOV             R3, #0x24100|68-242-0-19-192-242-2-3
71574|code|LDR             R0, [R3]|24-104
71576|code|SUBS            R0, R4, R0|32-26
71578|code|CLZ.W           R0, R0|176-250-128-240
71582|code|LSRS            R0, R0, #5|64-9
71584|code|BLX             exit|255-247-204-234
71588|code|PUSH            {R4-R6,LR}|112-181
71590|code|SUB             SP, SP, #8|130-176
71592|code|MOV             R6, R1|14-70
71594|code|LDRD.W          R4, R5, [SP,#0x18]|221-233-6-69
71598|code|STRD.W          R4, R5, [SP]|205-233-0-69
71602|code|BLX             fallocate64|255-247-32-235
71606|code|CMP             R0, #0|0-40
71608|code|BLT             loc_117BE|1-219
71610|code|ADD             SP, SP, #8|2-176
71612|code|POP             {R4-R6,PC}|112-189
71614|code|LSLS            R3, R6, #0x1F|243-7
71616|code|BPL             loc_117CC|4-213
71618|code|BLX             __errno_location|255-247-224-234
71622|code|LDR             R3, [R0]|3-104
71624|code|CMP             R3, #0x5F ; '_'|95-43
71626|code|BEQ             loc_117E4|11-208
71628|code|MOVW            R1, #0x3178|67-242-120-17
71632|code|MOVS            R0, #0|0-32
71634|code|MOVT.W          R1, #1|192-242-1-1
71638|code|MOVS            R2, #5|5-34
71640|code|BLX             dcgettext|255-247-92-234
71644|code|MOV             R1, R0|1-70
71646|code|MOVS            R0, #1|1-32
71648|code|BLX             err|255-247-106-234
71652|code|MOVW            R1, #0x3150|67-242-80-17
71656|code|MOVS            R0, #0|0-32
71658|code|MOVT.W          R1, #1|192-242-1-1
71662|code|MOVS            R2, #5|5-34
71664|code|BLX             dcgettext|255-247-80-234
71668|code|MOV             R1, R0|1-70
71670|code|MOVS            R0, #1|1-32
71672|code|BLX             errx|255-247-2-235
71676|code|MOV             R3, #0x24104|68-242-4-19-192-242-2-3
71684|code|PUSH            {R4-R6,LR}|112-181
71686|code|LDR             R4, [R3]|28-104
71688|code|MOV             R0, R4|32-70
71690|code|BLX             __fpending|255-247-110-234
71694|code|MOV             R6, R0|6-70
71696|code|MOV             R0, R4|32-70
71698|code|BLX             ferror|255-247-46-234
71702|code|MOV             R5, R0|5-70
71704|code|MOV             R0, R4|32-70
71706|code|BLX             fclose|255-247-224-234
71710|code|MOVS            R4, R0|4-28
71712|code|IT NE|24-191
71714|code|MOVNE           R4, #1|1-36
71716|code|CBNZ            R5, loc_11872|45-187
71718|code|CBZ             R4, loc_1183A|68-177
71720|code|CMP             R6, #0|0-46
71722|code|BNE             loc_118B0|65-209
71724|code|BLX             __errno_location|255-247-170-234
71728|code|LDR             R3, [R0]|3-104
71730|code|CMP             R3, #9|9-43
71732|code|BEQ             loc_1183A|1-208
71734|code|CMP             R3, #0x20 ; ' '|32-43
71736|code|BNE             loc_118B8|62-209
71738|code|MOV             R3, #0x24100|68-242-0-19-192-242-2-3
71746|code|LDR             R4, [R3]|28-104
71748|code|MOV             R0, R4|32-70
71750|code|BLX             __fpending|255-247-80-234
71754|code|MOV             R6, R0|6-70
71756|code|MOV             R0, R4|32-70
71758|code|BLX             ferror|255-247-16-234
71762|code|MOV             R5, R0|5-70
71764|code|MOV             R0, R4|32-70
71766|code|BLX             fclose|255-247-194-234
71770|code|MOVS            R4, R0|4-28
71772|code|IT NE|24-191
71774|code|MOVNE           R4, #1|1-36
71776|code|CBZ             R5, loc_1189C|229-177
71778|code|CBNZ            R4, loc_11896|196-185
71780|code|BLX             __errno_location|255-247-142-234
71784|code|LDR             R3, [R0]|3-104
71786|code|CMP             R3, #0x20 ; ' '|32-43
71788|code|IT NE|24-191
71790|code|STRNE           R4, [R0]|4-96
71792|code|B               loc_11896|17-224
71794|code|CBNZ            R4, loc_118B0|236-185
71796|code|BLX             __errno_location|255-247-134-234
71800|code|LDR             R3, [R0]|3-104
71802|code|CMP             R3, #0x20 ; ' '|32-43
71804|code|IT NE|24-191
71806|code|STRNE           R4, [R0]|4-96
71808|code|BEQ             loc_1183A|219-208
71810|code|MOVW            R1, #0x318C|67-242-140-17
71814|code|MOVS            R2, #5|5-34
71816|code|MOVT.W          R1, #1|192-242-1-1
71820|code|MOVS            R0, #0|0-32
71822|code|BLX             dcgettext|255-247-2-234
71826|code|BLX             warnx|255-247-108-234
71830|code|MOVS            R0, #1|1-32
71832|code|BLX             _exit|255-247-240-233
71836|code|CBZ             R4, locret_118AE|60-177
71838|code|CMP             R6, #0|0-46
71840|code|BNE             loc_11896|249-209
71842|code|BLX             __errno_location|255-247-112-234
71846|code|LDR             R3, [R0]|3-104
71848|code|CMP             R3, #9|9-43
71850|code|BNE             loc_11896|244-209
71852|code|POP             {R4-R6,PC}|112-189
71854|code|POP             {R4-R6,PC}|112-189
71856|code|BLX             __errno_location|255-247-104-234
71860|code|LDR             R3, [R0]|3-104
71862|code|B               loc_11836|190-231
71864|code|CMP             R3, #0|0-43
71866|code|BEQ             loc_11882|226-208
71868|code|MOVW            R1, #0x318C|67-242-140-17
71872|code|MOVS            R2, #5|5-34
71874|code|MOVT.W          R1, #1|192-242-1-1
71878|code|MOVS            R0, #0|0-32
71880|code|BLX             dcgettext|255-247-228-233
71884|code|BLX             warn|255-247-158-234
71888|code|B               loc_11896|225-231
71890|data|ALIGN 8|0-191-0-0-0-0
71896|code|PUSH.W          {R4-R11,LR}|45-233-240-79
71900|code|SUB             SP, SP, #0x24|137-176
71902|code|LDR             R3, =(_GLOBAL_OFFSET_TABLE_ - 0x118EE)|211-75
71904|code|MOV             R4, R1|12-70
71906|code|STR             R1, [SP,#0x48+var_3C]|3-145
71908|code|MOV.W           R8, #0|79-240-0-8
71912|code|LDR             R1, =(__stack_chk_guard_ptr - 0x24000)|209-73
71914|code|ADD             R3, PC; _GLOBAL_OFFSET_TABLE_|123-68
71916|code|STR             R2, [SP,#0x48+var_38]|4-146
71918|code|MOV.W           R9, #0|79-240-0-9
71922|code|MOV             R6, R0|6-70
71924|code|LDR             R3, [R3,R1]; __stack_chk_guard|91-88
71926|code|STR             R3, [SP,#0x48+var_40]|2-147
71928|code|LDR             R3, [R3]|27-104
71930|code|STRD.W          R8, R9, [R4]|196-233-0-137
71934|code|STR             R3, [SP,#0x48+var_2C]|7-147
71936|code|CMP             R0, #0|0-40
71938|code|BEQ.W           loc_11A58|0-240-169-128
71942|code|LDRB            R7, [R0]|7-120
71944|code|CMP             R7, #0|0-47
71946|code|BEQ.W           loc_11A58|0-240-165-128
71950|code|STR             R0, [SP,#0x48+s2]|6-144
71952|code|BLX             __ctype_b_loc|255-247-14-234
71956|code|MOV             R3, R6|51-70
71958|code|LDR             R2, [R0]|2-104
71960|code|B               loc_11920|2-224
71962|code|ADDS            R3, #1|1-51
71964|code|STR             R3, [SP,#0x48+s2]|6-147
71966|code|LDRB            R7, [R3]|31-120
71968|code|LDRH.W          R4, [R2,R7,LSL#1]|50-248-23-64
71972|code|AND.W           R4, R4, #0x2000|4-244-0-84
71976|code|UXTH            R4, R4|164-178
71978|code|CMP             R4, #0|0-44
71980|code|BNE             loc_1191A|245-209
71982|code|CMP             R7, #0x2D ; '-'|45-47
71984|code|BEQ.W           loc_11A58|0-240-146-128
71988|code|ADD.W           R10, SP, #0x48+var_28|13-241-32-10
71992|code|STR.W           R4, [R10,#-8]!|74-248-8-77
71996|code|BLX             __errno_location|255-247-34-234
72000|code|MOV             R2, R4; base|34-70
72002|code|MOV             R3, R4; group|35-70
72004|code|MOV             R1, R10; endptr|81-70
72006|code|MOV             R9, R0|129-70
72008|code|MOV             R0, R6; nptr|48-70
72010|code|STR.W           R4, [R9]|201-248-0-64
72014|code|BLX             __strtoull_internal|255-247-156-233
72018|code|LDR.W           LR, [SP,#0x48+s2]|221-248-24-224
72022|code|LDR.W           R4, [R9]|217-248-0-64
72026|code|CMP             LR, R6|182-69
72028|code|STRD.W          R0, R1, [SP,#0x48+var_48]|205-233-0-1
72032|code|BEQ.W           loc_11BE2|0-240-63-129
72036|code|CBZ             R4, loc_11994|180-177
72038|code|ADDS.W          R2, R0, #0xFFFFFFFF|16-241-255-50
72042|code|MOV             R0, #0xFFFFFFFD|111-240-2-0
72046|code|ADC.W           R3, R1, #0xFFFFFFFF|65-241-255-51
72050|code|MOV.W           R1, #0xFFFFFFFF|79-240-255-49
72054|code|CMP             R1, R3|153-66
72056|code|IT EQ|8-191
72058|code|CMPEQ           R0, R2|144-66
72060|code|BCS             loc_11994|10-210
72062|code|NEGS            R4, R4|100-66
72064|code|LDR             R3, [SP,#0x48+var_40]|2-155
72066|code|MOV             R0, R4|32-70
72068|code|LDR             R2, [SP,#0x48+var_2C]|7-154
72070|code|LDR             R3, [R3]|27-104
72072|code|CMP             R2, R3|154-66
72074|code|BNE.W           loc_11C28|64-240-77-129
72078|code|ADD             SP, SP, #0x24 ; '$'|9-176
72080|code|POP.W           {R4-R11,PC}|189-232-240-143
72084|code|CMP.W           LR, #0|190-241-0-15
72088|code|BEQ.W           loc_11BDE|0-240-33-129
72092|code|LDRSB.W         R4, [LR]|158-249-0-64
72096|code|CMP             R4, #0|0-44
72098|code|BEQ.W           loc_11BD0|0-240-21-129
72102|code|MOV.W           R8, #0|79-240-0-8
72106|code|MOVS            R6, #0|0-38
72108|code|MOVS            R7, #0|0-39
72110|code|MOV             R3, LR|115-70
72112|code|LDRB            R1, [R3,#1]|89-120
72114|code|SXTB            R2, R1|74-178
72116|code|CMP             R2, #0x69 ; 'i'|105-42
72118|code|BEQ             loc_11A6C|89-208
72120|code|CMP             R2, #0x42 ; 'B'|66-42
72122|code|BEQ             loc_11A86|100-208
72124|code|CMP             R1, #0|0-41
72126|code|BEQ             loc_11A7C|93-208
72128|code|BLX             localeconv|255-247-48-234
72132|code|CMP             R0, #0|0-40
72134|code|BEQ             loc_11A58|71-208
72136|code|LDR             R5, [R0]|5-104
72138|code|CMP             R5, #0|0-45
72140|code|BEQ             loc_11A58|68-208
72142|code|MOV             R0, R5; s|40-70
72144|code|BLX             strlen|255-247-192-233
72148|code|ORRS.W          R3, R6, R7|86-234-7-3
72152|code|MOV             R11, R0|131-70
72154|code|BNE             loc_11A58|61-209
72156|code|LDR             R6, [SP,#0x48+s2]|6-158
72158|code|LDRSB.W         R3, [R6]|150-249-0-48
72162|code|CBZ             R3, loc_11A58|203-179
72164|code|MOV             R0, R5; s1|40-70
72166|code|MOV             R1, R6; s2|49-70
72168|code|MOV             R2, R11; n|90-70
72170|code|BLX             strncmp|255-247-52-234
72174|code|CBNZ            R0, loc_11A58|152-187
72176|code|ADD.W           R5, R6, R11|6-235-11-5
72180|code|STR             R5, [SP,#0x48+s2]|6-149
72182|code|LDRSB.W         R3, [R6,R11]|22-249-11-48
72186|code|CMP             R3, #0x30 ; '0'|48-43
72188|code|BNE             loc_11A10|8-209
72190|code|MOV             R3, R5|43-70
72192|code|ADDS            R3, #1|1-51
72194|code|STR             R3, [SP,#0x48+s2]|6-147
72196|code|ADD.W           R8, R8, #1|8-241-1-8
72200|code|LDRSB.W         R2, [R3]|147-249-0-32
72204|code|CMP             R2, #0x30 ; '0'|48-42
72206|code|BEQ             loc_11A00|247-208
72208|code|MOVS            R2, #0; base|0-34
72210|code|MOV             R0, R5; nptr|40-70
72212|code|MOV             R3, R2; group|19-70
72214|code|STR.W           R2, [R9]|201-248-0-32
72218|code|MOV             R1, R10; endptr|81-70
72220|code|STR             R2, [SP,#0x48+s2]|6-146
72222|code|BLX             __strtoull_internal|255-247-52-233
72226|code|LDR             R3, [SP,#0x48+s2]|6-155
72228|code|CMP             R3, R5|171-66
72230|code|MOV             R6, R0|6-70
72232|code|MOV             R7, R1|15-70
72234|code|BEQ.W           loc_11BF4|0-240-227-128
72238|code|LDR.W           R2, [R9]|217-248-0-32
72242|code|CBZ             R2, loc_11A5E|162-177
72244|code|ADDS.W          R0, R0, #0xFFFFFFFF|16-241-255-48
72248|code|MOV.W           R5, #0xFFFFFFFF|79-240-255-53
72252|code|ADC.W           R1, R1, #0xFFFFFFFF|65-241-255-49
72256|code|MOV             R4, #0xFFFFFFFD|111-240-2-4
72260|code|CMP             R5, R1|141-66
72262|code|IT EQ|8-191
72264|code|CMPEQ           R4, R0|132-66
72266|code|BCC.W           loc_11BEE|192-240-208-128
72270|code|CBZ             R3, loc_11A58|27-177
72272|code|LDRSB.W         R2, [R3]|147-249-0-32
72276|code|CMP             R2, #0|0-42
72278|code|BNE             loc_119B0|171-209
72280|code|MOV             R4, #0xFFFFFFEA|111-240-21-4
72284|code|B               loc_11980|144-231
72286|code|ORRS.W          R2, R6, R7|86-234-7-2
72290|code|BNE             loc_11A4E|244-209
72292|code|LDRB            R1, [R3,#1]|89-120
72294|code|SXTB            R2, R1|74-178
72296|code|CMP             R2, #0x69 ; 'i'|105-42
72298|code|BNE             loc_119B8|165-209
72300|code|LDRSB.W         R2, [R3,#2]|147-249-2-32
72304|code|CMP             R2, #0x42 ; 'B'|66-42
72306|code|BNE             loc_119C0|165-209
72308|code|LDRSB.W         R2, [R3,#3]|147-249-3-32
72312|code|CMP             R2, #0|0-42
72314|code|BNE             loc_119C0|161-209
72316|code|MOV             LR, R3|158-70
72318|code|MOV.W           R3, #0x400|79-244-128-99
72322|code|STR             R3, [SP,#0x48+var_34]|5-147
72324|code|B               loc_11A96|7-224
72326|code|LDRSB.W         R2, [R3,#2]|147-249-2-32
72330|code|CMP             R2, #0|0-42
72332|code|BNE             loc_119C0|152-209
72334|code|MOV             LR, R3|158-70
72336|code|MOV.W           R3, #0x3E8|79-244-122-115
72340|code|STR             R3, [SP,#0x48+var_34]|5-147
72342|code|LDR             R4, =(aKmgtpeyz - 0x11AA0); "KMGTPEYZ"|103-76
72344|code|LDRSB.W         R9, [LR]|158-249-0-144
72348|code|ADD             R4, PC; "KMGTPEYZ"|124-68
72350|code|MOV             R1, R9; c|73-70
72352|code|MOV             R0, R4; s|32-70
72354|code|BLX             strchr|255-247-94-233
72358|code|CMP             R0, #0|0-40
72360|code|BEQ.W           loc_11C08|0-240-174-128
72364|code|SUBS            R0, R0, R4|0-27
72366|code|ADD.W           R9, R0, #1|0-241-1-9
72370|code|CMP.W           R9, #0|185-241-0-15
72374|code|BEQ.W           loc_11C1C|0-240-177-128
72378|code|LDR             R3, [SP,#0x48+var_34]|5-155
72380|code|MOV.W           R0, #0xFFFFFFFF|79-240-255-48
72384|code|MOV.W           R1, #0xFFFFFFFF|79-240-255-49
72388|code|MOV.W           R11, R3,ASR#31|79-234-227-123
72392|code|MOV             R2, R3|26-70
72394|code|MOV             R10, R3|154-70
72396|code|MOV             R3, R11|91-70
72398|code|BL              sub_129E0|0-240-135-255
72402|code|LDRD.W          R2, R3, [SP,#0x48+var_48]|221-233-0-35
72406|code|CMP             R1, R3|153-66
72408|code|IT EQ|8-191
72410|code|CMPEQ           R0, R2|144-66
72412|code|BCC.W           loc_11C02|192-240-145-128
72416|code|ADD.W           R4, R9, #0xFFFFFFFF|9-241-255-52
72420|code|MOVS            R2, #0|0-34
72422|code|MOV             R5, R1|13-70
72424|code|MOV             LR, R4|166-70
72426|code|MOV             R4, R0|4-70
72428|code|MOV             R0, R2|16-70
72430|code|LDRD.W          R2, R3, [SP,#0x48+var_48]|221-233-0-35
72434|code|B               loc_11B00|5-224
72436|code|CMP             R5, R3|157-66
72438|code|ADD.W           R0, R0, #1|0-241-1-0
72442|code|IT EQ|8-191
72444|code|CMPEQ           R4, R2|148-66
72446|code|BCC             loc_11BFE|126-211
72448|code|MUL.W           R1, R2, R11|2-251-11-241
72452|code|CMP             R0, LR|112-69
72454|code|MLA.W           R1, R10, R3, R1|10-251-3-17
72458|code|UMULL.W         R2, R3, R2, R10|162-251-10-35
72462|code|ADD             R3, R1|11-68
72464|code|BNE             loc_11AF4|240-209
72466|code|MOVS            R4, #0|0-36
72468|code|STRD.W          R2, R3, [SP,#0x48+var_48]|205-233-0-35
72472|code|LDR             R3, [SP,#0x48+var_38]|4-155
72474|code|CBZ             R3, loc_11B22|19-177
72476|code|LDR             R3, [SP,#0x48+var_38]|4-155
72478|code|STR.W           R9, [R3]|195-248-0-144
72482|code|ORRS.W          R3, R6, R7|86-234-7-3
72486|code|ITE NE|20-191
72488|code|MOVNE           R3, #1|1-35
72490|code|MOVEQ           R3, #0|0-35
72492|code|CMP.W           R9, #0|185-241-0-15
72496|code|ITE EQ|12-191
72498|code|MOVEQ           R3, #0|0-35
72500|code|ANDNE.W         R3, R3, #1|3-240-1-3
72504|code|CMP             R3, #0|0-43
72506|code|BEQ             loc_11BD0|73-208
72508|code|MOVW            R0, #0x5556|69-242-86-80
72512|code|MOV.W           R2, R8,ASR#31|79-234-232-114
72516|code|MOVT.W          R0, #0x5555|197-242-85-80
72520|code|SMULL.W         R0, R1, R8, R0|136-251-0-1
72524|code|SUBS            R3, R1, R2|139-26
72526|code|SUBS            R2, R2, R1|82-26
72528|code|ADD.W           R5, R2, R9|2-235-9-5
72532|code|ADD.W           R3, R3, R3,LSL#1|3-235-67-3
72536|code|SUBS            R2, R5, #1|106-30
72538|code|SUBS.W          R3, R8, R3|184-235-3-3
72542|code|IT EQ|8-191
72544|code|MOVEQ           R3, #0x64 ; 'd'|100-35
72546|code|BEQ             loc_11B6C|3-208
72548|code|CMP             R3, #1|1-43
72550|code|ITE EQ|12-191
72552|code|MOVEQ           R3, #0xA|10-35
72554|code|MOVNE           R3, #1|1-35
72556|code|UMULL.W         R8, R9, R3, R6|163-251-6-137
72560|code|CMP             R2, #0|0-42
72562|code|MLA.W           R9, R3, R7, R9|3-251-7-153
72566|code|BLT.W           loc_11A58|255-246-111-175
72570|code|BEQ             loc_11BC0|33-208
72572|code|LDR             R3, [SP,#0x48+var_34]|5-155
72574|code|MOV.W           R0, #0xFFFFFFFF|79-240-255-48
72578|code|MOV.W           R1, #0xFFFFFFFF|79-240-255-49
72582|code|ASRS            R7, R3, #0x1F|223-23
72584|code|MOV             R2, R3|26-70
72586|code|MOV             R6, R3|30-70
72588|code|MOV             R3, R7|59-70
72590|code|BL              sub_129E0|0-240-39-255
72594|code|CMP             R1, R9|73-69
72596|code|IT EQ|8-191
72598|code|CMPEQ           R0, R8|64-69
72600|code|BCC             loc_11BC0|18-211
72602|code|SUB.W           R10, R5, #2|165-241-2-10
72606|code|MOVS            R2, #0|0-34
72608|code|B               loc_11BAE|5-224
72610|code|CMP             R1, R9|73-69
72612|code|ADD.W           R2, R2, #1|2-241-1-2
72616|code|IT EQ|8-191
72618|code|CMPEQ           R0, R8|64-69
72620|code|BCC             loc_11BC0|8-211
72622|code|MUL.W           R3, R8, R7|8-251-7-243
72626|code|CMP             R2, R10|82-69
72628|code|MLA.W           R3, R6, R9, R3|6-251-9-51
72632|code|UMULL.W         R8, R9, R8, R6|168-251-6-137
72636|code|ADD             R9, R3|153-68
72638|code|BNE             loc_11BA2|240-209
72640|code|LDRD.W          R2, R3, [SP,#0x48+var_48]|221-233-0-35
72644|code|ADDS.W          R2, R2, R8|18-235-8-2
72648|code|ADC.W           R3, R3, R9|67-235-9-3
72652|code|STRD.W          R2, R3, [SP,#0x48+var_48]|205-233-0-35
72656|code|LDR             R3, [SP,#0x48+var_3C]|3-155
72658|code|MOV             R1, R3|25-70
72660|code|LDRD.W          R2, R3, [SP,#0x48+var_48]|221-233-0-35
72664|code|STRD.W          R2, R3, [R1]|193-233-0-35
72668|code|B               loc_11980|208-230
72670|code|MOV             R4, LR|116-70
72672|code|B               loc_11BD0|246-231
72674|code|CMP             R4, #0|0-44
72676|code|BNE.W           loc_1197E|127-244-203-174
72680|code|MOV.W           R4, #0xFFFFFFFF|79-240-255-52
72684|code|B               loc_11980|200-230
72686|code|MOV             R1, R2|17-70
72688|code|NEGS            R4, R1|76-66
72690|code|B               loc_11980|197-230
72692|code|LDR.W           R1, [R9]|217-248-0-16
72696|code|CMP             R1, #0|0-41
72698|code|BEQ             loc_11BE8|245-208
72700|code|B               loc_11BF0|248-231
72702|code|STRD.W          R2, R3, [SP,#0x48+var_48]|205-233-0-35
72706|code|MOV             R4, #0xFFFFFFDE|111-240-33-4
72710|code|B               loc_11B18|135-231
72712|code|LDR             R4, =(aKmgtpeyz_0 - 0x11C10); "kmgtpeyz"|11-76
72714|code|MOV             R1, R9; c|73-70
72716|code|ADD             R4, PC; "kmgtpeyz"|124-68
72718|code|MOV             R0, R4; s|32-70
72720|code|BLX             strchr|255-247-166-232
72724|code|CMP             R0, #0|0-40
72726|code|BNE.W           loc_11AAC|127-244-73-175
72730|code|B               loc_11A58|29-231
72732|code|LDR             R3, [SP,#0x48+var_38]|4-155
72734|code|MOV             R4, R3|28-70
72736|code|CMP             R3, #0|0-43
72738|code|BEQ             loc_11BD0|213-208
72740|code|MOV             R4, R9|76-70
72742|code|B               loc_11B1C|121-231
72744|code|BLX             __stack_chk_fail|255-247-58-232
72748|data|DCD _GLOBAL_OFFSET_TABLE_ - 0x118EE|18-39-1-0
72752|data|DCD __stack_chk_guard_ptr - 0x24000|212-0-0-0
72756|data|DCD aKmgtpeyz - 0x11AA0; "KMGTPEYZ"|40-25-0-0
72760|data|DCD aKmgtpeyz_0 - 0x11C10; "kmgtpeyz"|196-23-0-0
72764|code|MOVS            R2, #0|0-34
72766|code|B.W             sub_118D8|255-247-75-190
72770|data|ALIGN 4|0-191
72772|code|CBZ             R0, locret_11C90|32-179
72774|code|PUSH            {R3-R5,LR}|56-181
72776|code|LDRB            R4, [R0]|4-120
72778|code|CBZ             R4, loc_11C92|20-179
72780|code|MOV             R5, R0|5-70
72782|code|BLX             __ctype_b_loc|255-247-112-232
72786|code|MOV             R2, R5|42-70
72788|code|LDR             R1, [R0]|1-104
72790|code|B               loc_11C60|3-224
72792|code|ADDS            R2, #1|1-50
72794|code|BEQ             loc_11C7E|16-208
72796|code|LDRB            R4, [R2]|20-120
72798|code|CBZ             R4, loc_11C82|132-177
72800|code|LDRH.W          R3, [R1,R4,LSL#1]|49-248-20-48
72804|code|AND.W           R3, R3, #0x800|3-244-0-99
72808|code|UXTH            R3, R3|155-178
72810|code|CMP             R3, #0|0-43
72812|code|BNE             loc_11C58|244-209
72814|code|CMP             R5, R2|149-66
72816|code|BCS             loc_11C8C|12-210
72818|code|LDRSB.W         R2, [R2]|146-249-0-32
72822|code|CLZ.W           R0, R2|178-250-130-240
72826|code|LSRS            R0, R0, #5|64-9
72828|code|POP             {R3-R5,PC}|56-189
72830|code|MOV             R0, R2|16-70
72832|code|POP             {R3-R5,PC}|56-189
72834|code|CMP             R5, R2|149-66
72836|code|ITE CS|44-191
72838|code|MOVCS           R0, #0|0-32
72840|code|MOVCC           R0, #1|1-32
72842|code|POP             {R3-R5,PC}|56-189
72844|code|MOV             R0, R3|24-70
72846|code|POP             {R3-R5,PC}|56-189
72848|code|BX              LR|112-71
72850|code|MOV             R0, R4|32-70
72852|code|POP             {R3-R5,PC}|56-189
72854|data|ALIGN 4|0-191
72856|code|CBZ             R1, loc_11CCE|201-177
72858|code|PUSH            {R4,R5}|48-180
72860|code|LDRB            R4, [R0]|4-120
72862|code|CBZ             R4, loc_11CC8|156-177
72864|code|SXTB            R4, R4|100-178
72866|code|SXTB            R2, R2|82-178
72868|code|CMP             R4, R2|148-66
72870|code|ITT NE|28-191
72872|code|ADDNE           R1, R1, R0|9-24
72874|code|ADDNE           R3, R0, #1|67-28
72876|code|BNE             loc_11CBC|6-209
72878|code|B               loc_11CC4|9-224
72880|code|LDRB.W          R4, [R3],#1|19-248-1-75
72884|code|SXTB            R5, R4|101-178
72886|code|CBZ             R4, loc_11CC8|60-177
72888|code|CMP             R5, R2|149-66
72890|code|BEQ             loc_11CC4|3-208
72892|code|CMP             R3, R1|139-66
72894|code|MOV             R0, R3|24-70
72896|code|BNE             loc_11CB0|246-209
72898|code|MOVS            R0, #0|0-32
72900|code|POP             {R4,R5}|48-188
72902|code|BX              LR|112-71
72904|code|MOV             R0, R4|32-70
72906|code|POP             {R4,R5}|48-188
72908|code|BX              LR|112-71
72910|code|MOV             R0, R1|8-70
72912|code|BX              LR|112-71
72914|data|ALIGN 4|0-191
72916|code|PUSH.W          {R4-R8,LR}|45-233-240-65
72920|code|SUB             SP, SP, #8|130-176
72922|code|LDR             R4, =(_GLOBAL_OFFSET_TABLE_ - 0x11CE6)|30-76
72924|code|MOVS            R7, #0|0-39
72926|code|LDR             R6, =(__stack_chk_guard_ptr - 0x24000)|30-78
72928|code|MOV             R8, R1|136-70
72930|code|ADD             R4, PC; _GLOBAL_OFFSET_TABLE_|124-68
72932|code|MOV             R5, R0|5-70
72934|code|LDR             R4, [R4,R6]; __stack_chk_guard|164-89
72936|code|STR             R7, [SP,#0x20+var_20]|0-151
72938|code|LDR             R3, [R4]|35-104
72940|code|STR             R3, [SP,#0x20+var_1C]|1-147
72942|code|CBZ             R0, loc_11CF6|16-177
72944|code|LDRSB.W         R3, [R0]|144-249-0-48
72948|code|CBNZ            R3, loc_11D0C|83-185
72950|code|BLX             __errno_location|255-247-70-232
72954|code|LDR             R3, [R0]|3-104
72956|code|CBNZ            R3, loc_11D24|147-185
72958|code|LDR             R1, =(aSS - 0x11D0A); "%s: '%s'"|23-73
72960|code|MOV             R2, R8|66-70
72962|code|MOV             R3, R5|43-70
72964|code|MOVS            R0, #1; status|1-32
72966|code|ADD             R1, PC; "%s: '%s'"|121-68
72968|code|BLX             errx|255-247-122-232
72972|code|BLX             __errno_location|255-247-58-232
72976|code|MOV             R3, R7; group|59-70
72978|code|MOV             R1, SP; endptr|105-70
72980|code|MOVS            R2, #0xA; base|10-34
72982|code|MOV             R6, R0|6-70
72984|code|STR             R7, [R0]|7-96
72986|code|MOV             R0, R5; nptr|40-70
72988|code|BLX             __strtoll_internal|255-247-136-232
72992|code|LDR             R3, [R6]|51-104
72994|code|CBZ             R3, loc_11D32|51-177
72996|code|LDR             R1, =(aSS - 0x11D30); "%s: '%s'"|14-73
72998|code|MOV             R2, R8|66-70
73000|code|MOV             R3, R5|43-70
73002|code|MOVS            R0, #1; status|1-32
73004|code|ADD             R1, PC; "%s: '%s'"|121-68
73006|code|BLX             err|254-247-196-239
73010|code|LDR             R3, [SP,#0x20+var_20]|0-155
73012|code|CMP             R5, R3|157-66
73014|code|BEQ             loc_11CFE|226-208
73016|code|CBZ             R3, loc_11D42|27-177
73018|code|LDRSB.W         R3, [R3]|147-249-0-48
73022|code|CMP             R3, #0|0-43
73024|code|BNE             loc_11CFE|221-209
73026|code|LDR             R2, [SP,#0x20+var_1C]|1-154
73028|code|LDR             R3, [R4]|35-104
73030|code|CMP             R2, R3|154-66
73032|code|BNE             loc_11D50|2-209
73034|code|ADD             SP, SP, #8|2-176
73036|code|POP.W           {R4-R8,PC}|189-232-240-129
73040|code|BLX             __stack_chk_fail|254-247-166-239
73044|data|DCD _GLOBAL_OFFSET_TABLE_ - 0x11CE6|26-35-1-0
73048|data|DCD __stack_chk_guard_ptr - 0x24000|212-0-0-0
73052|data|DCD aSS - 0x11D0A; "%s: '%s'"|214-22-0-0
73056|data|DCD aSS - 0x11D30; "%s: '%s'"|176-22-0-0
73060|code|PUSH            {R3-R7,LR}|248-181
73062|code|MOV             R6, R0|6-70
73064|code|MOV             R7, R1|15-70
73066|code|BL              sub_11CD4|255-247-179-255
73070|code|ADDS.W          R4, R0, #0x80000000|16-241-0-68
73074|code|ADC.W           R5, R1, #0|65-241-0-5
73078|code|CMP             R5, #1|1-45
73080|code|IT EQ|8-191
73082|code|CMPEQ           R4, #0|0-44
73084|code|BCS             loc_11D80|0-210
73086|code|POP             {R3-R7,PC}|248-189
73088|code|LDR             R1, =(aSS - 0x11D8C); "%s: '%s'"|3-73
73090|code|MOV             R2, R7|58-70
73092|code|MOV             R3, R6|51-70
73094|code|MOVS            R0, #1; status|1-32
73096|code|ADD             R1, PC; "%s: '%s'"|121-68
73098|code|BLX             errx|255-247-58-232
73102|data|ALIGN 0x10|0-191
73104|data|DCD aSS - 0x11D8C; "%s: '%s'"|84-22-0-0
73108|code|PUSH            {R4-R6,LR}|112-181
73110|code|MOV             R5, R0|5-70
73112|code|MOV             R6, R1|14-70
73114|code|BL              sub_11D64|255-247-227-255
73118|code|ADD.W           R4, R0, #0x8000|0-245-0-68
73122|code|CMP.W           R4, #0x10000|180-245-128-63
73126|code|BCS             loc_11DAC|1-210
73128|code|SXTH            R0, R0|0-178
73130|code|POP             {R4-R6,PC}|112-189
73132|code|LDR             R1, =(aSS - 0x11DB8); "%s: '%s'"|3-73
73134|code|MOV             R2, R6|50-70
73136|code|MOV             R3, R5|43-70
73138|code|MOVS            R0, #1|1-32
73140|code|ADD             R1, PC; "%s: '%s'"|121-68
73142|code|BLX             errx|255-247-36-232
73146|data|ALIGN 4|0-191
73148|data|DCD aSS - 0x11DB8; "%s: '%s'"|40-22-0-0
73152|code|PUSH.W          {R4-R8,LR}|45-233-240-65
73156|code|SUB             SP, SP, #8|130-176
73158|code|LDR             R4, =(_GLOBAL_OFFSET_TABLE_ - 0x11DD2)|30-76
73160|code|MOVS            R7, #0|0-39
73162|code|LDR             R6, =(__stack_chk_guard_ptr - 0x24000)|30-78
73164|code|MOV             R8, R1|136-70
73166|code|ADD             R4, PC; _GLOBAL_OFFSET_TABLE_|124-68
73168|code|MOV             R5, R0|5-70
73170|code|LDR             R4, [R4,R6]; __stack_chk_guard|164-89
73172|code|STR             R7, [SP,#0x20+var_20]|0-151
73174|code|LDR             R3, [R4]|35-104
73176|code|STR             R3, [SP,#0x20+var_1C]|1-147
73178|code|CBZ             R0, loc_11DE2|16-177
73180|code|LDRSB.W         R3, [R0]|144-249-0-48
73184|code|CBNZ            R3, loc_11DF8|83-185
73186|code|BLX             __errno_location|254-247-208-239
73190|code|LDR             R3, [R0]|3-104
73192|code|CBNZ            R3, loc_11E10|147-185
73194|code|LDR             R1, =(aSS - 0x11DF6); "%s: '%s'"|23-73
73196|code|MOV             R2, R8|66-70
73198|code|MOV             R3, R5|43-70
73200|code|MOVS            R0, #1; status|1-32
73202|code|ADD             R1, PC; "%s: '%s'"|121-68
73204|code|BLX             errx|255-247-4-232
73208|code|BLX             __errno_location|254-247-196-239
73212|code|MOV             R3, R7; group|59-70
73214|code|MOV             R1, SP; endptr|105-70
73216|code|MOVS            R2, #0xA; base|10-34
73218|code|MOV             R6, R0|6-70
73220|code|STR             R7, [R0]|7-96
73222|code|MOV             R0, R5; nptr|40-70
73224|code|BLX             __strtoull_internal|254-247-62-239
73228|code|LDR             R3, [R6]|51-104
73230|code|CBZ             R3, loc_11E1E|51-177
73232|code|LDR             R1, =(aSS - 0x11E1C); "%s: '%s'"|14-73
73234|code|MOV             R2, R8|66-70
73236|code|MOV             R3, R5|43-70
73238|code|MOVS            R0, #1; status|1-32
73240|code|ADD             R1, PC; "%s: '%s'"|121-68
73242|code|BLX             err|254-247-78-239
73246|code|LDR             R3, [SP,#0x20+var_20]|0-155
73248|code|CMP             R5, R3|157-66
73250|code|BEQ             loc_11DEA|226-208
73252|code|CBZ             R3, loc_11E2E|27-177
73254|code|LDRSB.W         R3, [R3]|147-249-0-48
73258|code|CMP             R3, #0|0-43
73260|code|BNE             loc_11DEA|221-209
73262|code|LDR             R2, [SP,#0x20+var_1C]|1-154
73264|code|LDR             R3, [R4]|35-104
73266|code|CMP             R2, R3|154-66
73268|code|BNE             loc_11E3C|2-209
73270|code|ADD             SP, SP, #8|2-176
73272|code|POP.W           {R4-R8,PC}|189-232-240-129
73276|code|BLX             __stack_chk_fail|254-247-48-239
73280|data|DCD _GLOBAL_OFFSET_TABLE_ - 0x11DD2|46-34-1-0
73284|data|DCD __stack_chk_guard_ptr - 0x24000|212-0-0-0
73288|data|DCD aSS - 0x11DF6; "%s: '%s'"|234-21-0-0
73292|data|DCD aSS - 0x11E1C; "%s: '%s'"|196-21-0-0
73296|code|PUSH            {R3-R5,LR}|56-181
73298|code|MOV             R4, R0|4-70
73300|code|MOV             R5, R1|13-70
73302|code|BL              sub_11DC0|255-247-179-255
73306|code|CMP             R1, #1|1-41
73308|code|IT EQ|8-191
73310|code|CMPEQ           R0, #0|0-40
73312|code|BCS             loc_11E64|0-210
73314|code|POP             {R3-R5,PC}|56-189
73316|code|LDR             R1, =(aSS - 0x11E70); "%s: '%s'"|3-73
73318|code|MOV             R2, R5|42-70
73320|code|MOV             R3, R4|35-70
73322|code|MOVS            R0, #1; status|1-32
73324|code|ADD             R1, PC; "%s: '%s'"|121-68
73326|code|BLX             errx|254-247-200-239
73330|data|ALIGN 4|0-191
73332|data|DCD aSS - 0x11E70; "%s: '%s'"|112-21-0-0
73336|code|PUSH            {R3-R5,LR}|56-181
73338|code|MOV             R4, R0|4-70
73340|code|MOV             R5, R1|13-70
73342|code|BL              sub_11E50|255-247-231-255
73346|code|CMP.W           R0, #0x10000|176-245-128-63
73350|code|BCS             loc_11E8C|1-210
73352|code|UXTH            R0, R0|128-178
73354|code|POP             {R3-R5,PC}|56-189
73356|code|LDR             R1, =(aSS - 0x11E98); "%s: '%s'"|3-73
73358|code|MOV             R2, R5|42-70
73360|code|MOV             R3, R4|35-70
73362|code|MOVS            R0, #1|1-32
73364|code|ADD             R1, PC; "%s: '%s'"|121-68
73366|code|BLX             errx|254-247-180-239
73370|data|ALIGN 4|0-191
73372|data|DCD aSS - 0x11E98; "%s: '%s'"|72-21-0-0
73376|code|PUSH.W          {R4-R8,LR}|45-233-240-65
73380|code|SUB             SP, SP, #8|130-176
73382|code|LDR             R4, =(_GLOBAL_OFFSET_TABLE_ - 0x11EB2)|30-76
73384|code|MOVS            R6, #0|0-38
73386|code|LDR             R3, =(__stack_chk_guard_ptr - 0x24000)|30-75
73388|code|MOV             R7, R1|15-70
73390|code|ADD             R4, PC; _GLOBAL_OFFSET_TABLE_|124-68
73392|code|MOV             R5, R0|5-70
73394|code|LDR             R4, [R4,R3]; __stack_chk_guard|228-88
73396|code|STR             R6, [SP,#0x20+var_20]|0-150
73398|code|LDR             R3, [R4]|35-104
73400|code|STR             R3, [SP,#0x20+var_1C]|1-147
73402|code|CBZ             R0, loc_11EC2|16-177
73404|code|LDRSB.W         R3, [R0]|144-249-0-48
73408|code|CBNZ            R3, loc_11ED8|83-185
73410|code|BLX             __errno_location|254-247-96-239
73414|code|LDR             R3, [R0]|3-104
73416|code|CBNZ            R3, loc_11EEE|139-185
73418|code|LDR             R1, =(aSS - 0x11ED6); "%s: '%s'"|23-73
73420|code|MOV             R2, R7|58-70
73422|code|MOV             R3, R5|43-70
73424|code|MOVS            R0, #1; status|1-32
73426|code|ADD             R1, PC; "%s: '%s'"|121-68
73428|code|BLX             errx|254-247-148-239
73432|code|BLX             __errno_location|254-247-84-239
73436|code|MOV             R1, SP; endptr|105-70
73438|code|MOV             R8, R0|128-70
73440|code|STR             R6, [R0]|6-96
73442|code|MOV             R0, R5; nptr|40-70
73444|code|BLX             strtod|254-247-110-239
73448|code|LDR.W           R3, [R8]|216-248-0-48
73452|code|CBZ             R3, loc_11EFC|51-177
73454|code|LDR             R1, =(aSS - 0x11EFA); "%s: '%s'"|15-73
73456|code|MOV             R2, R7|58-70
73458|code|MOV             R3, R5|43-70
73460|code|MOVS            R0, #1; status|1-32
73462|code|ADD             R1, PC; "%s: '%s'"|121-68
73464|code|BLX             err|254-247-222-238
73468|code|LDR             R3, [SP,#0x20+var_20]|0-155
73470|code|CMP             R5, R3|157-66
73472|code|BEQ             loc_11ECA|227-208
73474|code|CBZ             R3, loc_11F0C|27-177
73476|code|LDRSB.W         R3, [R3]|147-249-0-48
73480|code|CMP             R3, #0|0-43
73482|code|BNE             loc_11ECA|222-209
73484|code|LDR             R2, [SP,#0x20+var_1C]|1-154
73486|code|LDR             R3, [R4]|35-104
73488|code|CMP             R2, R3|154-66
73490|code|BNE             loc_11F1A|2-209
73492|code|ADD             SP, SP, #8|2-176
73494|code|POP.W           {R4-R8,PC}|189-232-240-129
73498|code|BLX             __stack_chk_fail|254-247-194-238
73502|data|ALIGN 0x10|0-191
73504|data|DCD _GLOBAL_OFFSET_TABLE_ - 0x11EB2|78-33-1-0
73508|data|DCD __stack_chk_guard_ptr - 0x24000|212-0-0-0
73512|data|DCD aSS - 0x11ED6; "%s: '%s'"|10-21-0-0
73516|data|DCD aSS - 0x11EFA; "%s: '%s'"|230-20-0-0
73520|code|PUSH.W          {R4-R8,LR}|45-233-240-65
73524|code|SUB             SP, SP, #8|130-176
73526|code|LDR             R4, =(_GLOBAL_OFFSET_TABLE_ - 0x11F42)|30-76
73528|code|MOVS            R6, #0|0-38
73530|code|LDR             R3, =(__stack_chk_guard_ptr - 0x24000)|30-75
73532|code|MOV             R7, R1|15-70
73534|code|ADD             R4, PC; _GLOBAL_OFFSET_TABLE_|124-68
73536|code|MOV             R5, R0|5-70
73538|code|LDR             R4, [R4,R3]; __stack_chk_guard|228-88
73540|code|STR             R6, [SP]|0-150
73542|code|LDR             R3, [R4]|35-104
73544|code|STR             R3, [SP,#4]|1-147
73546|code|CBZ             R0, loc_11F52|16-177
73548|code|LDRSB.W         R3, [R0]|144-249-0-48
73552|code|CBNZ            R3, loc_11F68|83-185
73554|code|BLX             __errno_location|254-247-24-239
73558|code|LDR             R3, [R0]|3-104
73560|code|CBNZ            R3, loc_11F80|147-185
73562|code|LDR             R1, =(aSS - 0x11F66); "%s: '%s'"|23-73
73564|code|MOV             R2, R7|58-70
73566|code|MOV             R3, R5|43-70
73568|code|MOVS            R0, #1|1-32
73570|code|ADD             R1, PC; "%s: '%s'"|121-68
73572|code|BLX             errx|254-247-76-239
73576|code|BLX             __errno_location|254-247-12-239
73580|code|MOV             R1, SP|105-70
73582|code|MOVS            R2, #0xA|10-34
73584|code|MOV             R8, R0|128-70
73586|code|STR             R6, [R0]|6-96
73588|code|MOV             R0, R5|40-70
73590|code|BLX             strtol|254-247-106-238
73594|code|LDR.W           R3, [R8]|216-248-0-48
73598|code|CBZ             R3, loc_11F8E|51-177
73600|code|LDR             R1, =(aSS - 0x11F8C); "%s: '%s'"|14-73
73602|code|MOV             R2, R7|58-70
73604|code|MOV             R3, R5|43-70
73606|code|MOVS            R0, #1|1-32
73608|code|ADD             R1, PC; "%s: '%s'"|121-68
73610|code|BLX             err|254-247-150-238
73614|code|LDR             R3, [SP]|0-155
73616|code|CMP             R5, R3|157-66
73618|code|BEQ             loc_11F5A|226-208
73620|code|CBZ             R3, loc_11F9E|27-177
73622|code|LDRSB.W         R3, [R3]|147-249-0-48
73626|code|CMP             R3, #0|0-43
73628|code|BNE             loc_11F5A|221-209
73630|code|LDR             R2, [SP,#4]|1-154
73632|code|LDR             R3, [R4]|35-104
73634|code|CMP             R2, R3|154-66
73636|code|BNE             loc_11FAC|2-209
73638|code|ADD             SP, SP, #8|2-176
73640|code|POP.W           {R4-R8,PC}|189-232-240-129
73644|code|BLX             __stack_chk_fail|254-247-120-238
73648|data|DCD _GLOBAL_OFFSET_TABLE_ - 0x11F42|190-32-1-0
73652|data|DCD __stack_chk_guard_ptr - 0x24000|212-0-0-0
73656|data|DCD aSS - 0x11F66; "%s: '%s'"|122-20-0-0
73660|data|DCD aSS - 0x11F8C; "%s: '%s'"|84-20-0-0
73664|code|PUSH.W          {R4-R8,LR}|45-233-240-65
73668|code|SUB             SP, SP, #8|130-176
73670|code|LDR             R4, =(_GLOBAL_OFFSET_TABLE_ - 0x11FD2)|30-76
73672|code|MOVS            R6, #0|0-38
73674|code|LDR             R3, =(__stack_chk_guard_ptr - 0x24000)|30-75
73676|code|MOV             R7, R1|15-70
73678|code|ADD             R4, PC; _GLOBAL_OFFSET_TABLE_|124-68
73680|code|MOV             R5, R0|5-70
73682|code|LDR             R4, [R4,R3]; __stack_chk_guard|228-88
73684|code|STR             R6, [SP]|0-150
73686|code|LDR             R3, [R4]|35-104
73688|code|STR             R3, [SP,#4]|1-147
73690|code|CBZ             R0, loc_11FE2|16-177
73692|code|LDRSB.W         R3, [R0]|144-249-0-48
73696|code|CBNZ            R3, loc_11FF8|83-185
73698|code|BLX             __errno_location|254-247-208-238
73702|code|LDR             R3, [R0]|3-104
73704|code|CBNZ            R3, loc_12010|147-185
73706|code|LDR             R1, =(aSS - 0x11FF6); "%s: '%s'"|23-73
73708|code|MOV             R2, R7|58-70
73710|code|MOV             R3, R5|43-70
73712|code|MOVS            R0, #1|1-32
73714|code|ADD             R1, PC; "%s: '%s'"|121-68
73716|code|BLX             errx|254-247-4-239
73720|code|BLX             __errno_location|254-247-196-238
73724|code|MOV             R1, SP|105-70
73726|code|MOVS            R2, #0xA|10-34
73728|code|MOV             R8, R0|128-70
73730|code|STR             R6, [R0]|6-96
73732|code|MOV             R0, R5|40-70
73734|code|BLX             strtoul|254-247-160-238
73738|code|LDR.W           R3, [R8]|216-248-0-48
73742|code|CBZ             R3, loc_1201E|51-177
73744|code|LDR             R1, =(aSS - 0x1201C); "%s: '%s'"|14-73
73746|code|MOV             R2, R7|58-70
73748|code|MOV             R3, R5|43-70
73750|code|MOVS            R0, #1|1-32
73752|code|ADD             R1, PC; "%s: '%s'"|121-68
73754|code|BLX             err|254-247-78-238
73758|code|LDR             R3, [SP]|0-155
73760|code|CMP             R5, R3|157-66
73762|code|BEQ             loc_11FEA|226-208
73764|code|CBZ             R3, loc_1202E|27-177
73766|code|LDRSB.W         R3, [R3]|147-249-0-48
73770|code|CMP             R3, #0|0-43
73772|code|BNE             loc_11FEA|221-209
73774|code|LDR             R2, [SP,#4]|1-154
73776|code|LDR             R3, [R4]|35-104
73778|code|CMP             R2, R3|154-66
73780|code|BNE             loc_1203C|2-209
73782|code|ADD             SP, SP, #8|2-176
73784|code|POP.W           {R4-R8,PC}|189-232-240-129
73788|code|BLX             __stack_chk_fail|254-247-48-238
73792|data|DCD _GLOBAL_OFFSET_TABLE_ - 0x11FD2|46-32-1-0
73796|data|DCD __stack_chk_guard_ptr - 0x24000|212-0-0-0
73800|data|DCD aSS - 0x11FF6; "%s: '%s'"|234-19-0-0
73804|data|DCD aSS - 0x1201C; "%s: '%s'"|196-19-0-0
73808|code|PUSH            {R4-R7,LR}|240-181
73810|code|SUB             SP, SP, #0x14|133-176
73812|code|LDR             R4, =(_GLOBAL_OFFSET_TABLE_ - 0x12060)|19-76
73814|code|MOV             R7, R1|15-70
73816|code|LDR             R5, =(__stack_chk_guard_ptr - 0x24000)|19-77
73818|code|MOV             R1, SP|105-70
73820|code|ADD             R4, PC; _GLOBAL_OFFSET_TABLE_|124-68
73822|code|MOV             R6, R0|6-70
73824|code|LDR             R4, [R4,R5]; __stack_chk_guard|100-89
73826|code|LDR             R5, [R4]|37-104
73828|code|STR             R5, [SP,#0xC]|3-149
73830|code|BL              sub_11C3C|255-247-233-253
73834|code|CBNZ            R0, loc_1207C|56-185
73836|code|LDR             R2, [SP,#0xC]|3-154
73838|code|LDR             R3, [R4]|35-104
73840|code|LDRD.W          R0, R1, [SP]|221-233-0-1
73844|code|CMP             R2, R3|154-66
73846|code|BNE             loc_1209E|18-209
73848|code|ADD             SP, SP, #0x14|5-176
73850|code|POP             {R4-R7,PC}|240-189
73852|code|BLX             __errno_location|254-247-130-238
73856|code|MOV             R2, R7|58-70
73858|code|LDR             R3, [R0]|3-104
73860|code|CBZ             R3, loc_12092|43-177
73862|code|LDR             R1, =(aSS - 0x12090); "%s: '%s'"|9-73
73864|code|MOV             R3, R6|51-70
73866|code|MOVS            R0, #1|1-32
73868|code|ADD             R1, PC; "%s: '%s'"|121-68
73870|code|BLX             err|254-247-20-238
73874|code|LDR             R1, =(aSS - 0x1209C); "%s: '%s'"|7-73
73876|code|MOV             R3, R6|51-70
73878|code|MOVS            R0, #1|1-32
73880|code|ADD             R1, PC; "%s: '%s'"|121-68
73882|code|BLX             errx|254-247-178-238
73886|code|BLX             __stack_chk_fail|254-247-0-238
73890|data|ALIGN 4|0-191
73892|data|DCD _GLOBAL_OFFSET_TABLE_ - 0x12060|160-31-1-0
73896|data|DCD __stack_chk_guard_ptr - 0x24000|212-0-0-0
73900|data|DCD aSS - 0x12090; "%s: '%s'"|80-19-0-0
73904|data|DCD aSS - 0x1209C; "%s: '%s'"|68-19-0-0
73908|code|PUSH            {R4,LR}|16-181
73910|code|MOV             R4, R1|12-70
73912|code|MOV             R1, R2|17-70
73914|code|BL              sub_11EA0|255-247-241-254
73918|code|VLDR            D6, =1000000.0|159-237-8-107
73922|code|VCVT.S32.F64    S15, D0|253-238-192-123
73926|code|VCVT.F64.S32    D5, S15|184-238-231-91
73930|code|VSTR            S15, [R4]|196-237-0-122
73934|code|VSUB.F64        D0, D0, D5|48-238-69-11
73938|code|VMUL.F64        D0, D0, D6|32-238-6-11
73942|code|VCVT.S32.F64    S0, D0|189-238-192-11
73946|code|VSTR            S0, [R4,#4]|132-237-1-10
73950|code|POP             {R4,PC}|16-189
73952|data|DCFD 1000000.0|0-0-0-0-128-132-46-65
73960|code|AND.W           R3, R0, #0xF000|0-244-112-67
73964|code|CMP.W           R3, #0x4000|179-245-128-79
73968|code|ITT EQ|4-191
73970|code|MOVEQ           R3, #0x64 ; 'd'|100-35
73972|code|STRBEQ          R3, [R1]|11-112
73974|code|BEQ             loc_1213E|34-208
73976|code|CMP.W           R3, #0xA000|179-245-32-79
73980|code|ITT EQ|4-191
73982|code|MOVEQ           R3, #0x6C ; 'l'|108-35
73984|code|STRBEQ          R3, [R1]|11-112
73986|code|BEQ             loc_1213E|28-208
73988|code|CMP.W           R3, #0x2000|179-245-0-95
73992|code|ITT EQ|4-191
73994|code|MOVEQ           R3, #0x63 ; 'c'|99-35
73996|code|STRBEQ          R3, [R1]|11-112
73998|code|BEQ             loc_1213E|22-208
74000|code|CMP.W           R3, #0x6000|179-245-192-79
74004|code|ITT EQ|4-191
74006|code|MOVEQ           R3, #0x62 ; 'b'|98-35
74008|code|STRBEQ          R3, [R1]|11-112
74010|code|BEQ             loc_1213E|16-208
74012|code|CMP.W           R3, #0xC000|179-245-64-79
74016|code|ITT EQ|4-191
74018|code|MOVEQ           R3, #0x73 ; 's'|115-35
74020|code|STRBEQ          R3, [R1]|11-112
74022|code|BEQ             loc_1213E|10-208
74024|code|CMP.W           R3, #0x1000|179-245-128-95
74028|code|ITT EQ|4-191
74030|code|MOVEQ           R3, #0x70 ; 'p'|112-35
74032|code|STRBEQ          R3, [R1]|11-112
74034|code|BEQ             loc_1213E|4-208
74036|code|CMP.W           R3, #0x8000|179-245-0-79
74040|code|ITT EQ|4-191
74042|code|MOVEQ           R3, #0x2D ; '-'|45-35
74044|code|STRBEQ          R3, [R1]|11-112
74046|code|TST.W           R0, #0x100|16-244-128-127
74050|code|ITE NE|20-191
74052|code|MOVNE           R3, #0x72 ; 'r'|114-35
74054|code|MOVEQ           R3, #0x2D ; '-'|45-35
74056|code|TST.W           R0, #0x80|16-240-128-15
74060|code|STRB            R3, [R1,#1]|75-112
74062|code|ITE NE|20-191
74064|code|MOVNE           R3, #0x77 ; 'w'|119-35
74066|code|MOVEQ           R3, #0x2D ; '-'|45-35
74068|code|LSLS            R2, R0, #0x14|2-5
74070|code|STRB            R3, [R1,#2]|139-112
74072|code|BPL             loc_121BC|48-213
74074|code|TST.W           R0, #0x40|16-240-64-15
74078|code|ITE NE|20-191
74080|code|MOVNE           R3, #0x73 ; 's'|115-35
74082|code|MOVEQ           R3, #0x53 ; 'S'|83-35
74084|code|TST.W           R0, #0x20|16-240-32-15
74088|code|STRB            R3, [R1,#3]|203-112
74090|code|ITE NE|20-191
74092|code|MOVNE           R3, #0x72 ; 'r'|114-35
74094|code|MOVEQ           R3, #0x2D ; '-'|45-35
74096|code|TST.W           R0, #0x10|16-240-16-15
74100|code|STRB            R3, [R1,#4]|11-113
74102|code|ITE NE|20-191
74104|code|MOVNE           R3, #0x77 ; 'w'|119-35
74106|code|MOVEQ           R3, #0x2D ; '-'|45-35
74108|code|LSLS            R2, R0, #0x15|66-5
74110|code|STRB            R3, [R1,#5]|75-113
74112|code|BPL             loc_121DA|43-213
74114|code|TST.W           R0, #8|16-240-8-15
74118|code|ITE NE|20-191
74120|code|MOVNE           R3, #0x73 ; 's'|115-35
74122|code|MOVEQ           R3, #0x53 ; 'S'|83-35
74124|code|TST.W           R0, #4|16-240-4-15
74128|code|STRB            R3, [R1,#6]|139-113
74130|code|ITE NE|20-191
74132|code|MOVNE           R3, #0x72 ; 'r'|114-35
74134|code|MOVEQ           R3, #0x2D ; '-'|45-35
74136|code|TST.W           R0, #2|16-240-2-15
74140|code|STRB            R3, [R1,#7]|203-113
74142|code|ITE NE|20-191
74144|code|MOVNE           R3, #0x77 ; 'w'|119-35
74146|code|MOVEQ           R3, #0x2D ; '-'|45-35
74148|code|LSLS            R2, R0, #0x16|130-5
74150|code|STRB            R3, [R1,#8]|11-114
74152|code|BPL             loc_121C8|14-213
74154|code|TST.W           R0, #1|16-240-1-15
74158|code|ITE NE|20-191
74160|code|MOVNE           R3, #0x74 ; 't'|116-35
74162|code|MOVEQ           R3, #0x54 ; 'T'|84-35
74164|code|STRB            R3, [R1,#9]|75-114
74166|code|MOVS            R3, #0|0-35
74168|code|STRB            R3, [R1,#0xA]|139-114
74170|code|BX              LR|112-71
74172|code|TST.W           R0, #0x40|16-240-64-15
74176|code|ITE NE|20-191
74178|code|MOVNE           R3, #0x78 ; 'x'|120-35
74180|code|MOVEQ           R3, #0x2D ; '-'|45-35
74182|code|B               loc_12164|205-231
74184|code|TST.W           R0, #1|16-240-1-15
74188|code|ITE NE|20-191
74190|code|MOVNE           R3, #0x78 ; 'x'|120-35
74192|code|MOVEQ           R3, #0x2D ; '-'|45-35
74194|code|STRB            R3, [R1,#9]|75-114
74196|code|MOVS            R3, #0|0-35
74198|code|STRB            R3, [R1,#0xA]|139-114
74200|code|BX              LR|112-71
74202|code|TST.W           R0, #8|16-240-8-15
74206|code|ITE NE|20-191
74208|code|MOVNE           R3, #0x78 ; 'x'|120-35
74210|code|MOVEQ           R3, #0x2D ; '-'|45-35
74212|code|B               loc_1218C|210-231
74214|data|ALIGN 4|0-191
74216|code|LDR             R1, =(_GLOBAL_OFFSET_TABLE_ - 0x121F6)|114-73
74218|code|MOV.W           R12, #1|79-240-1-12
74222|code|PUSH.W          {R4-R11,LR}|45-233-240-79
74226|code|ADD             R1, PC; _GLOBAL_OFFSET_TABLE_|121-68
74228|code|LDR.W           LR, =(__stack_chk_guard_ptr - 0x24000)|223-248-192-225
74232|code|MOV             R7, R3|31-70
74234|code|MOV             R3, R1|11-70
74236|code|SUB             SP, SP, #0x5C ; '\'|151-176
74238|code|MOV             R6, R2|22-70
74240|code|LDR.W           R3, [R1,LR]; __stack_chk_guard|81-248-14-48
74244|code|STR             R3, [SP,#0x24]|9-147
74246|code|LDR             R3, [R3]|27-104
74248|code|STR             R3, [SP,#0x54]|21-147
74250|code|LSLS            R3, R0, #0x1E|131-7
74252|code|ITEEE PL|81-191
74254|code|ADDPL.W         R8, SP, #0x2C ; ','|13-241-44-8
74258|code|ADDMI.W         LR, SP, #0x2D ; '-'|13-241-45-14
74262|code|ADDMI.W         R8, SP, #0x2C ; ','|13-241-44-8
74266|code|MOVMI           R3, #0x20 ; ' '|32-35
74268|code|ITE PL|84-191
74270|code|MOVPL           LR, R8|198-70
74272|code|STRBMI.W        R3, [SP,#0x2C]|141-248-44-48
74276|code|MOVS            R3, #0xA|10-35
74278|code|SUB.W           R1, R3, #0x20 ; ' '|163-241-32-1
74282|code|RSB.W           R2, R3, #0x20 ; ' '|195-241-32-2
74286|code|LSR.W           R2, R12, R2|44-250-2-242
74290|code|LSL.W           R5, R12, R1|12-250-1-245
74294|code|ORRS            R5, R2|21-67
74296|code|LSL.W           R4, R12, R3|12-250-3-244
74300|code|CMP             R7, R5|175-66
74302|code|IT EQ|8-191
74304|code|CMPEQ           R6, R4|166-66
74306|code|BCC.W           loc_1235E|192-240-140-128
74310|code|ADDS            R3, #0xA|10-51
74312|code|CMP             R3, #0x46 ; 'F'|70-43
74314|code|BNE             loc_12226|236-209
74316|code|MOV.W           R9, #0x3C ; '<'|79-240-60-9
74320|code|MOVW            R10, #0x6667|70-242-103-106
74324|code|MOVS            R2, #1|1-34
74326|code|MOVT.W          R10, #0x6666|198-242-102-106
74330|code|SUB.W           R4, R9, #0x20 ; ' '|169-241-32-4
74334|code|SMULL.W         R10, R11, R9, R10|137-251-10-171
74338|code|MOV.W           R12, R9,ASR#31|79-234-233-124
74342|code|RSB.W           R1, R9, #0x20 ; ' '|201-241-32-1
74346|code|RSB.W           R5, R9, #0x20 ; ' '|201-241-32-5
74350|code|LSR.W           R1, R2, R1|34-250-1-241
74354|code|LSL.W           R10, R2, R9|2-250-9-250
74358|code|LSL.W           R5, R7, R5|7-250-5-245
74362|code|RSB.W           R12, R12, R11,ASR#2|204-235-171-12
74366|code|LSL.W           R11, R2, R4|2-250-4-251
74370|code|LDR             R4, =(aBkmgtpe - 0x12290); "BKMGTPE"|78-76
74372|code|ORR.W           R11, R11, R1|75-234-1-11
74376|code|SUB.W           R1, R9, #0x20 ; ' '|169-241-32-1
74380|code|ADD             R4, PC; "BKMGTPE"|124-68
74382|code|LSR.W           R1, R7, R1|39-250-1-241
74386|code|LDRB.W          R12, [R12,R4]|28-248-4-192
74390|code|LSR.W           R4, R6, R9|38-250-9-244
74394|code|ORRS            R4, R5|44-67
74396|code|CMP.W           R12, #0x42 ; 'B'|188-241-66-15
74400|code|ITE EQ|12-191
74402|code|MOVEQ           R0, #0|0-32
74404|code|ANDNE.W         R0, R0, #1|0-240-1-0
74408|code|ADDS.W          R10, R10, #0xFFFFFFFF|26-241-255-58
74412|code|ADC.W           R11, R11, #0xFFFFFFFF|75-241-255-59
74416|code|AND.W           R10, R10, R6|10-234-6-10
74420|code|STRB.W          R12, [LR]|142-248-0-192
74424|code|ORR.W           R6, R4, R1|68-234-1-6
74428|code|AND.W           R11, R11, R7|11-234-7-11
74432|code|ADD.W           R1, LR, R2|14-235-2-1
74436|code|CBZ             R0, loc_122D6|56-177
74438|code|ADD.W           R1, LR, #3|14-241-3-1
74442|code|MOVS            R0, #0x69 ; 'i'|105-32
74444|code|MOVS            R2, #0x42 ; 'B'|66-34
74446|code|STRB.W          R0, [LR,#1]|142-248-1-0
74450|code|STRB.W          R2, [LR,#2]|142-248-2-32
74454|code|MOVS            R2, #0|0-34
74456|code|STRB            R2, [R1]|10-112
74458|code|ORRS.W          R2, R10, R11|90-234-11-2
74462|code|BEQ             loc_12372|72-208
74464|code|SUB.W           R4, R3, #0x14|163-241-20-4
74468|code|SUBS            R3, #0x34 ; '4'|52-59
74470|code|RSB.W           R2, R4, #0x20 ; ' '|196-241-32-2
74474|code|LSR.W           R0, R10, R4|42-250-4-240
74478|code|LSL.W           R2, R11, R2|11-250-2-242
74482|code|LSR.W           R3, R11, R3|43-250-3-243
74486|code|ORRS            R0, R2|16-67
74488|code|LSR.W           R1, R11, R4|43-250-4-241
74492|code|ORRS            R0, R3|24-67
74494|code|MOVS            R2, #0x64 ; 'd'|100-34
74496|code|ADDS            R0, #0x32 ; '2'|50-48
74498|code|MOV.W           R3, #0|79-240-0-3
74502|code|ADC.W           R1, R1, #0|65-241-0-1
74506|code|BL              sub_129E0|0-240-105-251
74510|code|CMP             R1, #0|0-41
74512|code|MOV             R10, R0|130-70
74514|code|IT EQ|8-191
74516|code|CMPEQ           R0, #0xA|10-40
74518|code|MOV             R11, R1|139-70
74520|code|IT EQ|8-191
74522|code|ADDEQ           R6, #1|1-54
74524|code|BEQ             loc_12372|41-208
74526|code|ORRS.W          R3, R10, R11|90-234-11-3
74530|code|BEQ             loc_12372|38-208
74532|code|BLX             localeconv|254-247-126-237
74536|code|CMP             R0, #0|0-40
74538|code|BEQ             loc_123A2|58-208
74540|code|LDR             R3, [R0]|3-104
74542|code|CMP             R3, #0|0-43
74544|code|BEQ             loc_123AC|60-208
74546|code|LDRSB.W         R2, [R3]|147-249-0-32
74550|code|CBNZ            R2, loc_1233C|10-185
74552|code|LDR             R3, =(asc_133EC - 0x1233E); "."|33-75
74554|code|ADD             R3, PC; "."|123-68
74556|code|ADD             R4, SP, #0x34 ; '4'|13-172
74558|code|LDR             R5, =(aDSJdS - 0x12348); "%d%s%jd%s"|33-77
74560|code|MOVS            R1, #0x20 ; ' '|32-33
74562|code|STR             R3, [SP,#8]|2-147
74564|code|ADD             R5, PC; "%d%s%jd%s"|125-68
74566|code|STR             R6, [SP,#4]|1-150
74568|code|MOV             R0, R4|32-70
74570|code|STRD.W          R10, R11, [SP,#0x10]|205-233-4-171
74574|code|MOV             R3, R1|11-70
74576|code|STR.W           R8, [SP,#0x18]|205-248-24-128
74580|code|MOVS            R2, #1|1-34
74582|code|STR             R5, [SP]|0-149
74584|code|BLX             __snprintf_chk|254-247-142-237
74588|code|B               loc_1238C|22-224
74590|code|SUBS.W          R9, R3, #0xA|179-241-10-9
74594|code|ITTT EQ|2-191
74596|code|STRBEQ.W        R9, [LR,#1]|142-248-1-144
74600|code|MOVEQ           R3, #0x42 ; 'B'|66-35
74602|code|STRBEQ.W        R3, [LR]|142-248-0-48
74606|code|BNE.W           loc_12250|127-244-111-175
74610|code|LDR             R3, =(aDS - 0x1237E); "%d%s"|21-75
74612|code|ADD             R4, SP, #0x34 ; '4'|13-172
74614|code|MOVS            R1, #0x20 ; ' '|32-33
74616|code|STR             R6, [SP,#4]|1-150
74618|code|ADD             R3, PC; "%d%s"|123-68
74620|code|STR.W           R8, [SP,#8]|205-248-8-128
74624|code|STR             R3, [SP]|0-147
74626|code|MOV             R0, R4|32-70
74628|code|MOV             R3, R1|11-70
74630|code|MOVS            R2, #1|1-34
74632|code|BLX             __snprintf_chk|254-247-118-237
74636|code|MOV             R0, R4|32-70
74638|code|BLX             __strdup|254-247-8-237
74642|code|LDR             R3, [SP,#0x24]|9-155
74644|code|LDR             R2, [SP,#0x54]|21-154
74646|code|LDR             R3, [R3]|27-104
74648|code|CMP             R2, R3|154-66
74650|code|BNE             loc_123A8|5-209
74652|code|ADD             SP, SP, #0x5C ; '\'|23-176
74654|code|POP.W           {R4-R11,PC}|189-232-240-143
74658|code|LDR             R3, =(asc_133EC - 0x123A8); "."|10-75
74660|code|ADD             R3, PC; "."|123-68
74662|code|B               loc_1233C|201-231
74664|code|BLX             __stack_chk_fail|254-247-122-236
74668|code|LDR             R3, =(asc_133EC - 0x123B2); "."|8-75
74670|code|ADD             R3, PC; "."|123-68
74672|code|B               loc_1233C|196-231
74674|data|ALIGN 4|0-191
74676|data|DCD _GLOBAL_OFFSET_TABLE_ - 0x121F6|10-30-1-0
74680|data|DCD __stack_chk_guard_ptr - 0x24000|212-0-0-0
74684|data|DCD aBkmgtpe - 0x12290; "BKMGTPE"|96-17-0-0
74688|data|DCD asc_133EC - 0x1233E; "."|174-16-0-0
74692|data|DCD aDSJdS - 0x12348; "%d%s%jd%s"|176-16-0-0
74696|data|DCD aDS - 0x1237E; "%d%s"|134-16-0-0
74700|data|DCD asc_133EC - 0x123A8; "."|68-16-0-0
74704|data|DCD asc_133EC - 0x123B2; "."|58-16-0-0
74708|code|CMP             R0, #0|0-40
74710|code|BEQ             loc_12474|77-208
74712|code|PUSH.W          {R4-R10,LR}|45-233-240-71
74716|code|LDRB            R7, [R0]|7-120
74718|code|CMP             R7, #0|0-47
74720|code|BEQ             loc_1246C|68-208
74722|code|CMP             R2, #0|0-42
74724|code|IT NE|24-191
74726|code|CMPNE           R1, #0|0-41
74728|code|ITE EQ|12-191
74730|code|MOVEQ           R6, #1|1-38
74732|code|MOVNE           R6, #0|0-38
74734|code|CMP             R3, #0|0-43
74736|code|IT EQ|8-191
74738|code|ORREQ.W         R6, R6, #1|70-240-1-6
74742|code|CMP             R6, #0|0-46
74744|code|BNE             loc_1246C|56-209
74746|code|MOV             R10, R2|146-70
74748|code|CMP             R6, R10|86-69
74750|code|ADD.W           R4, R0, #1|0-241-1-4
74754|code|MOV             R8, R3|152-70
74756|code|MOV             R9, R1|137-70
74758|code|MOV             R0, R6|48-70
74760|code|ADD.W           R5, R4, #0xFFFFFFFF|4-241-255-53
74764|code|BCS             loc_12464|42-210
74766|code|CMP             R0, #0|0-40
74768|code|IT EQ|8-191
74770|code|MOVEQ           R0, R5|40-70
74772|code|CMP             R7, #0x2C ; ','|44-47
74774|code|BEQ             loc_12428|7-208
74776|code|LDRSB.W         R3, [R4]|148-249-0-48
74780|code|CBNZ            R3, loc_12454|211-185
74782|code|MOV             R5, R4|37-70
74784|code|CBNZ            R4, loc_12430|52-185
74786|code|MOV             R0, R6|48-70
74788|code|POP.W           {R4-R10,PC}|189-232-240-135
74792|code|LDRSB.W         R3, [R4]|148-249-0-48
74796|code|CMP             R3, #0|0-43
74798|code|BEQ             loc_1241E|246-208
74800|code|CMP             R0, R5|168-66
74802|code|BCS             loc_1246C|27-210
74804|code|SUBS            R1, R5, R0|41-26
74806|code|BLX             R8|192-71
74808|code|ADDS            R3, R0, #1|67-28
74810|code|BEQ             loc_1246C|23-208
74812|code|STR.W           R0, [R9,R6,LSL#2]|73-248-38-0
74816|code|ADDS            R6, #1|1-54
74818|code|MOV             R0, R5|40-70
74820|code|CBZ             R5, loc_12450|37-177
74822|code|LDRSB.W         R3, [R5]|149-249-0-48
74826|code|CMP             R3, #0|0-43
74828|code|BEQ             loc_12422|233-208
74830|code|MOVS            R0, #0|0-32
74832|code|CMP             R4, #0|0-44
74834|code|BEQ             loc_12422|230-208
74836|code|LDRB.W          R7, [R4],#1|20-248-1-123
74840|code|CMP             R7, #0|0-47
74842|code|BEQ             loc_12422|226-208
74844|code|CMP             R6, R10|86-69
74846|code|ADD.W           R5, R4, #0xFFFFFFFF|4-241-255-53
74850|code|BCC             loc_1240E|212-211
74852|code|MOV             R0, #0xFFFFFFFE|111-240-1-0
74856|code|POP.W           {R4-R10,PC}|189-232-240-135
74860|code|MOV.W           R0, #0xFFFFFFFF|79-240-255-48
74864|code|POP.W           {R4-R10,PC}|189-232-240-135
74868|code|MOV.W           R0, #0xFFFFFFFF|79-240-255-48
74872|code|BX              LR|112-71
74874|data|ALIGN 4|0-191
74876|code|CBZ             R0, loc_124D0|64-179
74878|code|PUSH            {R4-R6,LR}|112-181
74880|code|MOV             R5, R3|29-70
74882|code|LDRB            R3, [R0]|3-120
74884|code|SXTB            R3, R3|91-178
74886|code|CMP             R5, #0|0-45
74888|code|IT NE|24-191
74890|code|CMPNE           R3, #0|0-43
74892|code|ITE EQ|12-191
74894|code|MOVEQ           R6, #1|1-38
74896|code|MOVNE           R6, #0|0-38
74898|code|BEQ             loc_124CA|26-208
74900|code|LDR             R4, [R5]|44-104
74902|code|CMP             R4, #0|0-44
74904|code|BLT             loc_124CA|23-219
74906|code|CMP             R4, R2|148-66
74908|code|BHI             loc_124CA|21-216
74910|code|CMP             R3, #0x2B ; '+'|43-43
74912|code|ITEET NE|19-191
74914|code|STRNE           R6, [R5]|46-96
74916|code|LSLEQ           R3, R4, #2|163-0
74918|code|ADDEQ           R0, #1|1-48
74920|code|MOVNE           R3, R6|51-70
74922|code|ADD             R1, R3|25-68
74924|code|IT NE|24-191
74926|code|MOVNE           R4, R3|28-70
74928|code|LDR             R3, [SP,#0x10]|4-155
74930|code|SUBS            R2, R2, R4|18-27
74932|code|BL              sub_123D4|255-247-142-255
74936|code|SUBS            R3, R0, #0|3-30
74938|code|BLE             loc_124C6|4-221
74940|code|LDR             R2, [R5]|42-104
74942|code|MOV             R0, R3|24-70
74944|code|ADD             R3, R2|19-68
74946|code|STR             R3, [R5]|43-96
74948|code|POP             {R4-R6,PC}|112-189
74950|code|MOV             R0, R3|24-70
74952|code|POP             {R4-R6,PC}|112-189
74954|code|MOV.W           R0, #0xFFFFFFFF|79-240-255-48
74958|code|POP             {R4-R6,PC}|112-189
74960|code|MOV.W           R0, #0xFFFFFFFF|79-240-255-48
74964|code|BX              LR|112-71
74966|data|ALIGN 4|0-191
74968|code|CMP             R1, #0|0-41
74970|code|IT NE|24-191
74972|code|CMPNE           R2, #0|0-42
74974|code|ITE EQ|12-191
74976|code|MOVEQ           R3, #1|1-35
74978|code|MOVNE           R3, #0|0-35
74980|code|CMP             R0, #0|0-40
74982|code|IT EQ|8-191
74984|code|ORREQ.W         R3, R3, #1|67-240-1-3
74988|code|CMP             R3, #0|0-43
74990|code|BNE             loc_1256A|60-209
74992|code|PUSH.W          {R4-R8,LR}|45-233-240-65
74996|code|MOV             R4, R0|4-70
74998|code|MOV             R8, R1|136-70
75000|code|MOV             R6, R2|22-70
75002|code|MOV             R0, R3|24-70
75004|code|MOVS            R7, #1|1-39
75006|code|MOV             R5, R4|37-70
75008|code|LDRB.W          R3, [R4],#1|20-248-1-59
75012|code|CBZ             R3, loc_1251C|83-177
75014|code|CMP             R0, #0|0-40
75016|code|IT EQ|8-191
75018|code|MOVEQ           R0, R5|40-70
75020|code|CMP             R3, #0x2C ; ','|44-43
75022|code|BEQ             loc_12522|8-208
75024|code|LDRSB.W         R3, [R4]|148-249-0-48
75028|code|CMP             R3, #0|0-43
75030|code|BNE             loc_124FE|242-209
75032|code|MOV             R5, R4|37-70
75034|code|CBNZ            R4, loc_1252A|52-185
75036|code|MOVS            R0, #0|0-32
75038|code|POP.W           {R4-R8,PC}|189-232-240-129
75042|code|LDRSB.W         R3, [R4]|148-249-0-48
75046|code|CMP             R3, #0|0-43
75048|code|BEQ             loc_12518|246-208
75050|code|CMP             R0, R5|168-66
75052|code|BCS             loc_12562|25-210
75054|code|SUBS            R1, R5, R0|41-26
75056|code|BLX             R6|176-71
75058|code|CMP             R0, #0|0-40
75060|code|BLT             locret_1255E|19-219
75062|code|ASRS            R2, R0, #3|194-16
75064|code|AND.W           R0, R0, #7|0-240-7-0
75068|code|LSL.W           R3, R7, R0|7-250-0-243
75072|code|MOV             R0, R5|40-70
75074|code|LDRB.W          R1, [R8,R2]|24-248-2-16
75078|code|ORRS            R3, R1|11-67
75080|code|STRB.W          R3, [R8,R2]|8-248-2-48
75084|code|CBZ             R5, loc_12558|37-177
75086|code|LDRSB.W         R3, [R5]|149-249-0-48
75090|code|CMP             R3, #0|0-43
75092|code|BEQ             loc_1251C|226-208
75094|code|MOVS            R0, #0|0-32
75096|code|CMP             R4, #0|0-44
75098|code|BNE             loc_124FE|208-209
75100|code|B               loc_1251C|222-231
75102|code|POP.W           {R4-R8,PC}|189-232-240-129
75106|code|MOV.W           R0, #0xFFFFFFFF|79-240-255-48
75110|code|POP.W           {R4-R8,PC}|189-232-240-129
75114|code|MOV             R0, #0xFFFFFFEA|111-240-21-0
75118|code|BX              LR|112-71
75120|code|CMP             R1, #0|0-41
75122|code|IT NE|24-191
75124|code|CMPNE           R2, #0|0-42
75126|code|PUSH            {R3-R7,LR}|248-181
75128|code|ITE EQ|12-191
75130|code|MOVEQ           R3, #1|1-35
75132|code|MOVNE           R3, #0|0-35
75134|code|CMP             R0, #0|0-40
75136|code|IT EQ|8-191
75138|code|ORREQ.W         R3, R3, #1|67-240-1-3
75142|code|CMP             R3, #0|0-43
75144|code|BNE             loc_125EA|47-209
75146|code|MOV             R4, R0|4-70
75148|code|MOV             R7, R1|15-70
75150|code|MOV             R6, R2|22-70
75152|code|MOV             R0, R3|24-70
75154|code|MOV             R5, R4|37-70
75156|code|LDRB.W          R3, [R4],#1|20-248-1-59
75160|code|CBZ             R3, loc_125B0|83-177
75162|code|CMP             R0, #0|0-40
75164|code|IT EQ|8-191
75166|code|MOVEQ           R0, R5|40-70
75168|code|CMP             R3, #0x2C ; ','|44-43
75170|code|BEQ             loc_125B4|7-208
75172|code|LDRSB.W         R3, [R4]|148-249-0-48
75176|code|CMP             R3, #0|0-43
75178|code|BNE             loc_12592|242-209
75180|code|MOV             R5, R4|37-70
75182|code|CBNZ            R4, loc_125BC|44-185
75184|code|MOVS            R0, #0|0-32
75186|code|POP             {R3-R7,PC}|248-189
75188|code|LDRSB.W         R3, [R4]|148-249-0-48
75192|code|CMP             R3, #0|0-43
75194|code|BEQ             loc_125AC|247-208
75196|code|CMP             R0, R5|168-66
75198|code|BCS             loc_125E4|17-210
75200|code|SUBS            R1, R5, R0|41-26
75202|code|BLX             R6|176-71
75204|code|CMP             R0, #0|0-40
75206|code|BLT             locret_125E2|12-219
75208|code|LDR             R3, [R7]|59-104
75210|code|ORRS            R0, R3|24-67
75212|code|STR             R0, [R7]|56-96
75214|code|MOV             R0, R5|40-70
75216|code|CBZ             R5, loc_125DC|37-177
75218|code|LDRSB.W         R3, [R5]|149-249-0-48
75222|code|CMP             R3, #0|0-43
75224|code|BEQ             loc_125B0|234-208
75226|code|MOVS            R0, #0|0-32
75228|code|CMP             R4, #0|0-44
75230|code|BNE             loc_12592|216-209
75232|code|B               loc_125B0|230-231
75234|code|POP             {R3-R7,PC}|248-189
75236|code|MOV.W           R0, #0xFFFFFFFF|79-240-255-48
75240|code|POP             {R3-R7,PC}|248-189
75242|code|MOV             R0, #0xFFFFFFEA|111-240-21-0
75246|code|POP             {R3-R7,PC}|248-189
75248|code|PUSH.W          {R4-R9,LR}|45-233-240-67
75252|code|MOV             R6, R2|22-70
75254|code|LDR             R5, =(_GLOBAL_OFFSET_TABLE_ - 0x12604)|58-77
75256|code|SUB             SP, SP, #0xC|131-176
75258|code|LDR             R7, =(__stack_chk_guard_ptr - 0x24000)|58-79
75260|code|MOV.W           R9, #0|79-240-0-9
75264|code|ADD             R5, PC; _GLOBAL_OFFSET_TABLE_|125-68
75266|code|MOV             R4, R0|4-70
75268|code|LDR             R5, [R5,R7]; __stack_chk_guard|237-89
75270|code|STR.W           R9, [SP]|205-248-0-144
75274|code|LDR             R2, [R5]|42-104
75276|code|STR             R2, [SP,#4]|1-146
75278|code|CBZ             R0, loc_12656|16-179
75280|code|STR             R3, [R1]|11-96
75282|code|MOV             R8, R1|136-70
75284|code|STR             R3, [R6]|51-96
75286|code|BLX             __errno_location|254-247-182-235
75290|code|STR.W           R9, [R0]|192-248-0-144
75294|code|MOV             R7, R0|7-70
75296|code|LDRSB.W         R3, [R4]|148-249-0-48
75300|code|CMP             R3, #0x3A ; ':'|58-43
75302|code|BEQ             loc_12666|30-208
75304|code|MOV             R0, R4|32-70
75306|code|MOVS            R2, #0xA|10-34
75308|code|MOV             R1, SP|105-70
75310|code|MOV             R9, SP|233-70
75312|code|BLX             strtol|254-247-12-235
75316|code|STR.W           R0, [R8]|200-248-0-0
75320|code|STR             R0, [R6]|48-96
75322|code|LDR             R0, [R7]|56-104
75324|code|CMP             R0, #0|0-40
75326|code|BNE             loc_126D6|74-209
75328|code|LDR             R3, [SP]|0-155
75330|code|CMP             R3, #0|0-43
75332|code|IT NE|24-191
75334|code|CMPNE           R4, R3|156-66
75336|code|BEQ             loc_126D6|69-208
75338|code|LDRB            R2, [R3]|26-120
75340|code|SXTB            R2, R2|82-178
75342|code|CMP             R2, #0x3A ; ':'|58-42
75344|code|BEQ             loc_126CA|59-208
75346|code|CMP             R2, #0x2D ; '-'|45-42
75348|code|BEQ             loc_12694|30-208
75350|code|MOVS            R0, #0|0-32
75352|code|LDR             R2, [SP,#4]|1-154
75354|code|LDR             R3, [R5]|43-104
75356|code|CMP             R2, R3|154-66
75358|code|BNE             loc_126DC|61-209
75360|code|ADD             SP, SP, #0xC|3-176
75362|code|POP.W           {R4-R9,PC}|189-232-240-131
75366|code|ADDS            R4, #1|1-52
75368|code|MOV             R1, SP|105-70
75370|code|MOVS            R2, #0xA|10-34
75372|code|MOV             R0, R4|32-70
75374|code|BLX             strtol|254-247-238-234
75378|code|STR             R0, [R6]|48-96
75380|code|LDR             R3, [R7]|59-104
75382|code|CBNZ            R3, loc_126D6|115-187
75384|code|LDR             R2, [SP]|0-154
75386|code|CBZ             R2, loc_126D6|98-179
75388|code|LDRSB.W         R3, [R2]|146-249-0-48
75392|code|ADDS            R3, #0|0-51
75394|code|IT NE|24-191
75396|code|MOVNE           R3, #1|1-35
75398|code|CMP             R4, R2|148-66
75400|code|ITE NE|20-191
75402|code|MOVNE           R0, R3|24-70
75404|code|ORREQ.W         R0, R3, #1|67-240-1-0
75408|code|NEGS            R0, R0|64-66
75410|code|B               loc_12658|225-231
75412|code|ADDS            R4, R3, #1|92-28
75414|code|MOV             R1, R9|73-70
75416|code|MOVS            R3, #0|0-35
75418|code|MOVS            R2, #0xA|10-34
75420|code|STR             R3, [R7]|59-96
75422|code|MOV             R0, R4|32-70
75424|code|STR             R3, [SP]|0-147
75426|code|BLX             strtol|254-247-212-234
75430|code|STR             R0, [R6]|48-96
75432|code|LDR             R3, [R7]|59-104
75434|code|CBNZ            R3, loc_126D6|163-185
75436|code|LDR             R3, [SP]|0-155
75438|code|CBZ             R3, loc_126D6|147-177
75440|code|LDRSB.W         R0, [R3]|147-249-0-0
75444|code|SUBS            R3, R4, R3|227-26
75446|code|CLZ.W           R3, R3|179-250-131-243
75450|code|LSRS            R3, R3, #5|91-9
75452|code|CMP             R0, #0|0-40
75454|code|ITE EQ|12-191
75456|code|MOVEQ           R0, R3|24-70
75458|code|ORRNE.W         R0, R3, #1|67-240-1-0
75462|code|NEGS            R0, R0|64-66
75464|code|B               loc_12658|198-231
75466|code|LDRSB.W         R2, [R3,#1]|147-249-1-32
75470|code|CMP             R2, #0|0-42
75472|code|BNE             loc_12694|224-209
75474|code|STR             R0, [R6]|48-96
75476|code|B               loc_12658|192-231
75478|code|MOV.W           R0, #0xFFFFFFFF|79-240-255-48
75482|code|B               loc_12658|189-231
75484|code|BLX             __stack_chk_fail|254-247-224-234
75488|data|DCD _GLOBAL_OFFSET_TABLE_ - 0x12604|252-25-1-0
75492|data|DCD __stack_chk_guard_ptr - 0x24000|212-0-0-0
75496|code|PUSH            {R4-R6,LR}|112-181
75498|code|CLZ.W           R3, R1|177-250-129-243
75502|code|CLZ.W           R4, R0|176-250-128-244
75506|code|LSRS            R3, R3, #5|91-9
75508|code|LSRS            R4, R4, #5|100-9
75510|code|ANDS.W          R2, R4, R3|20-234-3-2
75514|code|BNE             loc_1272A|22-209
75516|code|ORRS            R3, R4|35-67
75518|code|BNE             loc_1272E|22-209
75520|code|MOV             R5, R0|5-70
75522|code|MOV             R6, R1|14-70
75524|code|BLX             strcmp|254-247-156-234
75528|code|CBZ             R0, loc_1272A|120-177
75530|code|MOV             R0, R5|40-70
75532|code|BLX             strlen|254-247-34-235
75536|code|MOV             R4, R0|4-70
75538|code|MOV             R0, R6|48-70
75540|code|BLX             strlen|254-247-30-235
75544|code|MOV             R2, R0|2-70
75546|code|CBZ             R4, loc_12746|164-177
75548|code|SUBS            R3, R4, #1|99-30
75550|code|LDRSB           R1, [R5,R3]|233-86
75552|code|CMP             R1, #0x2F ; '/'|47-41
75554|code|BEQ             loc_12732|6-208
75556|code|CBZ             R0, loc_1272E|24-177
75558|code|MOV             R3, R4|35-70
75560|code|B               loc_12734|4-224
75562|code|MOVS            R0, #1|1-32
75564|code|POP             {R4-R6,PC}|112-189
75566|code|MOV             R0, R2|16-70
75568|code|POP             {R4-R6,PC}|112-189
75570|code|CBZ             R0, loc_1273E|32-177
75572|code|SUBS            R1, R2, #1|81-30
75574|code|LDRSB           R0, [R6,R1]|112-86
75576|code|CMP             R0, #0x2F ; '/'|47-40
75578|code|IT EQ|8-191
75580|code|MOVEQ           R2, R1|10-70
75582|code|CMP             R3, R2|147-66
75584|code|BEQ             loc_12754|8-208
75586|code|MOVS            R0, #0|0-32
75588|code|POP             {R4-R6,PC}|112-189
75590|code|CBZ             R0, loc_12754|40-177
75592|code|SUBS            R2, R0, #1|66-30
75594|code|LDRSB           R3, [R6,R2]|179-86
75596|code|CMP             R3, #0x2F ; '/'|47-43
75598|code|BEQ             loc_12764|9-208
75600|code|MOV             R0, R4|32-70
75602|code|POP             {R4-R6,PC}|112-189
75604|code|MOV             R0, R5|40-70
75606|code|MOV             R1, R6|49-70
75608|code|BLX             strncmp|254-247-124-235
75612|code|CLZ.W           R0, R0|176-250-128-240
75616|code|LSRS            R0, R0, #5|64-9
75618|code|POP             {R4-R6,PC}|112-189
75620|code|MOV             R3, R4|35-70
75622|code|B               loc_1273E|234-231
75624|code|SUBS            R2, R1, #1|74-30
75626|code|IT EQ|8-191
75628|code|BXEQ            LR|112-71
75630|code|BCC.W           loc_129BA|192-240-36-129
75634|code|CMP             R0, R1|136-66
75636|code|BLS.W           loc_129A4|64-242-22-129
75640|code|TST             R1, R2|17-66
75642|code|BEQ.W           loc_129AC|0-240-23-129
75646|code|CLZ.W           R3, R0|176-250-128-243
75650|code|CLZ.W           R2, R1|177-250-129-242
75654|code|SUB.W           R3, R2, R3|162-235-3-3
75658|code|RSB.W           R3, R3, #0x1F|195-241-31-3
75662|code|ADR             R2, loc_127A0|4-162
75664|code|ADD.W           R3, R2, R3,LSL#4|2-235-3-19
75668|code|MOV.W           R2, #0|79-240-0-2
75672|code|MOV             PC, R3|159-70
75674|data|ALIGN 4|0-191
75676|code|NOP.W|175-243-0-128
75680|code|CMP.W           R0, R1,LSL#31|176-235-193-127
75684|code|NOP|0-191
75686|code|ADC.W           R2, R2, R2|66-235-2-2
75690|code|IT CS|40-191
75692|code|SUBCS.W         R0, R0, R1,LSL#31|160-235-193-112
75696|code|CMP.W           R0, R1,LSL#30|176-235-129-127
75700|code|NOP|0-191
75702|code|ADC.W           R2, R2, R2|66-235-2-2
75706|code|IT CS|40-191
75708|code|SUBCS.W         R0, R0, R1,LSL#30|160-235-129-112
75712|code|CMP.W           R0, R1,LSL#29|176-235-65-127
75716|code|NOP|0-191
75718|code|ADC.W           R2, R2, R2|66-235-2-2
75722|code|IT CS|40-191
75724|code|SUBCS.W         R0, R0, R1,LSL#29|160-235-65-112
75728|code|CMP.W           R0, R1,LSL#28|176-235-1-127
75732|code|NOP|0-191
75734|code|ADC.W           R2, R2, R2|66-235-2-2
75738|code|IT CS|40-191
75740|code|SUBCS.W         R0, R0, R1,LSL#28|160-235-1-112
75744|code|CMP.W           R0, R1,LSL#27|176-235-193-111
75748|code|NOP|0-191
75750|code|ADC.W           R2, R2, R2|66-235-2-2
75754|code|IT CS|40-191
75756|code|SUBCS.W         R0, R0, R1,LSL#27|160-235-193-96
75760|code|CMP.W           R0, R1,LSL#26|176-235-129-111
75764|code|NOP|0-191
75766|code|ADC.W           R2, R2, R2|66-235-2-2
75770|code|IT CS|40-191
75772|code|SUBCS.W         R0, R0, R1,LSL#26|160-235-129-96
75776|code|CMP.W           R0, R1,LSL#25|176-235-65-111
75780|code|NOP|0-191
75782|code|ADC.W           R2, R2, R2|66-235-2-2
75786|code|IT CS|40-191
75788|code|SUBCS.W         R0, R0, R1,LSL#25|160-235-65-96
75792|code|CMP.W           R0, R1,LSL#24|176-235-1-111
75796|code|NOP|0-191
75798|code|ADC.W           R2, R2, R2|66-235-2-2
75802|code|IT CS|40-191
75804|code|SUBCS.W         R0, R0, R1,LSL#24|160-235-1-96
75808|code|CMP.W           R0, R1,LSL#23|176-235-193-95
75812|code|NOP|0-191
75814|code|ADC.W           R2, R2, R2|66-235-2-2
75818|code|IT CS|40-191
75820|code|SUBCS.W         R0, R0, R1,LSL#23|160-235-193-80
75824|code|CMP.W           R0, R1,LSL#22|176-235-129-95
75828|code|NOP|0-191
75830|code|ADC.W           R2, R2, R2|66-235-2-2
75834|code|IT CS|40-191
75836|code|SUBCS.W         R0, R0, R1,LSL#22|160-235-129-80
75840|code|CMP.W           R0, R1,LSL#21|176-235-65-95
75844|code|NOP|0-191
75846|code|ADC.W           R2, R2, R2|66-235-2-2
75850|code|IT CS|40-191
75852|code|SUBCS.W         R0, R0, R1,LSL#21|160-235-65-80
75856|code|CMP.W           R0, R1,LSL#20|176-235-1-95
75860|code|NOP|0-191
75862|code|ADC.W           R2, R2, R2|66-235-2-2
75866|code|IT CS|40-191
75868|code|SUBCS.W         R0, R0, R1,LSL#20|160-235-1-80
75872|code|CMP.W           R0, R1,LSL#19|176-235-193-79
75876|code|NOP|0-191
75878|code|ADC.W           R2, R2, R2|66-235-2-2
75882|code|IT CS|40-191
75884|code|SUBCS.W         R0, R0, R1,LSL#19|160-235-193-64
75888|code|CMP.W           R0, R1,LSL#18|176-235-129-79
75892|code|NOP|0-191
75894|code|ADC.W           R2, R2, R2|66-235-2-2
75898|code|IT CS|40-191
75900|code|SUBCS.W         R0, R0, R1,LSL#18|160-235-129-64
75904|code|CMP.W           R0, R1,LSL#17|176-235-65-79
75908|code|NOP|0-191
75910|code|ADC.W           R2, R2, R2|66-235-2-2
75914|code|IT CS|40-191
75916|code|SUBCS.W         R0, R0, R1,LSL#17|160-235-65-64
75920|code|CMP.W           R0, R1,LSL#16|176-235-1-79
75924|code|NOP|0-191
75926|code|ADC.W           R2, R2, R2|66-235-2-2
75930|code|IT CS|40-191
75932|code|SUBCS.W         R0, R0, R1,LSL#16|160-235-1-64
75936|code|CMP.W           R0, R1,LSL#15|176-235-193-63
75940|code|NOP|0-191
75942|code|ADC.W           R2, R2, R2|66-235-2-2
75946|code|IT CS|40-191
75948|code|SUBCS.W         R0, R0, R1,LSL#15|160-235-193-48
75952|code|CMP.W           R0, R1,LSL#14|176-235-129-63
75956|code|NOP|0-191
75958|code|ADC.W           R2, R2, R2|66-235-2-2
75962|code|IT CS|40-191
75964|code|SUBCS.W         R0, R0, R1,LSL#14|160-235-129-48
75968|code|CMP.W           R0, R1,LSL#13|176-235-65-63
75972|code|NOP|0-191
75974|code|ADC.W           R2, R2, R2|66-235-2-2
75978|code|IT CS|40-191
75980|code|SUBCS.W         R0, R0, R1,LSL#13|160-235-65-48
75984|code|CMP.W           R0, R1,LSL#12|176-235-1-63
75988|code|NOP|0-191
75990|code|ADC.W           R2, R2, R2|66-235-2-2
75994|code|IT CS|40-191
75996|code|SUBCS.W         R0, R0, R1,LSL#12|160-235-1-48
76000|code|CMP.W           R0, R1,LSL#11|176-235-193-47
76004|code|NOP|0-191
76006|code|ADC.W           R2, R2, R2|66-235-2-2
76010|code|IT CS|40-191
76012|code|SUBCS.W         R0, R0, R1,LSL#11|160-235-193-32
76016|code|CMP.W           R0, R1,LSL#10|176-235-129-47
76020|code|NOP|0-191
76022|code|ADC.W           R2, R2, R2|66-235-2-2
76026|code|IT CS|40-191
76028|code|SUBCS.W         R0, R0, R1,LSL#10|160-235-129-32
76032|code|CMP.W           R0, R1,LSL#9|176-235-65-47
76036|code|NOP|0-191
76038|code|ADC.W           R2, R2, R2|66-235-2-2
76042|code|IT CS|40-191
76044|code|SUBCS.W         R0, R0, R1,LSL#9|160-235-65-32
76048|code|CMP.W           R0, R1,LSL#8|176-235-1-47
76052|code|NOP|0-191
76054|code|ADC.W           R2, R2, R2|66-235-2-2
76058|code|IT CS|40-191
76060|code|SUBCS.W         R0, R0, R1,LSL#8|160-235-1-32
76064|code|CMP.W           R0, R1,LSL#7|176-235-193-31
76068|code|NOP|0-191
76070|code|ADC.W           R2, R2, R2|66-235-2-2
76074|code|IT CS|40-191
76076|code|SUBCS.W         R0, R0, R1,LSL#7|160-235-193-16
76080|code|CMP.W           R0, R1,LSL#6|176-235-129-31
76084|code|NOP|0-191
76086|code|ADC.W           R2, R2, R2|66-235-2-2
76090|code|IT CS|40-191
76092|code|SUBCS.W         R0, R0, R1,LSL#6|160-235-129-16
76096|code|CMP.W           R0, R1,LSL#5|176-235-65-31
76100|code|NOP|0-191
76102|code|ADC.W           R2, R2, R2|66-235-2-2
76106|code|IT CS|40-191
76108|code|SUBCS.W         R0, R0, R1,LSL#5|160-235-65-16
76112|code|CMP.W           R0, R1,LSL#4|176-235-1-31
76116|code|NOP|0-191
76118|code|ADC.W           R2, R2, R2|66-235-2-2
76122|code|IT CS|40-191
76124|code|SUBCS.W         R0, R0, R1,LSL#4|160-235-1-16
76128|code|CMP.W           R0, R1,LSL#3|176-235-193-15
76132|code|NOP|0-191
76134|code|ADC.W           R2, R2, R2|66-235-2-2
76138|code|IT CS|40-191
76140|code|SUBCS.W         R0, R0, R1,LSL#3|160-235-193-0
76144|code|CMP.W           R0, R1,LSL#2|176-235-129-15
76148|code|NOP|0-191
76150|code|ADC.W           R2, R2, R2|66-235-2-2
76154|code|IT CS|40-191
76156|code|SUBCS.W         R0, R0, R1,LSL#2|160-235-129-0
76160|code|CMP.W           R0, R1,LSL#1|176-235-65-15
76164|code|NOP|0-191
76166|code|ADC.W           R2, R2, R2|66-235-2-2
76170|code|IT CS|40-191
76172|code|SUBCS.W         R0, R0, R1,LSL#1|160-235-65-0
76176|code|CMP.W           R0, R1|176-235-1-15
76180|code|NOP|0-191
76182|code|ADC.W           R2, R2, R2|66-235-2-2
76186|code|IT CS|40-191
76188|code|SUBCS.W         R0, R0, R1|160-235-1-0
76192|code|MOV             R0, R2|16-70
76194|code|BX              LR|112-71
76196|code|ITE EQ|12-191
76198|code|MOVEQ           R0, #1|1-32
76200|code|MOVNE           R0, #0|0-32
76202|code|BX              LR|112-71
76204|code|CLZ.W           R2, R1|177-250-129-242
76208|code|RSB.W           R2, R2, #0x1F|194-241-31-2
76212|code|LSR.W           R0, R0, R2|32-250-2-240
76216|code|BX              LR|112-71
76218|code|CBZ             R0, loc_129C0|8-177
76220|code|MOV.W           R0, #0xFFFFFFFF|79-240-255-48
76224|code|B.W             loc_12A0C|0-240-36-184
76228|code|CMP             R1, #0|0-41
76230|code|BEQ             loc_129BA|248-208
76232|code|PUSH.W          {R0,R1,LR}|45-233-3-64
76236|code|BL              sub_12768|255-247-204-254
76240|code|POP.W           {R1,R2,LR}|189-232-6-64
76244|code|MUL.W           R3, R2, R0|2-251-0-243
76248|code|SUB.W           R1, R1, R3|161-235-3-1
76252|code|BX              LR|112-71
76254|data|ALIGN 0x10|0-191
76256|code|CBNZ            R3, loc_129F6|75-185
76258|code|CBNZ            R2, loc_129F6|66-185
76260|code|CMP             R1, #0|0-41
76262|code|IT EQ|8-191
76264|code|CMPEQ           R0, #0|0-40
76266|code|BEQ             loc_129F2|2-208
76268|code|MOV.W           R1, #0xFFFFFFFF|79-240-255-49
76272|code|MOV             R0, R1|8-70
76274|code|B.W             loc_12A0C|0-240-11-184
76278|code|SUB             SP, SP, #8|130-176
76280|code|MOV             R12, SP|236-70
76282|code|PUSH.W          {R12,LR}|45-233-0-80
76286|code|BL              sub_12A48|0-240-35-248
76290|code|LDR.W           LR, [SP,#0x10+var_C]|221-248-4-224
76294|code|ADD             SP, SP, #8|2-176
76296|code|POP             {R2,R3}|12-188
76298|code|BX              LR|112-71
76300|code|PUSH            {R1,LR}|2-181
76302|code|MOV.W           R0, #8; sig|79-240-8-0
76306|code|BLX             raise|254-247-10-233
76310|code|POP             {R1,PC}|2-189
76312|code|PUSH.W          {R4-R8,LR}|45-233-240-65
76316|code|MOV             R8, R3|152-70
76318|code|MOV             R4, R2|20-70
76320|code|LDR             R5, [SP,#0x18]|6-157
76322|code|MOV             R6, R0|6-70
76324|code|MOV             R7, R1|15-70
76326|code|BL              sub_12A78|0-240-39-248
76330|code|UMULL.W         R2, R3, R4, R0|164-251-0-35
76334|code|MOV             LR, R0|134-70
76336|code|MUL.W           R4, R4, R1|4-251-1-244
76340|code|SUBS            R6, R6, R2|182-26
76342|code|MLA.W           R4, R0, R8, R4|0-251-8-68
76346|code|ADD             R3, R4|35-68
76348|code|SBC.W           R7, R7, R3|103-235-3-7
76352|code|STRD.W          R6, R7, [R5]|197-233-0-103
76356|code|POP.W           {R4-R8,PC}|189-232-240-129
76360|code|PUSH.W          {R3-R9,LR}|45-233-248-67
76364|code|MOV             R7, R2|23-70
76366|code|MOV             R8, R0|128-70
76368|code|MOV             R9, R1|137-70
76370|code|MOV             R5, R3|29-70
76372|code|LDR             R6, [SP,#0x20+arg_0]|8-158
76374|code|BL              sub_12BD0|0-240-187-248
76378|code|MUL.W           R3, R0, R5|0-251-5-243
76382|code|UMULL.W         R4, R5, R0, R7|160-251-7-69
76386|code|MLA.W           R7, R7, R1, R3|7-251-1-55
76390|code|SUBS.W          R4, R8, R4|184-235-4-4
76394|code|ADD             R5, R7|61-68
76396|code|SBC.W           R5, R9, R5|105-235-5-5
76400|code|STRD.W          R4, R5, [R6]|198-233-0-69
76404|code|POP.W           {R3-R9,PC}|189-232-248-131
76408|code|CMP             R1, #0|0-41
76410|code|PUSH.W          {R4-R11,LR}|45-233-240-79
76414|code|ITTT GE|162-191
76416|code|MOVGE           R8, R0|128-70
76418|code|MOVGE           R9, R1|137-70
76420|code|MOVGE.W         LR, #0|79-240-0-14
76424|code|BLT.W           loc_12BC0|192-242-154-128
76428|code|CMP             R3, #0|0-43
76430|code|ITT GE|164-191
76432|code|MOVGE           R0, R2|16-70
76434|code|MOVGE           R1, R3|25-70
76436|code|BLT.W           loc_12BB4|192-242-142-128
76440|code|CMP             R9, R1|137-69
76442|code|MOV             R4, R8|68-70
76444|code|IT EQ|8-191
76446|code|CMPEQ           R8, R0|128-69
76448|code|MOV             R5, R9|77-70
76450|code|ITT CC|60-191
76452|code|MOVCC           R0, #0|0-32
76454|code|MOVCC           R1, #0|0-33
76456|code|BCC             loc_12B7A|103-211
76458|code|CLZ.W           R2, R1|177-250-129-242
76462|code|CMP             R1, #0|0-41
76464|code|BEQ             loc_12BA0|118-208
76466|code|CLZ.W           R3, R9|185-250-137-243
76470|code|CMP.W           R9, #0|185-241-0-15
76474|code|BEQ             loc_12B98|109-208
76476|code|SUBS            R3, R2, R3|211-26
76478|code|SUB.W           R12, R3, #0x20 ; ' '|163-241-32-12
76482|code|LSL.W           R7, R1, R3|1-250-3-247
76486|code|LSL.W           R2, R0, R12|0-250-12-242
76490|code|RSB.W           R10, R3, #0x20 ; ' '|195-241-32-10
76494|code|ORRS            R7, R2|23-67
76496|code|LSR.W           R2, R0, R10|32-250-10-242
76500|code|ORRS            R7, R2|23-67
76502|code|LSL.W           R6, R0, R3|0-250-3-246
76506|code|CMP             R9, R7|185-69
76508|code|MOV             R2, R3|26-70
76510|code|IT EQ|8-191
76512|code|CMPEQ           R8, R6|176-69
76514|code|ITT CC|60-191
76516|code|MOVCC           R0, #0|0-32
76518|code|MOVCC           R1, #0|0-33
76520|code|BCC             loc_12B04|12-211
76522|code|MOV.W           R11, #1|79-240-1-11
76526|code|LSR.W           R4, R11, R10|43-250-10-244
76530|code|LSL.W           R1, R11, R12|11-250-12-241
76534|code|ORRS            R1, R4|33-67
76536|code|SUBS.W          R4, R8, R6|184-235-6-4
76540|code|SBC.W           R5, R9, R7|105-235-7-5
76544|code|LSL.W           R0, R11, R3|11-250-3-240
76548|code|CMP             R3, #0|0-43
76550|code|BEQ             loc_12B7A|56-208
76552|code|LSRS            R7, R7, #1|127-8
76554|code|MOV.W           R6, R6,RRX|79-234-54-6
76558|code|B               loc_12B24|9-224
76560|code|SUBS            R4, R4, R6|164-27
76562|code|SBC.W           R5, R5, R7|101-235-7-5
76566|code|ADDS            R4, R4, R4|36-25
76568|code|ADCS            R5, R5|109-65
76570|code|ADDS            R4, #1|1-52
76572|code|ADC.W           R5, R5, #0|69-241-0-5
76576|code|SUBS            R3, #1|1-59
76578|code|BEQ             loc_12B34|7-208
76580|code|CMP             R5, R7|189-66
76582|code|IT EQ|8-191
76584|code|CMPEQ           R4, R6|180-66
76586|code|BCS             loc_12B10|241-210
76588|code|ADDS            R4, R4, R4|36-25
76590|code|ADCS            R5, R5|109-65
76592|code|SUBS            R3, #1|1-59
76594|code|BNE             loc_12B24|247-209
76596|code|RSB.W           R7, R2, #0x20 ; ' '|194-241-32-7
76600|code|LSR.W           R3, R4, R2|36-250-2-243
76604|code|LSL.W           R7, R5, R7|5-250-7-247
76608|code|SUB.W           R6, R2, #0x20 ; ' '|162-241-32-6
76612|code|ORRS            R3, R7|59-67
76614|code|LSR.W           R6, R5, R6|37-250-6-246
76618|code|ORRS            R3, R6|51-67
76620|code|LSR.W           R12, R5, R2|37-250-2-252
76624|code|SUB.W           R8, R2, #0x20 ; ' '|162-241-32-8
76628|code|ADDS            R0, R0, R4|0-25
76630|code|LSL.W           R7, R12, R2|12-250-2-247
76634|code|LSL.W           R8, R3, R8|3-250-8-248
76638|code|RSB.W           R12, R2, #0x20 ; ' '|194-241-32-12
76642|code|ORR.W           R7, R7, R8|71-234-8-7
76646|code|LSR.W           R12, R3, R12|35-250-12-252
76650|code|LSL.W           R6, R3, R2|3-250-2-246
76654|code|ADCS            R1, R5|105-65
76656|code|ORR.W           R7, R7, R12|71-234-12-7
76660|code|SUBS            R0, R0, R6|128-27
76662|code|SBC.W           R1, R1, R7|97-235-7-1
76666|code|MOVS.W          R2, LR|30-241-0-2
76670|code|MOV.W           R3, #0|79-240-0-3
76674|code|IT NE|24-191
76676|code|MOVNE           R2, #1|1-34
76678|code|NEGS            R4, R2|84-66
76680|code|SBC.W           R5, R3, R3,LSL#1|99-235-67-5
76684|code|EORS            R0, R4|96-64
76686|code|EORS            R1, R5|105-64
76688|code|ADDS            R0, R0, R2|128-24
76690|code|ADCS            R1, R3|89-65
76692|code|POP.W           {R4-R11,PC}|189-232-240-143
76696|code|CLZ.W           R3, R8|184-250-136-243
76700|code|ADDS            R3, #0x20 ; ' '|32-51
76702|code|B               loc_12ABC|141-231
76704|code|CLZ.W           R3, R0|176-250-128-243
76708|code|ADD.W           R2, R3, #0x20 ; ' '|3-241-32-2
76712|code|CLZ.W           R3, R9|185-250-137-243
76716|code|CMP.W           R9, #0|185-241-0-15
76720|code|BNE             loc_12ABC|132-209
76722|code|B               loc_12B98|241-231
76724|code|NEGS            R0, R2|80-66
76726|code|MVN.W           LR, LR|111-234-14-14
76730|code|SBC.W           R1, R3, R3,LSL#1|99-235-67-1
76734|code|B               loc_12A98|107-231
76736|code|RSBS.W          R8, R0, #0|208-241-0-8
76740|code|MOV.W           LR, #0xFFFFFFFF|79-240-255-62
76744|code|SBC.W           R9, R1, R1,LSL#1|97-235-65-9
76748|code|B               loc_12A8C|94-231
76750|data|ALIGN 0x10|0-191
76752|code|PUSH.W          {R4-R8,LR}|45-233-240-65
76756|code|MOV             R5, R1|13-70
76758|code|CMP             R5, R3|157-66
76760|code|MOV             R4, R0|4-70
76762|code|IT EQ|8-191
76764|code|CMPEQ           R4, R2|148-66
76766|code|MOV             R0, R2|16-70
76768|code|MOV             R1, R3|25-70
76770|code|BCC             loc_12CB4|103-211
76772|code|CLZ.W           R2, R3|179-250-131-242
76776|code|CMP             R3, #0|0-43
76778|code|BEQ             loc_12CC4|107-208
76780|code|CLZ.W           R3, R5|181-250-133-243
76784|code|CMP             R5, #0|0-45
76786|code|BEQ             loc_12CBC|99-208
76788|code|SUBS            R3, R2, R3|211-26
76790|code|SUB.W           R2, R3, #0x20 ; ' '|163-241-32-2
76794|code|LSL.W           R7, R1, R3|1-250-3-247
76798|code|RSB.W           R12, R3, #0x20 ; ' '|195-241-32-12
76802|code|LSL.W           R1, R0, R2|0-250-2-241
76806|code|ORRS            R7, R1|15-67
76808|code|LSR.W           R1, R0, R12|32-250-12-241
76812|code|ORRS            R7, R1|15-67
76814|code|LSL.W           R6, R0, R3|0-250-3-246
76818|code|CMP             R5, R7|189-66
76820|code|MOV             LR, R3|158-70
76822|code|IT EQ|8-191
76824|code|CMPEQ           R4, R6|180-66
76826|code|ITT CC|60-191
76828|code|MOVCC           R0, #0|0-32
76830|code|MOVCC           R1, #0|0-33
76832|code|BCC             loc_12C3C|12-211
76834|code|MOV.W           R8, #1|79-240-1-8
76838|code|SUBS            R4, R4, R6|164-27
76840|code|LSR.W           R12, R8, R12|40-250-12-252
76844|code|LSL.W           R1, R8, R2|8-250-2-241
76848|code|ORR.W           R1, R1, R12|65-234-12-1
76852|code|SBC.W           R5, R5, R7|101-235-7-5
76856|code|LSL.W           R0, R8, R3|8-250-3-240
76860|code|CMP             R3, #0|0-43
76862|code|BEQ             locret_12CB8|59-208
76864|code|LSRS            R7, R7, #1|127-8
76866|code|MOV.W           R6, R6,RRX|79-234-54-6
76870|code|B               loc_12C5C|9-224
76872|code|SUBS            R4, R4, R6|164-27
76874|code|SBC.W           R5, R5, R7|101-235-7-5
76878|code|ADDS            R4, R4, R4|36-25
76880|code|ADCS            R5, R5|109-65
76882|code|ADDS            R4, #1|1-52
76884|code|ADC.W           R5, R5, #0|69-241-0-5
76888|code|SUBS            R3, #1|1-59
76890|code|BEQ             loc_12C6C|7-208
76892|code|CMP             R5, R7|189-66
76894|code|IT EQ|8-191
76896|code|CMPEQ           R4, R6|180-66
76898|code|BCS             loc_12C48|241-210
76900|code|ADDS            R4, R4, R4|36-25
76902|code|ADCS            R5, R5|109-65
76904|code|SUBS            R3, #1|1-59
76906|code|BNE             loc_12C5C|247-209
76908|code|RSB.W           R2, LR, #0x20 ; ' '|206-241-32-2
76912|code|LSR.W           R6, R4, LR|36-250-14-246
76916|code|LSL.W           R2, R5, R2|5-250-2-242
76920|code|SUB.W           R3, LR, #0x20 ; ' '|174-241-32-3
76924|code|LSR.W           R3, R5, R3|37-250-3-243
76928|code|ORRS            R6, R2|22-67
76930|code|ORRS            R6, R3|30-67
76932|code|LSR.W           R7, R5, LR|37-250-14-247
76936|code|SUB.W           R12, LR, #0x20 ; ' '|174-241-32-12
76940|code|ADDS            R0, R0, R4|0-25
76942|code|LSL.W           R3, R7, LR|7-250-14-243
76946|code|LSL.W           R12, R6, R12|6-250-12-252
76950|code|RSB.W           R7, LR, #0x20 ; ' '|206-241-32-7
76954|code|ORR.W           R3, R3, R12|67-234-12-3
76958|code|LSR.W           R7, R6, R7|38-250-7-247
76962|code|LSL.W           R2, R6, LR|6-250-14-242
76966|code|ADCS            R1, R5|105-65
76968|code|ORRS            R3, R7|59-67
76970|code|SUBS            R0, R0, R2|128-26
76972|code|SBC.W           R1, R1, R3|97-235-3-1
76976|code|POP.W           {R4-R8,PC}|189-232-240-129
76980|code|MOVS            R0, #0|0-32
76982|code|MOVS            R1, #0|0-33
76984|code|POP.W           {R4-R8,PC}|189-232-240-129
76988|code|CLZ.W           R3, R4|180-250-132-243
76992|code|ADDS            R3, #0x20 ; ' '|32-51
76994|code|B               loc_12BF4|151-231
76996|code|CLZ.W           R3, R0|176-250-128-243
77000|code|ADD.W           R2, R3, #0x20 ; ' '|3-241-32-2
77004|code|CLZ.W           R3, R5|181-250-133-243
77008|code|CMP             R5, #0|0-45
77010|code|BNE             loc_12BF4|143-209
77012|code|B               loc_12CBC|242-231
77014|data|ALIGN 4|0-191
77016|code|PUSH.W          {R3-R9,LR}|45-233-248-67
77020|code|MOV             R7, R0|7-70
77022|code|LDR             R6, =(off_23F08 - 0x12CEA)|12-78
77024|code|MOV             R8, R1|136-70
77026|code|LDR             R5, =(off_23F04 - 0x12CF0)|12-77
77028|code|MOV             R9, R2|145-70
77030|code|ADD             R6, PC; off_23F08|126-68
77032|code|BLX             .init_proc|253-247-142-239
77036|code|ADD             R5, PC; off_23F04|125-68
77038|code|SUBS            R6, R6, R5|118-27
77040|code|ASRS            R6, R6, #2|182-16
77042|code|BEQ             locret_12D0A|10-208
77044|code|SUBS            R5, #4|4-61
77046|code|MOVS            R4, #0|0-36
77048|code|ADDS            R4, #1|1-52
77050|code|LDR.W           R3, [R5,#4]!|85-248-4-63
77054|code|MOV             R0, R7|56-70
77056|code|MOV             R1, R8|65-70
77058|code|MOV             R2, R9|74-70
77060|code|BLX             R3|152-71
77062|code|CMP             R4, R6|180-66
77064|code|BNE             loc_12CF8|246-209
77066|code|POP.W           {R3-R9,PC}|189-232-248-131
77070|data|ALIGN 0x10|0-191
77072|data|DCD off_23F08 - 0x12CEA|30-18-1-0
77076|data|DCD off_23F04 - 0x12CF0|20-18-1-0
77080|code|BX              LR|112-71
77082|data|ALIGN 4|0-191
77084|code|LDR             R3, =(_GLOBAL_OFFSET_TABLE_ - 0x12D24)|5-75
77086|code|LDR             R2, =(off_240DC - 0x24000)|6-74
77088|code|ADD             R3, PC; _GLOBAL_OFFSET_TABLE_|123-68
77090|code|LDR             R3, [R3,R2]; dword_240E4|155-88
77092|code|CBZ             R3, loc_12D2E|27-177
77094|code|LDR             R2, [R3]|26-104
77096|code|MOVS            R1, #0|0-33
77098|code|B.W             j___cxa_atexit|254-247-49-184
77102|code|MOV             R2, R3|26-70
77104|code|B               loc_12D28|250-231
77106|data|ALIGN 4|0-191
77108|data|DCD _GLOBAL_OFFSET_TABLE_ - 0x12D24|220-18-1-0
77112|data|DCD off_240DC - 0x24000|220-0-0-0
77116|code|PUSH            {R3,LR}|8-64-45-233
77120|code|POP             {R3,PC}|8-128-189-232
78868|data|ALIGN 8|0-0-0-0
147204|data|DCD sub_11610+1|17-22-1-0
147208|data|DCD sub_115F8+1|249-21-1-0
147212|data|DCD 0|0-0-0-0
147216|data|Elf32_Dyn <1, <1>>; DT_NEEDED libc.so.6|1-0-0-0-1-0-0-0
147224|data|Elf32_Dyn <1, <0x210>>; DT_NEEDED ld-linux-armhf.so.3|1-0-0-0-16-2-0-0
147232|data|Elf32_Dyn <0xC, <0x10C08>>; DT_INIT|12-0-0-0-8-12-1-0
147240|data|Elf32_Dyn <0xD, <0x12D3C>>; DT_FINI|13-0-0-0-60-45-1-0
147248|data|Elf32_Dyn <0x19, <0x23F04>>; DT_INIT_ARRAY|25-0-0-0-4-63-2-0
147256|data|Elf32_Dyn <0x1B, <4>>; DT_INIT_ARRAYSZ|27-0-0-0-4-0-0-0
147264|data|Elf32_Dyn <0x1A, <0x23F08>>; DT_FINI_ARRAY|26-0-0-0-8-63-2-0
147272|data|Elf32_Dyn <0x1C, <4>>; DT_FINI_ARRAYSZ|28-0-0-0-4-0-0-0
147280|data|Elf32_Dyn <0x6FFFFEF5, <0x101B4>>; DT_GNU_HASH|245-254-255-111-180-1-1-0
147288|data|Elf32_Dyn <5, <0x10718>>; DT_STRTAB|5-0-0-0-24-7-1-0
147296|data|Elf32_Dyn <6, <0x10378>>; DT_SYMTAB|6-0-0-0-120-3-1-0
147304|data|Elf32_Dyn <0xA, <0x25A>>; DT_STRSZ|10-0-0-0-90-2-0-0
147312|data|Elf32_Dyn <0xB, <0x10>>; DT_SYMENT|11-0-0-0-16-0-0-0
147320|data|Elf32_Dyn <0x15, <0>>; DT_DEBUG|21-0-0-0-0-0-0-0
147328|data|Elf32_Dyn <3, <0x24000>>; DT_PLTGOT|3-0-0-0-0-64-2-0
147336|data|Elf32_Dyn <2, <0x190>>; DT_PLTRELSZ|2-0-0-0-144-1-0-0
147344|data|Elf32_Dyn <0x14, <0x11>>; DT_PLTREL|20-0-0-0-17-0-0-0
147352|data|Elf32_Dyn <0x17, <0x10A78>>; DT_JMPREL|23-0-0-0-120-10-1-0
147360|data|Elf32_Dyn <0x11, <0x10A38>>; DT_REL|17-0-0-0-56-10-1-0
147368|data|Elf32_Dyn <0x12, <0x40>>; DT_RELSZ|18-0-0-0-64-0-0-0
147376|data|Elf32_Dyn <0x13, <8>>; DT_RELENT|19-0-0-0-8-0-0-0
147384|data|Elf32_Dyn <0x6FFFFFFE, <0x109E8>>; DT_VERNEED|254-255-255-111-232-9-1-0
147392|data|Elf32_Dyn <0x6FFFFFFF, <2>>; DT_VERNEEDNUM|255-255-255-111-2-0-0-0
147400|data|Elf32_Dyn <0x6FFFFFF0, <0x10972>>; DT_VERSYM|240-255-255-111-114-9-1-0
147408|data|Elf32_Dyn <0>; DT_NULL|0-0-0-0-0-0-0-0
147416|data|ALIGN 0x40|0-0-0-0-0-0-0-0-0-0-0-0-0-0-0-0-0-0-0-0-0-0-0-0-0-0-0-0-0-0-0-0-0-0-0-0-0-0-0-0
147456|data|DCD stru_23F10|16-63-2-0
147460|data|DCD 0|0-0-0-0
147464|data|DCD 0|0-0-0-0
147468|data|DCD __imp_raise|156-65-2-0
147472|data|DCD __imp_fsync|212-65-2-0
147476|data|DCD __imp_strcmp|176-65-2-0
147480|data|DCD __imp_strtol|180-65-2-0
147484|data|DCD __imp_posix_fadvise64|100-65-2-0
147488|data|DCD __imp_free|56-65-2-0
147492|data|DCD __imp_ferror|64-65-2-0
147496|data|DCD __imp__exit|60-65-2-0
147500|data|DCD __imp___strtoull_internal|152-65-2-0
147504|data|DCD __imp_dcgettext|120-65-2-0
147508|data|DCD __imp___stack_chk_fail|188-65-2-0
147512|data|DCD __imp_textdomain|80-65-2-0
147516|data|DCD __imp_err|192-65-2-0
147520|data|DCD __imp___fxstat64|68-65-2-0
147524|data|DCD __imp_lseek64|52-65-2-0
147528|data|DCD __imp_pread64|92-65-2-0
147532|data|DCD __imp___fpending|140-65-2-0
147536|data|DCD __imp_open64|84-65-2-0
147540|data|DCD __imp_malloc|24-65-2-0
147544|data|DCD __imp___libc_start_main|72-65-2-0
147548|data|DCD __imp___gmon_start__|220-65-2-0
147552|data|DCD __imp_getopt_long|124-65-2-0
147556|data|DCD __imp___ctype_b_loc|200-65-2-0
147560|data|DCD __imp_exit|136-65-2-0
147564|data|DCD __imp_strtoul|132-65-2-0
147568|data|DCD __imp_strlen|116-65-2-0
147572|data|DCD __imp_strchr|88-65-2-0
147576|data|DCD __imp_warnx|48-65-2-0
147580|data|DCD __imp_getpagesize|104-65-2-0
147584|data|DCD __imp___errno_location|36-65-2-0
147588|data|DCD __imp___cxa_atexit|128-65-2-0
147592|data|DCD __imp___strdup|40-65-2-0
147596|data|DCD memset|144-65-2-0
147600|data|DCD __printf_chk|204-65-2-0
147604|data|DCD __imp_strtod|148-65-2-0
147608|data|DCD __imp___fprintf_chk|108-65-2-0
147612|data|DCD __imp_fclose|172-65-2-0
147616|data|DCD setlocale|28-65-2-0
147620|data|DCD __imp_fallocate64|160-65-2-0
147624|data|DCD __imp_errx|32-65-2-0
147628|data|DCD __imp_warn|76-65-2-0
147632|data|DCD __imp_fputc|168-65-2-0
147636|data|DCD __imp_localeconv|184-65-2-0
147640|data|DCD __imp___strtoll_internal|208-65-2-0
147644|data|DCD bindtextdomain|196-65-2-0
147648|data|DCD __imp_fputs|44-65-2-0
147652|data|DCD __imp_strncmp|164-65-2-0
147656|data|DCD __imp_abort|96-65-2-0
147660|data|DCD __imp_close|112-65-2-0
147664|data|DCD __imp___snprintf_chk|216-65-2-0
147668|data|DCD __stack_chk_guard|240-64-2-0
147672|data|DCD __imp___gmon_start__|220-65-2-0
147676|data|DCD dword_240E4|228-64-2-0
147688|data|% 4; Copy of shared data|255-255-255-255
147692|data|ALIGN 0x10|255-255-255-255
147696|data|% 4; Copy of shared data|255-255-255-255
147700|data|ALIGN 8|255-255-255-255
147712|data|% 4; Copy of shared data|255-255-255-255
147716|data|% 4; Copy of shared data|255-255-255-255
