address|type|disassembly|bytes
65536|data|DCD 0x464C457F; File format: \x7FELF|127-69-76-70
65540|data|DCB 1; File class: 32-bit|1
65541|data|DCB 1; Data encoding: little-endian|1
65542|data|DCB 1; File version|1
65543|data|DCB 0; OS/ABI: UNIX System V ABI|0
65544|data|DCB 0; ABI Version|0
65545|data|DCB 0, 0, 0, 0, 0, 0, 0; Padding|0-0-0-0-0-0-0
65552|data|DCW 2; File type: Executable|2-0
65554|data|DCW 0x28; Machine: ARM|40-0
65556|data|DCD 1; File version|1-0-0-0
65560|data|DCD start+1; Entry point|221-51-1-0
65564|data|DCD 0x34; PHT file offset|52-0-0-0
65568|data|DCD 0xE36C; SHT file offset|108-227-0-0
65572|data|DCD 0x5000402; Processor-specific flags|2-4-0-5
65576|data|DCW 0x34; ELF header size|52-0
65578|data|DCW 0x20; PHT entry size|32-0
65580|data|DCW 9; Number of entries in PHT|9-0
65582|data|DCW 0x28; SHT entry size|40-0
65584|data|DCW 0x1D; Number of entries in SHT|29-0
65586|data|DCW 0x1C; SHT entry index for string table|28-0
65588|data|DCD 0x70000001; Type: EXIDX|1-0-0-112
65592|data|DCD 0xD6D0; File offset|208-214-0-0
65596|data|DCD unk_1D6D0; Virtual address|208-214-1-0
65600|data|DCD 0x1D6D0; Physical address|208-214-1-0
65604|data|DCD 0x290; Size in file image|144-2-0-0
65608|data|DCD 0x290; Size in memory image|144-2-0-0
65612|data|DCD 4; Flags|4-0-0-0
65616|data|DCD 4; Alignment|4-0-0-0
65620|data|DCD 6; Type: PHDR|6-0-0-0
65624|data|DCD 0x34; File offset|52-0-0-0
65628|data|DCD dword_10034; Virtual address|52-0-1-0
65632|data|DCD 0x10034; Physical address|52-0-1-0
65636|data|DCD 0x120; Size in file image|32-1-0-0
65640|data|DCD 0x120; Size in memory image|32-1-0-0
65644|data|DCD 5; Flags|5-0-0-0
65648|data|DCD 4; Alignment|4-0-0-0
65652|data|DCD 3; Type: INTERP|3-0-0-0
65656|data|DCD 0x154; File offset|84-1-0-0
65660|data|DCD aLibLdLinuxArmh; Virtual address|84-1-1-0
65664|data|DCD 0x10154; Physical address|84-1-1-0
65668|data|DCD 0x19; Size in file image|25-0-0-0
65672|data|DCD 0x19; Size in memory image|25-0-0-0
65676|data|DCD 4; Flags|4-0-0-0
65680|data|DCD 1; Alignment|1-0-0-0
65684|data|DCD 1; Type: LOAD|1-0-0-0
65688|data|DCD 0; File offset|0-0-0-0
65692|data|DCD dword_10000; Virtual address|0-0-1-0
65696|data|DCD 0x10000; Physical address|0-0-1-0
65700|data|DCD 0xD964; Size in file image|100-217-0-0
65704|data|DCD 0xD964; Size in memory image|100-217-0-0
65708|data|DCD 5; Flags|5-0-0-0
65712|data|DCD 0x10000; Alignment|0-0-1-0
65716|data|DCD 1; Type: LOAD|1-0-0-0
65720|data|DCD 0xDE2C; File offset|44-222-0-0
65724|data|DCD off_2DE2C; Virtual address|44-222-2-0
65728|data|DCD 0x2DE2C; Physical address|44-222-2-0
65732|data|DCD 0x400; Size in file image|0-4-0-0
65736|data|DCD 0x72C; Size in memory image|44-7-0-0
65740|data|DCD 6; Flags|6-0-0-0
65744|data|DCD 0x10000; Alignment|0-0-1-0
65748|data|DCD 2; Type: DYNAMIC|2-0-0-0
65752|data|DCD 0xDEE8; File offset|232-222-0-0
65756|data|DCD stru_2DEE8; Virtual address|232-222-2-0
65760|data|DCD 0x2DEE8; Physical address|232-222-2-0
65764|data|DCD 0x118; Size in file image|24-1-0-0
65768|data|DCD 0x118; Size in memory image|24-1-0-0
65772|data|DCD 6; Flags|6-0-0-0
65776|data|DCD 4; Alignment|4-0-0-0
65780|data|DCD 4; Type: NOTE|4-0-0-0
65784|data|DCD 0x170; File offset|112-1-0-0
65788|data|DCD dword_10170; Virtual address|112-1-1-0
65792|data|DCD 0x10170; Physical address|112-1-1-0
65796|data|DCD 0x44; Size in file image|68-0-0-0
65800|data|DCD 0x44; Size in memory image|68-0-0-0
65804|data|DCD 4; Flags|4-0-0-0
65808|data|DCD 4; Alignment|4-0-0-0
65812|data|DCD 0x6474E551; Type: STACK|81-229-116-100
65816|data|DCD 0; File offset|0-0-0-0
65820|data|DCD 0; Virtual address|0-0-0-0
65824|data|DCD 0; Physical address|0-0-0-0
65828|data|DCD 0; Size in file image|0-0-0-0
65832|data|DCD 0; Size in memory image|0-0-0-0
65836|data|DCD 6; Flags|6-0-0-0
65840|data|DCD 0x10; Alignment|16-0-0-0
65844|data|DCD 0x6474E552; Type: RO-AFTER|82-229-116-100
65848|data|DCD 0xDE2C; File offset|44-222-0-0
65852|data|DCD off_2DE2C; Virtual address|44-222-2-0
65856|data|DCD 0x2DE2C; Physical address|44-222-2-0
65860|data|DCD 0x1D4; Size in file image|212-1-0-0
65864|data|DCD 0x1D4; Size in memory image|212-1-0-0
65868|data|DCD 4; Flags|4-0-0-0
65872|data|DCD 1; Alignment|1-0-0-0
65876|data|DCB "/lib/ld-linux-armhf.so.3",0|47-108-105-98-47-108-100-45-108-105-110-117-120-45-97-114-109-104-102-46-115-111-46-51-0
65901|data|DCB 0, 0, 0|0-0-0
65904|data|DCD 4; Name Size|4-0-0-0
65908|data|DCD 0x10; Desc Size|16-0-0-0
65912|data|DCD 1; Type: NT_GNU_ABI_TAG|1-0-0-0
65916|data|DCB "GNU",0; Name|71-78-85-0
65920|data|DCD 0, 2, 6, 0x20; ABI: Linux 2.6.32|0-0-0-0-2-0-0-0-6-0-0-0-32-0-0-0
65936|data|DCD 4; Name Size|4-0-0-0
65940|data|DCD 0x14; Desc Size|20-0-0-0
65944|data|DCD 3; Type: NT_GNU_BUILD_ID|3-0-0-0
65948|data|DCB "GNU",0; Name|71-78-85-0
65952|data|DCB 0x53, 0x91, 0x4F, 0xA2, 0xC9, 0x32, 0xC9, 0xA6, 0x2E; Desc|83-145-79-162-201-50-201-166-46-66-47-251-239-47-121-220-154-236-126-3
65972|data|DCD 0x83|131-0-0-0
65976|data|DCD 9|9-0-0-0
65980|data|DCD 0x20|32-0-0-0
65984|data|DCD 0xA|10-0-0-0
65988|data|DCD 0x20172BE0, 0x4D1B6780, 0x10002000, 0x840A8808, 0x70F141A2|224-43-23-32-128-103-27-77-0-32-0-16-8-136-10-132-162-65-241-112-0-1-136-96-195-80-2-132-17-78-2-192-129-196-2-64-49-9-2-170-3-50-233-40-2-0-140-41-16-32-69-32-38-11-25-140-9-99-52-32-0-0-144-3-0-8-128-4-129-124-8-5-112-0-2-72-32-0-4-0-128-50-4-0-6-3-36-8-0-2-32-18-96-32-0-128-126-69-217-0-5-0-4-0-73-112-178-4-86-24-233-3-80-80-32-33-22-10-128-49-20-64-16-100-0-72-0-34
66116|data|DCD 0, 0, 9, 0xA, 0xD, 0xE, 0x10, 0x11, 0, 0x14, 0x15|0-0-0-0-0-0-0-0-9-0-0-0-10-0-0-0-13-0-0-0-14-0-0-0-16-0-0-0-17-0-0-0-0-0-0-0-20-0-0-0-21-0-0-0-0-0-0-0-22-0-0-0-23-0-0-0-25-0-0-0-27-0-0-0-32-0-0-0-34-0-0-0-35-0-0-0-39-0-0-0-0-0-0-0-0-0-0-0-41-0-0-0-0-0-0-0-42-0-0-0-44-0-0-0-45-0-0-0-46-0-0-0-47-0-0-0-49-0-0-0-51-0-0-0-0-0-0-0-52-0-0-0-54-0-0-0-55-0-0-0-0-0-0-0-56-0-0-0-57-0-0-0-0-0-0-0-60-0-0-0-0-0-0-0-61-0-0-0-62-0-0-0-0-0-0-0-64-0-0-0-0-0-0-0-65-0-0-0-66-0-0-0-68-0-0-0-0-0-0-0-69-0-0-0-0-0-0-0-71-0-0-0-0-0-0-0-73-0-0-0-74-0-0-0-0-0-0-0-76-0-0-0-0-0-0-0-77-0-0-0-78-0-0-0-81-0-0-0-82-0-0-0-83-0-0-0-0-0-0-0-0-0-0-0-0-0-0-0-0-0-0-0-84-0-0-0-0-0-0-0-0-0-0-0-85-0-0-0-0-0-0-0-0-0-0-0-87-0-0-0-88-0-0-0-0-0-0-0-90-0-0-0-91-0-0-0-0-0-0-0-95-0-0-0-96-0-0-0-98-0-0-0-0-0-0-0-99-0-0-0-100-0-0-0-101-0-0-0-0-0-0-0-102-0-0-0-103-0-0-0-105-0-0-0-107-0-0-0-110-0-0-0-112-0-0-0-113-0-0-0-0-0-0-0-114-0-0-0-115-0-0-0-117-0-0-0-0-0-0-0-0-0-0-0-118-0-0-0-120-0-0-0-124-0-0-0-125-0-0-0-126-0-0-0-127-0-0-0-128-0-0-0-131-0-0-0-0-0-0-0-0-0-0-0-132-0-0-0-0-0-0-0-135-0-0-0-138-0-0-0-139-0-0-0-140-0-0-0-141-0-0-0-0-0-0-0-143-0-0-0-145-0-0-0-146-0-0-0-0-0-0-0-147-0-0-0-149-0-0-0-0-0-0-0-0-0-0-0-151-0-0-0-0-0-0-0-152-0-0-0-0-0-0-0
66640|data|DCD 0x430C9815, 0xC37E5C94, 0x809FF8E4, 0x4A6D357, 0xD827591|21-152-12-67-148-92-126-195-228-248-159-128-87-211-166-4-145-117-130-13-124-237-17-15-199-184-212-76-159-32-201-191-236-254-100-172-6-207-87-201-109-231-74-64-169-120-18-75-95-150-147-28-147-202-159-30-10-129-144-95-179-220-51-213-200-129-10-210-81-181-168-16-194-209-123-41-10-222-247-18-148-64-171-145-28-196-44-25-37-109-12-67-90-154-59-15-209-152-235-51-151-148-7-253-178-162-247-18-160-205-51-72-194-123-250-33-245-97-14-236-114-133-76-27-147-145-145-196-151-4-62-103-16-249-60-148-7-164-135-255-121-139-135-255-119-215-155-124-37-117-130-13-140-89-64-241-205-4-95-116-234-196-22-58-161-238-105-208-49-184-130-13-2-23-179-117-57-64-12-175-137-158-104-142-169-138-97-204-239-247-33-133-114-188-6-58-42-160-31-62-45-180-56-82-57-33-226-15-159-28-112-184-102-175-240-90-191-21-75-12-7-185-106-110-201-214-190-135-66-27-20-164-77-129-8-121-41-69-213-76-92-180-22-199-185-243-61-38-200-57-64-31-73-217-91-62-87-215-183-223-78-71-165-247-1-35-249-164-247-229-33-17-23-83-10-206-42-182-182-175-122-68-207-5-11-11-115-203-177-237-100-84-35-203-110-203-235-103-242-219-135-215-237-12-232-128-34-203-133-51-65-225-81-146-8-249-58-120-198-143-77-199-204-208-65-211-53-217-16-208-69-77-116-207-202-19-100-7-94-149-149-120-158-124-51-196-247-18-204-85-233-14-59-50-140-37-115-150-7-2-211-117-197-52-77-235-58-125-65-77-157-124-235-56-131-212-220-141-218-124-221-19-140-78-84-109-235-175-165-167-20-164-32-98-100-7-14-19-69-215-189-139-168-175-14-249-246-209-15-95-38-178-221-102-17-245-99-172-97-160-193-104-56-36-162-214-215-237-171-81-68-138-169-21-102-172-12-148-52-9-61-173-57-13-186-137-103-243-32-3-139-64-126-60-213-20-157-99-189-197-213-83-160-131-113-87-50-29-135-240-150-124-223-0-219-239-46-42-135-35-22-234-90-241-41-156-44-181-9-172-249-143-42-158-7-253-86-117-158-63-119-227-200-246-38-30-169-215-156-187-147-28-119-205-79-73-33-253-244-9-163-37-145-121-121-73-107-182-142-244-83-197-19-28-216-244-4-67-237-8-207-107-136-11-161-95-54-217-47-78-61-246-188-92-141-54-53-236-184-119-228-154-7-243-19-200-165-110-141-54-180-51-240-252-24-211-171-99-137-144
67220|data|Elf32_Sym <0>|0-0-0-0-0-0-0-0-0-0-0-0-0-0-0-0
67236|data|Elf32_Sym <aPthreadKeyCrea - byte_11034, 0, 0, 0x20, 0, 0>; "__pthread_key_create"|15-2-0-0-0-0-0-0-0-0-0-0-32-0-0-0
67252|data|Elf32_Sym <aJvRegisterclas - byte_11034, 0, 0, 0x20, 0, 0>; "_Jv_RegisterClasses"|32-0-0-0-0-0-0-0-0-0-0-0-32-0-0-0
67268|data|Elf32_Sym <aZnst12outOfRan - byte_11034, 0, 0, 0x12, 0, 0>; "_ZNSt12out_of_rangeD1Ev"|127-8-0-0-0-0-0-0-0-0-0-0-18-0-0-0
67284|data|Elf32_Sym <aZtist12outOfRa - byte_11034, 0, 0, 0x11, 0, 0>; "_ZTISt12out_of_range"|114-5-0-0-0-0-0-0-0-0-0-0-17-0-0-0
67300|data|Elf32_Sym <aItmDeregistert - byte_11034, 0, 0, 0x20, 0, 0>; "_ITM_deregisterTMCloneTable"|52-0-0-0-0-0-0-0-0-0-0-0-32-0-0-0
67316|data|Elf32_Sym <aAeabiUnwindCpp - byte_11034, 0, 0, 0x12, 0, 0>; "__aeabi_unwind_cpp_pr0"|114-10-0-0-0-0-0-0-0-0-0-0-18-0-0-0
67332|data|Elf32_Sym <aGmonStart - byte_11034, 0, 0, 0x20, 0, 0>; "__gmon_start__"|17-0-0-0-0-0-0-0-0-0-0-0-32-0-0-0
67348|data|Elf32_Sym <aItmRegistertmc - byte_11034, 0, 0, 0x20, 0, 0>; "_ITM_registerTMCloneTable"|80-0-0-0-0-0-0-0-0-0-0-0-32-0-0-0
67364|data|Elf32_Sym <aZst4cout - byte_11034, _ZSt4cout, 0x8C, 0x11, 0, 0x1A>; "_ZSt4cout" ...|3-4-0-0-0-227-2-0-140-0-0-0-17-0-26-0
67380|data|Elf32_Sym <aZnss6assignerk - byte_11034, 0, 0, 0x12, 0, 0>; "_ZNSs6assignERKSs"|47-3-0-0-0-0-0-0-0-0-0-0-18-0-0-0
67396|data|Elf32_Sym <aZnst9basicIosi - byte_11034, 0, 0, 0x12, 0, 0>; "_ZNSt9basic_iosIcSt11char_traitsIcEE5cl"...|4-5-0-0-0-0-0-0-0-0-0-0-18-0-0-0
67412|data|Elf32_Sym <aTcgetattr - byte_11034, 0, 0, 0x12, 0, 0>; "tcgetattr"|119-11-0-0-0-0-0-0-0-0-0-0-18-0-0-0
67428|data|Elf32_Sym <aMemcpy - byte_11034, 0, 0, 0x12, 0, 0>; "memcpy"|38-11-0-0-0-0-0-0-0-0-0-0-18-0-0-0
67444|data|Elf32_Sym <aAbort - byte_11034, 0, 0, 0x12, 0, 0>; "abort"|206-10-0-0-0-0-0-0-0-0-0-0-18-0-0-0
67460|data|Elf32_Sym <aZnst8iosBase4i - byte_11034, 0, 0, 0x12, 0, 0>; "_ZNSt8ios_base4InitC1Ev"|0-7-0-0-0-0-0-0-0-0-0-0-18-0-0-0
67476|data|Elf32_Sym <aEvpBfCbc - byte_11034, 0, 0, 0x12, 0, 0>; "EVP_bf_cbc"|120-1-0-0-0-0-0-0-0-0-0-0-18-0-0-0
67492|data|Elf32_Sym <aZnss6appendepk - byte_11034, 0, 0, 0x12, 0, 0>; "_ZNSs6appendEPKcj"|151-8-0-0-0-0-0-0-0-0-0-0-18-0-0-0
67508|data|Elf32_Sym <aZst16OstreamIn - byte_11034, 0, 0, 0x12, 0, 0>; "_ZSt16__ostream_insertIcSt11char_traits"...|224-5-0-0-0-0-0-0-0-0-0-0-18-0-0-0
67524|data|Elf32_Sym <aEvpCipherCtxSe - byte_11034, 0, 0, 0x12, 0, 0>; "EVP_CIPHER_CTX_set_key_length"|202-0-0-0-0-0-0-0-0-0-0-0-18-0-0-0
67540|data|Elf32_Sym <aZnst13basicFil_0 - byte_11034, 0, 0, 0x12, 0, 0>; "_ZNSt13basic_filebufIcSt11char_traitsIc"...|213-2-0-0-0-0-0-0-0-0-0-0-18-0-0-0
67556|data|Elf32_Sym <aStrcmp - byte_11034, 0, 0, 0x12, 0, 0>; "strcmp"|136-11-0-0-0-0-0-0-0-0-0-0-18-0-0-0
67572|data|Elf32_Sym <aZtvn5yapet6rec - byte_11034, \; "_ZTVN5YAPET6RecordINS_14PasswordRecordE"... ...|129-13-0-0-32-187-1-0-16-0-0-0-33-0-15-0
67588|data|Elf32_Sym <aZtist9exceptio - byte_11034, _ZTISt9exception, 8, 0x11, 0,\; "_ZTISt9exception" ...|143-3-0-0-144-228-2-0-8-0-0-0-17-0-26-0
67604|data|Elf32_Sym <aZtist13runtime - byte_11034, _ZTISt13runtime_error, 0xC, \; "_ZTISt13runtime_error" ...|38-4-0-0-56-229-2-0-12-0-0-0-17-0-26-0
67620|data|Elf32_Sym <aZtvn10Cxxabiv1_0 - byte_11034, \; "_ZTVN10__cxxabiv117__class_type_infoE" ...|182-9-0-0-160-226-2-0-44-0-0-0-17-0-26-0
67636|data|Elf32_Sym <aWrite - byte_11034, 0, 0, 0x12, 0, 0>; "write"|170-11-0-0-0-0-0-0-0-0-0-0-18-0-0-0
67652|data|Elf32_Sym <aAeabiAtexit - byte_11034, 0, 0, 0x12, 0, 0>; "__aeabi_atexit"|92-7-0-0-0-0-0-0-0-0-0-0-18-0-0-0
67668|data|Elf32_Sym <aOptopt - byte_11034, optopt, 4, 0x11, 0, 0x1A>; "optopt"|74-11-0-0-248-226-2-0-4-0-0-0-17-0-26-0
67684|data|Elf32_Sym <aEvpMd5 - byte_11034, 0, 0, 0x12, 0, 0>; "EVP_md5"|151-1-0-0-0-0-0-0-0-0-0-0-18-0-0-0
67700|data|Elf32_Sym <aRename - byte_11034, 0, 0, 0x12, 0, 0>; "rename"|101-11-0-0-0-0-0-0-0-0-0-0-18-0-0-0
67716|data|Elf32_Sym <aZst4cerr - byte_11034, _ZSt4cerr, 0x8C, 0x11, 0, 0x1A>; "_ZSt4cerr" ...|63-6-0-0-152-228-2-0-140-0-0-0-17-0-26-0
67732|data|Elf32_Sym <aClose - byte_11034, 0, 0, 0x12, 0, 0>; "close"|108-11-0-0-0-0-0-0-0-0-0-0-18-0-0-0
67748|data|Elf32_Sym <aZtvn5yapet6rec_0 - byte_11034, \; "_ZTVN5YAPET6RecordINS_13FileHeader_64EE"... ...|245-13-0-0-200-222-2-0-16-0-0-0-33-0-22-0
67764|data|Elf32_Sym <aFchmod - byte_11034, 0, 0, 0x12, 0, 0>; "fchmod"|162-10-0-0-0-0-0-0-0-0-0-0-18-0-0-0
67780|data|Elf32_Sym <aOptarg - byte_11034, optarg, 4, 0x11, 0, 0x1A>; "optarg"|52-11-0-0-204-226-2-0-4-0-0-0-17-0-26-0
67796|data|Elf32_Sym <aEvpCipherCtxKe - byte_11034, 0, 0, 0x12, 0, 0>; "EVP_CIPHER_CTX_key_length"|176-0-0-0-0-0-0-0-0-0-0-0-18-0-0-0
67812|data|Elf32_Sym <aZnssc1erkssjj - byte_11034, 0, 0, 0x12, 0, 0>; "_ZNSsC1ERKSsjj"|172-7-0-0-0-0-0-0-0-0-0-0-18-0-0-0
67828|data|Elf32_Sym <aZdlpv - byte_11034, 0, 0, 0x12, 0, 0>; "_ZdlPv"|187-7-0-0-0-0-0-0-0-0-0-0-18-0-0-0
67844|data|Elf32_Sym <aZnkst5ctypeice_0 - byte_11034, \; "_ZNKSt5ctypeIcE8do_widenEc" ...|36-9-0-0-41-64-1-0-4-0-0-0-34-0-13-0
67860|data|Elf32_Sym <aCxaThrow - byte_11034, 0, 0, 0x12, 0, 0>; "__cxa_throw"|107-7-0-0-0-0-0-0-0-0-0-0-18-0-0-0
67876|data|Elf32_Sym <aZtvn5yapet24ya - byte_11034, \; "_ZTVN5YAPET24YAPETEncryptionExceptionE" ...|206-13-0-0-152-222-2-0-20-0-0-0-33-0-22-0
67892|data|Elf32_Sym <aCxaAllocateExc - byte_11034, 0, 0, 0x12, 0, 0>; "__cxa_allocate_exception"|13-4-0-0-0-0-0-0-0-0-0-0-18-0-0-0
67908|data|Elf32_Sym <aGetuid - byte_11034, 0, 0, 0x12, 0, 0>; "getuid"|85-11-0-0-0-0-0-0-0-0-0-0-18-0-0-0
67924|data|Elf32_Sym <aGetopt - byte_11034, 0, 0, 0x12, 0, 0>; "getopt"|18-11-0-0-0-0-0-0-0-0-0-0-18-0-0-0
67940|data|Elf32_Sym <aOpen - byte_11034, 0, 0, 0x12, 0, 0>; "open"|114-11-0-0-0-0-0-0-0-0-0-0-18-0-0-0
67956|data|Elf32_Sym <aMemcmp - byte_11034, 0, 0, 0x12, 0, 0>; "memcmp"|2-11-0-0-0-0-0-0-0-0-0-0-18-0-0-0
67972|data|Elf32_Sym <aZnss4Rep20SEmp - byte_11034, \; "_ZNSs4_Rep20_S_empty_rep_storageE" ...|33-7-0-0-64-226-2-0-16-0-0-0-17-0-26-0
67988|data|Elf32_Sym <aZn5yapet6recor_0 - byte_11034, \; "_ZN5YAPET6RecordINS_13FileHeader_32EED0"... ...|4-13-0-0-253-140-1-0-52-0-0-0-34-0-13-0
68004|data|Elf32_Sym <aZtvn5yapet14ya - byte_11034, _ZTVN5YAPET14YAPETExceptionE,\; "_ZTVN5YAPET14YAPETExceptionE" ...|219-11-0-0-8-187-1-0-20-0-0-0-33-0-15-0
68020|data|Elf32_Sym <aEvpMdCtxInit - byte_11034, 0, 0, 0x12, 0, 0>; "EVP_MD_CTX_init"|104-1-0-0-0-0-0-0-0-0-0-0-18-0-0-0
68036|data|Elf32_Sym <aMemset - byte_11034, 0, 0, 0x12, 0, 0>; "memset"|219-10-0-0-0-0-0-0-0-0-0-0-18-0-0-0
68052|data|Elf32_Sym <aZnst14basicIfs - byte_11034, 0, 0, 0x12, 0, 0>; "_ZNSt14basic_ifstreamIcSt11char_traitsI"...|210-8-0-0-0-0-0-0-0-0-0-0-18-0-0-0
68068|data|Elf32_Sym <aStrncpy - byte_11034, 0, 0, 0x12, 0, 0>; "strncpy"|176-10-0-0-0-0-0-0-0-0-0-0-18-0-0-0
68084|data|Elf32_Sym <aCxaRethrow - byte_11034, 0, 0, 0x12, 0, 0>; "__cxa_rethrow"|204-3-0-0-0-0-0-0-0-0-0-0-18-0-0-0
68100|data|Elf32_Sym <aZnkss4findepkc - byte_11034, 0, 0, 0x12, 0, 0>; "_ZNKSs4findEPKcjj"|63-9-0-0-0-0-0-0-0-0-0-0-18-0-0-0
68116|data|Elf32_Sym <aZnso9MInsertim - byte_11034, 0, 0, 0x12, 0, 0>; "_ZNSo9_M_insertImEERSoT_"|231-6-0-0-0-0-0-0-0-0-0-0-18-0-0-0
68132|data|Elf32_Sym <aZtvst9basicIos - byte_11034, \; "_ZTVSt9basic_iosIcSt11char_traitsIcEE" ...|21-8-0-0-48-226-2-0-16-0-0-0-33-0-26-0
68148|data|Elf32_Sym <aZtvn5yapet29ya - byte_11034, \; "_ZTVN5YAPET29YAPETInvalidPasswordExcept"... ...|66-12-0-0-176-222-2-0-20-0-0-0-33-0-22-0
68164|data|Elf32_Sym <aXpgBasename - byte_11034, 0, 0, 0x12, 0, 0>; "__xpg_basename"|147-10-0-0-0-0-0-0-0-0-0-0-18-0-0-0
68180|data|Elf32_Sym <aLseek - byte_11034, 0, 0, 0x12, 0, 0>; "lseek"|32-11-0-0-0-0-0-0-0-0-0-0-18-0-0-0
68196|data|Elf32_Sym <aZtvst15basicSt - byte_11034, \; "_ZTVSt15basic_streambufIcSt11char_trait"... ...|179-5-0-0-96-226-2-0-64-0-0-0-33-0-26-0
68212|data|Elf32_Sym <aZnst8Detail15L - byte_11034, 0, 0, 0x12, 0, 0>; "_ZNSt8__detail15_List_node_base7_M_hook"...|114-4-0-0-0-0-0-0-0-0-0-0-18-0-0-0
68228|data|Elf32_Sym <aZnst9basicIosi_0 - byte_11034, 0, 0, 0x12, 0, 0>; "_ZNSt9basic_iosIcSt11char_traitsIcEE4in"...|194-7-0-0-0-0-0-0-0-0-0-0-18-0-0-0
68244|data|Elf32_Sym <aZstplicst11cha - byte_11034, \; "_ZStplIcSt11char_traitsIcESaIcEESbIT_T0"... ...|87-2-0-0-89-82-1-0-120-0-0-0-34-0-13-0
68260|data|Elf32_Sym <aZnst6localed1e - byte_11034, 0, 0, 0x12, 0, 0>; "_ZNSt6localeD1Ev"|193-8-0-0-0-0-0-0-0-0-0-0-18-0-0-0
68276|data|Elf32_Sym <aZnst13basicFil - byte_11034, 0, 0, 0x12, 0, 0>; "_ZNSt13basic_filebufIcSt11char_traitsIc"...|167-2-0-0-0-0-0-0-0-0-0-0-18-0-0-0
68292|data|Elf32_Sym <aZnst9exception - byte_11034, 0, 0, 0x12, 0, 0>; "_ZNSt9exceptionD2Ev"|212-4-0-0-0-0-0-0-0-0-0-0-18-0-0-0
68308|data|Elf32_Sym <aZnst8iosBase4i_0 - byte_11034, _ZNSt8ios_base4InitD1Ev, 0,\; "_ZNSt8ios_base4InitD1Ev" ...|169-8-0-0-220-42-1-0-0-0-0-0-18-0-0-0
68324|data|Elf32_Sym <aEvpSha1 - byte_11034, 0, 0, 0x12, 0, 0>; "EVP_sha1"|21-1-0-0-0-0-0-0-0-0-0-0-18-0-0-0
68340|data|Elf32_Sym <aZtin5yapet19ya - byte_11034, \; "_ZTIN5YAPET19YAPETRetryExceptionE" ...|186-12-0-0-72-222-2-0-12-0-0-0-33-0-22-0
68356|data|Elf32_Sym <aStackChkFail - byte_11034, 0, 0, 0x12, 0, 0>; "__stack_chk_fail"|189-10-0-0-0-0-0-0-0-0-0-0-18-0-0-0
68372|data|Elf32_Sym <aZtin5yapet24ya - byte_11034, \; "_ZTIN5YAPET24YAPETEncryptionExceptionE" ...|90-13-0-0-84-222-2-0-12-0-0-0-33-0-22-0
68388|data|Elf32_Sym <aEvpCipherCtxIv - byte_11034, 0, 0, 0x12, 0, 0>; "EVP_CIPHER_CTX_iv_length"|252-0-0-0-0-0-0-0-0-0-0-0-18-0-0-0
68404|data|Elf32_Sym <aCxaFreeExcepti - byte_11034, 0, 0, 0x12, 0, 0>; "__cxa_free_exception"|42-2-0-0-0-0-0-0-0-0-0-0-18-0-0-0
68420|data|Elf32_Sym <aErrnoLocation - byte_11034, 0, 0, 0x12, 0, 0>; "__errno_location"|226-10-0-0-0-0-0-0-0-0-0-0-18-0-0-0
68436|data|Elf32_Sym <aEvpEncryptupda - byte_11034, 0, 0, 0x12, 0, 0>; "EVP_EncryptUpdate"|238-1-0-0-0-0-0-0-0-0-0-0-18-0-0-0
68452|data|Elf32_Sym <aZnss12MLeakHar - byte_11034, 0, 0, 0x12, 0, 0>; "_ZNSs12_M_leak_hardEv"|25-3-0-0-0-0-0-0-0-0-0-0-18-0-0-0
68468|data|Elf32_Sym <aZn5yapet29yape - byte_11034, \; "_ZN5YAPET29YAPETInvalidPasswordExceptio"... ...|248-11-0-0-145-141-1-0-140-0-0-0-34-0-13-0
68484|data|Elf32_Sym <aEvpEncryptfina - byte_11034, 0, 0, 0x12, 0, 0>; "EVP_EncryptFinal_ex"|66-1-0-0-0-0-0-0-0-0-0-0-18-0-0-0
68500|data|Elf32_Sym <aZnst12outOfRan_0 - byte_11034, 0, 0, 0x12, 0, 0>; "_ZNSt12out_of_rangeC1ERKSs"|112-9-0-0-0-0-0-0-0-0-0-0-18-0-0-0
68516|data|Elf32_Sym <aZtvst13basicFi - byte_11034, \; "_ZTVSt13basic_filebufIcSt11char_traitsI"... ...|129-7-0-0-192-227-2-0-64-0-0-0-33-0-26-0
68532|data|Elf32_Sym <aZnso3putec - byte_11034, 0, 0, 0x12, 0, 0>; "_ZNSo3putEc"|155-2-0-0-0-0-0-0-0-0-0-0-18-0-0-0
68548|data|Elf32_Sym <aEvpCipherCtxIn - byte_11034, 0, 0, 0x12, 0, 0>; "EVP_CIPHER_CTX_init"|131-1-0-0-0-0-0-0-0-0-0-0-18-0-0-0
68564|data|Elf32_Sym <aZn5yapet19yape - byte_11034, \; "_ZN5YAPET19YAPETRetryExceptionD1Ev" ...|171-13-0-0-29-142-1-0-140-0-0-0-34-0-13-0
68580|data|Elf32_Sym <aZnss4Rep10MDes - byte_11034, 0, 0, 0x12, 0, 0>; "_ZNSs4_Rep10_M_destroyERKSaIcE"|81-9-0-0-0-0-0-0-0-0-0-0-18-0-0-0
68596|data|Elf32_Sym <aZst16ThrowBadC - byte_11034, 0, 0, 0x12, 0, 0>; "_ZSt16__throw_bad_castv"|63-2-0-0-0-0-0-0-0-0-0-0-18-0-0-0
68612|data|Elf32_Sym <aZstplicst11cha_0 - byte_11034, \; "_ZStplIcSt11char_traitsIcESaIcEESbIT_T0"... ...|159-4-0-0-145-147-1-0-84-0-0-0-34-0-13-0
68628|data|Elf32_Sym <aEvpDecryptinit - byte_11034, 0, 0, 0x12, 0, 0>; "EVP_DecryptInit_ex"|30-1-0-0-0-0-0-0-0-0-0-0-18-0-0-0
68644|data|Elf32_Sym <aZttst14basicIf - byte_11034, \; "_ZTTSt14basic_ifstreamIcSt11char_traits"... ...|135-5-0-0-40-229-2-0-16-0-0-0-33-0-26-0
68660|data|Elf32_Sym <aZnst8iosBasec2 - byte_11034, 0, 0, 0x12, 0, 0>; "_ZNSt8ios_baseC2Ev"|108-8-0-0-0-0-0-0-0-0-0-0-18-0-0-0
68676|data|Elf32_Sym <aEvpDecryptfina - byte_11034, 0, 0, 0x12, 0, 0>; "EVP_DecryptFinal_ex"|232-0-0-0-0-0-0-0-0-0-0-0-18-0-0-0
68692|data|Elf32_Sym <aEvpMdCtxCleanu - byte_11034, 0, 0, 0x12, 0, 0>; "EVP_MD_CTX_cleanup"|125-0-0-0-0-0-0-0-0-0-0-0-18-0-0-0
68708|data|Elf32_Sym <aEvpEncryptinit - byte_11034, 0, 0, 0x12, 0, 0>; "EVP_EncryptInit_ex"|196-1-0-0-0-0-0-0-0-0-0-0-18-0-0-0
68724|data|Elf32_Sym <aTime - byte_11034, 0, 0, 0x12, 0, 0>; "time"|184-10-0-0-0-0-0-0-0-0-0-0-18-0-0-0
68740|data|Elf32_Sym <aOptind - byte_11034, optind, 4, 0x11, 0, 0x1A>; "optind"|169-10-0-0-88-226-2-0-4-0-0-0-17-0-26-0
68756|data|Elf32_Sym <aZnwj - byte_11034, 0, 0, 0x12, 0, 0>; "_Znwj"|36-2-0-0-0-0-0-0-0-0-0-0-18-0-0-0
68772|data|Elf32_Sym <aEvpCipherinitE - byte_11034, 0, 0, 0x12, 0, 0>; "EVP_CipherInit_ex"|158-0-0-0-0-0-0-0-0-0-0-0-18-0-0-0
68788|data|Elf32_Sym <aZst3cin - byte_11034, _ZSt3cin, 0x90, 0x11, 0, 0x1A>; "_ZSt3cin" ...|24-7-0-0-0-228-2-0-144-0-0-0-17-0-26-0
68804|data|Elf32_Sym <aZn5yapet6recor_1 - byte_11034, \; "_ZN5YAPET6RecordINS_14PasswordRecordEED"... ...|30-14-0-0-41-81-1-0-40-0-0-0-34-0-13-0
68820|data|Elf32_Sym <aSnprintfChk - byte_11034, 0, 0, 0x12, 0, 0>; "__snprintf_chk"|59-11-0-0-0-0-0-0-0-0-0-0-18-0-0-0
68836|data|Elf32_Sym <aRead - byte_11034, 0, 0, 0x12, 0, 0>; "read"|253-10-0-0-0-0-0-0-0-0-0-0-18-0-0-0
68852|data|Elf32_Sym <aZnssc1epkcrksa - byte_11034, 0, 0, 0x12, 0, 0>; "_ZNSsC1EPKcRKSaIcE"|212-6-0-0-0-0-0-0-0-0-0-0-18-0-0-0
68868|data|Elf32_Sym <aZtin5yapet14ya - byte_11034, _ZTIN5YAPET14YAPETExceptionE,\; "_ZTIN5YAPET14YAPETExceptionE" ...|37-12-0-0-172-186-1-0-12-0-0-0-33-0-15-0
68884|data|Elf32_Sym <aZnkst5ctypeice - byte_11034, 0, 0, 0x12, 0, 0>; "_ZNKSt5ctypeIcE13_M_widen_initEv"|75-8-0-0-0-0-0-0-0-0-0-0-18-0-0-0
68900|data|Elf32_Sym <aEvpDigestfinal - byte_11034, 0, 0, 0x12, 0, 0>; "EVP_DigestFinal_ex"|159-1-0-0-0-0-0-0-0-0-0-0-18-0-0-0
68916|data|Elf32_Sym <aZnst13basicFil_2 - byte_11034, 0, 0, 0x12, 0, 0>; "_ZNSt13basic_filebufIcSt11char_traitsIc"...|73-6-0-0-0-0-0-0-0-0-0-0-18-0-0-0
68932|data|Elf32_Sym <aStackChkGuard - byte_11034, __stack_chk_guard, 4, 0x11, 0,\; "__stack_chk_guard"|201-11-0-0-80-226-2-0-4-0-0-0-17-0-26-0
68948|data|Elf32_Sym <aCxaCallUnexpec - byte_11034, 0, 0, 0x12, 0, 0>; "__cxa_call_unexpected"|160-9-0-0-0-0-0-0-0-0-0-0-18-0-0-0
68964|data|Elf32_Sym <aFxstat - byte_11034, 0, 0, 0x12, 0, 0>; "__fxstat"|92-11-0-0-0-0-0-0-0-0-0-0-18-0-0-0
68980|data|Elf32_Sym <aZtvst14basicIf - byte_11034, \; "_ZTVSt14basic_ifstreamIcSt11char_traits"... ...|160-3-0-0-208-226-2-0-40-0-0-0-33-0-26-0
68996|data|Elf32_Sym <aDgettext - byte_11034, 0, 0, 0x12, 0, 0>; "dgettext"|9-11-0-0-0-0-0-0-0-0-0-0-18-0-0-0
69012|data|Elf32_Sym <aCxaEndCleanup - byte_11034, 0, 0, 0x12, 0, 0>; "__cxa_end_cleanup"|96-4-0-0-0-0-0-0-0-0-0-0-18-0-0-0
69028|data|Elf32_Sym <aTcsetattr - byte_11034, 0, 0, 0x12, 0, 0>; "tcsetattr"|243-10-0-0-0-0-0-0-0-0-0-0-18-0-0-0
69044|data|Elf32_Sym <aZnso5flushev - byte_11034, 0, 0, 0x12, 0, 0>; "_ZNSo5flushEv"|7-8-0-0-0-0-0-0-0-0-0-0-18-0-0-0
69060|data|Elf32_Sym <aZstlsist11char - byte_11034, 0, 0, 0x12, 0, 0>; "_ZStlsISt11char_traitsIcEERSt13basic_os"...|137-6-0-0-0-0-0-0-0-0-0-0-18-0-0-0
69076|data|Elf32_Sym <aZn5yapet14yape - byte_11034, \; "_ZN5YAPET14YAPETExceptionD1Ev" ...|73-14-0-0-81-81-1-0-128-0-0-0-34-0-13-0
69092|data|Elf32_Sym <aZnss6appenderk - byte_11034, 0, 0, 0x12, 0, 0>; "_ZNSs6appendERKSs"|220-9-0-0-0-0-0-0-0-0-0-0-18-0-0-0
69108|data|Elf32_Sym <aEvpDecryptupda - byte_11034, 0, 0, 0x12, 0, 0>; "EVP_DecryptUpdate"|178-1-0-0-0-0-0-0-0-0-0-0-18-0-0-0
69124|data|Elf32_Sym <aMalloc - byte_11034, 0, 0, 0x12, 0, 0>; "malloc"|45-11-0-0-0-0-0-0-0-0-0-0-18-0-0-0
69140|data|Elf32_Sym <aZnst13basicFil_1 - byte_11034, 0, 0, 0x12, 0, 0>; "_ZNSt13basic_filebufIcSt11char_traitsIc"...|64-5-0-0-0-0-0-0-0-0-0-0-18-0-0-0
69156|data|Elf32_Sym <aZnst13runtimeE - byte_11034, 0, 0, 0x12, 0, 0>; "_ZNSt13runtime_errorC1ERKSs"|232-4-0-0-0-0-0-0-0-0-0-0-18-0-0-0
69172|data|Elf32_Sym <aEvpCipherCtxCl - byte_11034, 0, 0, 0x12, 0, 0>; "EVP_CIPHER_CTX_cleanup"|215-1-0-0-0-0-0-0-0-0-0-0-18-0-0-0
69188|data|Elf32_Sym <aZtvn10Cxxabiv1 - byte_11034, \; "_ZTVN10__cxxabiv120__si_class_type_info"... ...|218-3-0-0-144-227-2-0-44-0-0-0-17-0-26-0
69204|data|Elf32_Sym <aZnst13runtimeE_0 - byte_11034, _ZNSt13runtime_errorD1Ev, \; "_ZNSt13runtime_errorD1Ev" ...|67-7-0-0-232-39-1-0-0-0-0-0-18-0-0-0
69220|data|Elf32_Sym <aZnss6assignepk - byte_11034, 0, 0, 0x12, 0, 0>; "_ZNSs6assignEPKc"|46-6-0-0-0-0-0-0-0-0-0-0-18-0-0-0
69236|data|Elf32_Sym <aFree - byte_11034, 0, 0, 0x12, 0, 0>; "free"|176-11-0-0-0-0-0-0-0-0-0-0-18-0-0-0
69252|data|Elf32_Sym <aEvpDigestinitE - byte_11034, 0, 0, 0x12, 0, 0>; "EVP_DigestInit_ex"|86-1-0-0-0-0-0-0-0-0-0-0-18-0-0-0
69268|data|Elf32_Sym <aZnssc1erkss - byte_11034, 0, 0, 0x12, 0, 0>; "_ZNSsC1ERKSs"|142-2-0-0-0-0-0-0-0-0-0-0-18-0-0-0
69284|data|Elf32_Sym <aAccess - byte_11034, 0, 0, 0x12, 0, 0>; "access"|129-11-0-0-0-0-0-0-0-0-0-0-18-0-0-0
69300|data|Elf32_Sym <aZnss9MMutateej - byte_11034, 0, 0, 0x12, 0, 0>; "_ZNSs9_M_mutateEjjj"|60-4-0-0-0-0-0-0-0-0-0-0-18-0-0-0
69316|data|Elf32_Sym <aStrerror - byte_11034, 0, 0, 0x12, 0, 0>; "strerror"|143-11-0-0-0-0-0-0-0-0-0-0-18-0-0-0
69332|data|Elf32_Sym <aFchown - byte_11034, 0, 0, 0x12, 0, 0>; "fchown"|25-11-0-0-0-0-0-0-0-0-0-0-18-0-0-0
69348|data|Elf32_Sym <aZn5yapet24yape - byte_11034, \; "_ZN5YAPET24YAPETEncryptionExceptionD1Ev" ...|220-12-0-0-169-142-1-0-140-0-0-0-34-0-13-0
69364|data|Elf32_Sym <aZnst12BasicFil - byte_11034, 0, 0, 0x12, 0, 0>; "_ZNSt12__basic_fileIcED1Ev"|63-10-0-0-0-0-0-0-0-0-0-0-18-0-0-0
69380|data|Elf32_Sym <aEvpRipemd160 - byte_11034, 0, 0, 0x12, 0, 0>; "EVP_ripemd160"|144-0-0-0-0-0-0-0-0-0-0-0-18-0-0-0
69396|data|Elf32_Sym <aStrlen - byte_11034, 0, 0, 0x12, 0, 0>; "strlen"|212-10-0-0-0-0-0-0-0-0-0-0-18-0-0-0
69412|data|Elf32_Sym <aCxaEndCatch - byte_11034, 0, 0, 0x12, 0, 0>; "__cxa_end_catch"|59-8-0-0-0-0-0-0-0-0-0-0-18-0-0-0
69428|data|Elf32_Sym <aZst4endlicst11 - byte_11034, 0, 0, 0x12, 0, 0>; "_ZSt4endlIcSt11char_traitsIcEERSt13basi"...|65-3-0-0-0-0-0-0-0-0-0-0-18-0-0-0
69444|data|Elf32_Sym <aZnssd1ev - byte_11034, _ZNSsD1Ev, 0, 0x12, 0, 0>; "_ZNSsD1Ev" ...|119-7-0-0-200-41-1-0-0-0-0-0-18-0-0-0
69460|data|Elf32_Sym <aGxxPersonality - byte_11034, 0, 0, 0x12, 0, 0>; "__gxx_personality_v0"|139-9-0-0-0-0-0-0-0-0-0-0-18-0-0-0
69476|data|Elf32_Sym <aZst7getlineics - byte_11034, 0, 0, 0x12, 0, 0>; "_ZSt7getlineIcSt11char_traitsIcESaIcEER"...|238-9-0-0-0-0-0-0-0-0-0-0-18-0-0-0
69492|data|Elf32_Sym <aEvpDigestupdat - byte_11034, 0, 0, 0x12, 0, 0>; "EVP_DigestUpdate"|49-1-0-0-0-0-0-0-0-0-0-0-18-0-0-0
69508|data|Elf32_Sym <aCxaBeginCatch - byte_11034, 0, 0, 0x12, 0, 0>; "__cxa_begin_catch"|119-6-0-0-0-0-0-0-0-0-0-0-18-0-0-0
69524|data|Elf32_Sym <aDup - byte_11034, 0, 0, 0x12, 0, 0>; "dup"|81-11-0-0-0-0-0-0-0-0-0-0-18-0-0-0
69540|data|Elf32_Sym <aZnst8iosBased2 - byte_11034, 0, 0, 0x12, 0, 0>; "_ZNSt8ios_baseD2Ev"|124-3-0-0-0-0-0-0-0-0-0-0-18-0-0-0
69556|data|Elf32_Sym <aLibcStartMain - byte_11034, 0, 0, 0x12, 0, 0>; "__libc_start_main"|152-11-0-0-0-0-0-0-0-0-0-0-18-0-0-0
69572|data|Elf32_Sym <aZtin5yapet29ya - byte_11034, \; "_ZTIN5YAPET29YAPETInvalidPasswordExcept"... ...|46-13-0-0-96-222-2-0-12-0-0-0-33-0-22-0
69588|data|Elf32_Sym <aZnss7reserveej - byte_11034, 0, 0, 0x12, 0, 0>; "_ZNSs7reserveEj"|80-4-0-0-0-0-0-0-0-0-0-0-18-0-0-0
69604|data|Elf32_Sym <aZtvn5yapet19ya - byte_11034, \; "_ZTVN5YAPET19YAPETRetryExceptionE" ...|152-12-0-0-128-222-2-0-20-0-0-0-33-0-22-0
69620|data|Elf32_Sym <aZst24ThrowOutO - byte_11034, 0, 0, 0x12, 0, 0>; "_ZSt24__throw_out_of_range_fmtPKcz"|1-9-0-0-0-0-0-0-0-0-0-0-18-0-0-0
69636|data|Elf32_Sym <aZtvn5yapet6rec_1 - byte_11034, \; "_ZTVN5YAPET6RecordINS_13FileHeader_32EE"... ...|103-14-0-0-216-222-2-0-16-0-0-0-33-0-22-0
69652|data|Elf32_Sym <aZn5yapet6recor - byte_11034, \; "_ZN5YAPET6RecordINS_13FileHeader_64EED0"... ...|110-12-0-0-93-141-1-0-52-0-0-0-34-0-13-0
69668|data|Elf32_Sym <aZnsi7getlineep - byte_11034, 0, 0, 0x12, 0, 0>; "_ZNSi7getlineEPcic"|193-6-0-0-0-0-0-0-0-0-0-0-18-0-0-0
69684|data|DCB 0|0
69685|data|DCB "libssl.so.1.0.0",0|108-105-98-115-115-108-46-115-111-46-49-46-48-46-48-0
69701|data|DCB "__gmon_start__",0|95-95-103-109-111-110-95-115-116-97-114-116-95-95-0
69716|data|DCB "_Jv_RegisterClasses",0|95-74-118-95-82-101-103-105-115-116-101-114-67-108-97-115-115-101-115-0
69736|data|DCB "_ITM_deregisterTMCloneTable",0|95-73-84-77-95-100-101-114-101-103-105-115-116-101-114-84-77-67-108-111-110-101-84-97-98-108-101-0
69764|data|DCB "_ITM_registerTMCloneTable",0|95-73-84-77-95-114-101-103-105-115-116-101-114-84-77-67-108-111-110-101-84-97-98-108-101-0
69790|data|DCB "libcrypto.so.1.0.0",0|108-105-98-99-114-121-112-116-111-46-115-111-46-49-46-48-46-48-0
69809|data|DCB "EVP_MD_CTX_cleanup",0|69-86-80-95-77-68-95-67-84-88-95-99-108-101-97-110-117-112-0
69828|data|DCB "EVP_ripemd160",0|69-86-80-95-114-105-112-101-109-100-49-54-48-0
69842|data|DCB "EVP_CipherInit_ex",0|69-86-80-95-67-105-112-104-101-114-73-110-105-116-95-101-120-0
69860|data|DCB "EVP_CIPHER_CTX_key_length",0|69-86-80-95-67-73-80-72-69-82-95-67-84-88-95-107-101-121-95-108-101-110-103-116-104-0
69886|data|DCB "EVP_CIPHER_CTX_set_key_length",0|69-86-80-95-67-73-80-72-69-82-95-67-84-88-95-115-101-116-95-107-101-121-95-108-101-110-103-116-104-0
69916|data|DCB "EVP_DecryptFinal_ex",0|69-86-80-95-68-101-99-114-121-112-116-70-105-110-97-108-95-101-120-0
69936|data|DCB "EVP_CIPHER_CTX_iv_length",0|69-86-80-95-67-73-80-72-69-82-95-67-84-88-95-105-118-95-108-101-110-103-116-104-0
69961|data|DCB "EVP_sha1",0|69-86-80-95-115-104-97-49-0
69970|data|DCB "EVP_DecryptInit_ex",0|69-86-80-95-68-101-99-114-121-112-116-73-110-105-116-95-101-120-0
69989|data|DCB "EVP_DigestUpdate",0|69-86-80-95-68-105-103-101-115-116-85-112-100-97-116-101-0
70006|data|DCB "EVP_EncryptFinal_ex",0|69-86-80-95-69-110-99-114-121-112-116-70-105-110-97-108-95-101-120-0
70026|data|DCB "EVP_DigestInit_ex",0|69-86-80-95-68-105-103-101-115-116-73-110-105-116-95-101-120-0
70044|data|DCB "EVP_MD_CTX_init",0|69-86-80-95-77-68-95-67-84-88-95-105-110-105-116-0
70060|data|DCB "EVP_bf_cbc",0|69-86-80-95-98-102-95-99-98-99-0
70071|data|DCB "EVP_CIPHER_CTX_init",0|69-86-80-95-67-73-80-72-69-82-95-67-84-88-95-105-110-105-116-0
70091|data|DCB "EVP_md5",0|69-86-80-95-109-100-53-0
70099|data|DCB "EVP_DigestFinal_ex",0|69-86-80-95-68-105-103-101-115-116-70-105-110-97-108-95-101-120-0
70118|data|DCB "EVP_DecryptUpdate",0|69-86-80-95-68-101-99-114-121-112-116-85-112-100-97-116-101-0
70136|data|DCB "EVP_EncryptInit_ex",0|69-86-80-95-69-110-99-114-121-112-116-73-110-105-116-95-101-120-0
70155|data|DCB "EVP_CIPHER_CTX_cleanup",0|69-86-80-95-67-73-80-72-69-82-95-67-84-88-95-99-108-101-97-110-117-112-0
70178|data|DCB "EVP_EncryptUpdate",0|69-86-80-95-69-110-99-114-121-112-116-85-112-100-97-116-101-0
70196|data|DCB "libstdc++.so.6",0|108-105-98-115-116-100-99-43-43-46-115-111-46-54-0
70211|data|DCB "__pthread_key_create",0|95-95-112-116-104-114-101-97-100-95-107-101-121-95-99-114-101-97-116-101-0
70232|data|DCB "_Znwj",0|95-90-110-119-106-0
70238|data|DCB "__cxa_free_exception",0|95-95-99-120-97-95-102-114-101-101-95-101-120-99-101-112-116-105-111-110-0
70259|data|DCB "_ZSt16__throw_bad_castv",0|95-90-83-116-49-54-95-95-116-104-114-111-119-95-98-97-100-95-99-97-115-116-118-0
70283|data|DCB "_ZStplIcSt11char_traitsIcESaIcEESbIT_T0_T1_EPKS3_RKS6_",0|95-90-83-116-112-108-73-99-83-116-49-49-99-104-97-114-95-116-114-97-105-116-115-73-99-69-83-97-73-99-69-69-83-98-73-84-95-84-48-95-84-49-95-69-80-75-83-51-95-82-75-83-54-95-0
70338|data|DCB "_ZNSsC1ERKSs",0|95-90-78-83-115-67-49-69-82-75-83-115-0
70351|data|DCB "_ZNSo3putEc",0|95-90-78-83-111-51-112-117-116-69-99-0
70363|data|DCB "_ZNSt13basic_filebufIcSt11char_traitsIcEEC1Ev",0|95-90-78-83-116-49-51-98-97-115-105-99-95-102-105-108-101-98-117-102-73-99-83-116-49-49-99-104-97-114-95-116-114-97-105-116-115-73-99-69-69-67-49-69-118-0
70409|data|DCB "_ZNSt13basic_filebufIcSt11char_traitsIcEE4openEPKcSt13_Ios_Openm"|95-90-78-83-116-49-51-98-97-115-105-99-95-102-105-108-101-98-117-102-73-99-83-116-49-49-99-104-97-114-95-116-114-97-105-116-115-73-99-69-69-52-111-112-101-110-69-80-75-99-83-116-49-51-95-73-111-115-95-79-112-101-110-109-111-100-101-0
70477|data|DCB "_ZNSs12_M_leak_hardEv",0|95-90-78-83-115-49-50-95-77-95-108-101-97-107-95-104-97-114-100-69-118-0
70499|data|DCB "_ZNSs6assignERKSs",0|95-90-78-83-115-54-97-115-115-105-103-110-69-82-75-83-115-0
70517|data|DCB "_ZSt4endlIcSt11char_traitsIcEERSt13basic_ostreamIT_T0_ES6_",0|95-90-83-116-52-101-110-100-108-73-99-83-116-49-49-99-104-97-114-95-116-114-97-105-116-115-73-99-69-69-82-83-116-49-51-98-97-115-105-99-95-111-115-116-114-101-97-109-73-84-95-84-48-95-69-83-54-95-0
70576|data|DCB "_ZNSt8ios_baseD2Ev",0|95-90-78-83-116-56-105-111-115-95-98-97-115-101-68-50-69-118-0
70595|data|DCB "_ZTISt9exception",0|95-90-84-73-83-116-57-101-120-99-101-112-116-105-111-110-0
70612|data|DCB "_ZTVSt14basic_ifstreamIcSt11char_traitsIcEE",0|95-90-84-86-83-116-49-52-98-97-115-105-99-95-105-102-115-116-114-101-97-109-73-99-83-116-49-49-99-104-97-114-95-116-114-97-105-116-115-73-99-69-69-0
70656|data|DCB "__cxa_rethrow",0|95-95-99-120-97-95-114-101-116-104-114-111-119-0
70670|data|DCB "_ZTVN10__cxxabiv120__si_class_type_infoE",0|95-90-84-86-78-49-48-95-95-99-120-120-97-98-105-118-49-50-48-95-95-115-105-95-99-108-97-115-115-95-116-121-112-101-95-105-110-102-111-69-0
70711|data|DCB "_ZSt4cout",0|95-90-83-116-52-99-111-117-116-0
70721|data|DCB "__cxa_allocate_exception",0|95-95-99-120-97-95-97-108-108-111-99-97-116-101-95-101-120-99-101-112-116-105-111-110-0
70746|data|DCB "_ZTISt13runtime_error",0|95-90-84-73-83-116-49-51-114-117-110-116-105-109-101-95-101-114-114-111-114-0
70768|data|DCB "_ZNSs9_M_mutateEjjj",0|95-90-78-83-115-57-95-77-95-109-117-116-97-116-101-69-106-106-106-0
70788|data|DCB "_ZNSs7reserveEj",0|95-90-78-83-115-55-114-101-115-101-114-118-101-69-106-0
70804|data|DCB "__cxa_end_cleanup",0|95-95-99-120-97-95-101-110-100-95-99-108-101-97-110-117-112-0
70822|data|DCB "_ZNSt8__detail15_List_node_base7_M_hookEPS0_",0|95-90-78-83-116-56-95-95-100-101-116-97-105-108-49-53-95-76-105-115-116-95-110-111-100-101-95-98-97-115-101-55-95-77-95-104-111-111-107-69-80-83-48-95-0
70867|data|DCB "_ZStplIcSt11char_traitsIcESaIcEESbIT_T0_T1_ERKS6_S8_",0|95-90-83-116-112-108-73-99-83-116-49-49-99-104-97-114-95-116-114-97-105-116-115-73-99-69-83-97-73-99-69-69-83-98-73-84-95-84-48-95-84-49-95-69-82-75-83-54-95-83-56-95-0
70920|data|DCB "_ZNSt9exceptionD2Ev",0|95-90-78-83-116-57-101-120-99-101-112-116-105-111-110-68-50-69-118-0
70940|data|DCB "_ZNSt13runtime_errorC1ERKSs",0|95-90-78-83-116-49-51-114-117-110-116-105-109-101-95-101-114-114-111-114-67-49-69-82-75-83-115-0
70968|data|DCB "_ZNSt9basic_iosIcSt11char_traitsIcEE5clearESt12_Ios_Iostate",0|95-90-78-83-116-57-98-97-115-105-99-95-105-111-115-73-99-83-116-49-49-99-104-97-114-95-116-114-97-105-116-115-73-99-69-69-53-99-108-101-97-114-69-83-116-49-50-95-73-111-115-95-73-111-115-116-97-116-101-0
71028|data|DCB "_ZNSt13basic_filebufIcSt11char_traitsIcEE5closeEv",0|95-90-78-83-116-49-51-98-97-115-105-99-95-102-105-108-101-98-117-102-73-99-83-116-49-49-99-104-97-114-95-116-114-97-105-116-115-73-99-69-69-53-99-108-111-115-101-69-118-0
71078|data|DCB "_ZTISt12out_of_range",0|95-90-84-73-83-116-49-50-111-117-116-95-111-102-95-114-97-110-103-101-0
71099|data|DCB "_ZTTSt14basic_ifstreamIcSt11char_traitsIcEE",0|95-90-84-84-83-116-49-52-98-97-115-105-99-95-105-102-115-116-114-101-97-109-73-99-83-116-49-49-99-104-97-114-95-116-114-97-105-116-115-73-99-69-69-0
71143|data|DCB "_ZTVSt15basic_streambufIcSt11char_traitsIcEE",0|95-90-84-86-83-116-49-53-98-97-115-105-99-95-115-116-114-101-97-109-98-117-102-73-99-83-116-49-49-99-104-97-114-95-116-114-97-105-116-115-73-99-69-69-0
71188|data|DCB "_ZSt16__ostream_insertIcSt11char_traitsIcEERSt13basic_ostreamIT_"|95-90-83-116-49-54-95-95-111-115-116-114-101-97-109-95-105-110-115-101-114-116-73-99-83-116-49-49-99-104-97-114-95-116-114-97-105-116-115-73-99-69-69-82-83-116-49-51-98-97-115-105-99-95-111-115-116-114-101-97-109-73-84-95-84-48-95-69-83-54-95-80-75-83-51-95-105-0
71266|data|DCB "_ZNSs6assignEPKc",0|95-90-78-83-115-54-97-115-115-105-103-110-69-80-75-99-0
71283|data|DCB "_ZSt4cerr",0|95-90-83-116-52-99-101-114-114-0
71293|data|DCB "_ZNSt13basic_filebufIcSt11char_traitsIcEED1Ev",0|95-90-78-83-116-49-51-98-97-115-105-99-95-102-105-108-101-98-117-102-73-99-83-116-49-49-99-104-97-114-95-116-114-97-105-116-115-73-99-69-69-68-49-69-118-0
71339|data|DCB "__cxa_begin_catch",0|95-95-99-120-97-95-98-101-103-105-110-95-99-97-116-99-104-0
71357|data|DCB "_ZStlsISt11char_traitsIcEERSt13basic_ostreamIcT_ES5_PKc",0|95-90-83-116-108-115-73-83-116-49-49-99-104-97-114-95-116-114-97-105-116-115-73-99-69-69-82-83-116-49-51-98-97-115-105-99-95-111-115-116-114-101-97-109-73-99-84-95-69-83-53-95-80-75-99-0
71413|data|DCB "_ZNSi7getlineEPcic",0|95-90-78-83-105-55-103-101-116-108-105-110-101-69-80-99-105-99-0
71432|data|DCB "_ZNSsC1EPKcRKSaIcE",0|95-90-78-83-115-67-49-69-80-75-99-82-75-83-97-73-99-69-0
71451|data|DCB "_ZNSo9_M_insertImEERSoT_",0|95-90-78-83-111-57-95-77-95-105-110-115-101-114-116-73-109-69-69-82-83-111-84-95-0
71476|data|DCB "_ZNSt8ios_base4InitC1Ev",0|95-90-78-83-116-56-105-111-115-95-98-97-115-101-52-73-110-105-116-67-49-69-118-0
71500|data|DCB "_ZSt3cin",0|95-90-83-116-51-99-105-110-0
71509|data|DCB "_ZNSs4_Rep20_S_empty_rep_storageE",0|95-90-78-83-115-52-95-82-101-112-50-48-95-83-95-101-109-112-116-121-95-114-101-112-95-115-116-111-114-97-103-101-69-0
71543|data|DCB "_ZNSt13runtime_errorD1Ev",0|95-90-78-83-116-49-51-114-117-110-116-105-109-101-95-101-114-114-111-114-68-49-69-118-0
71568|data|DCB "__aeabi_atexit",0|95-95-97-101-97-98-105-95-97-116-101-120-105-116-0
71583|data|DCB "__cxa_throw",0|95-95-99-120-97-95-116-104-114-111-119-0
71595|data|DCB "_ZNSsD1Ev",0|95-90-78-83-115-68-49-69-118-0
71605|data|DCB "_ZTVSt13basic_filebufIcSt11char_traitsIcEE",0|95-90-84-86-83-116-49-51-98-97-115-105-99-95-102-105-108-101-98-117-102-73-99-83-116-49-49-99-104-97-114-95-116-114-97-105-116-115-73-99-69-69-0
71648|data|DCB "_ZNSsC1ERKSsjj",0|95-90-78-83-115-67-49-69-82-75-83-115-106-106-0
71663|data|DCB "_ZdlPv",0|95-90-100-108-80-118-0
71670|data|DCB "_ZNSt9basic_iosIcSt11char_traitsIcEE4initEPSt15basic_streambufIc"|95-90-78-83-116-57-98-97-115-105-99-95-105-111-115-73-99-83-116-49-49-99-104-97-114-95-116-114-97-105-116-115-73-99-69-69-52-105-110-105-116-69-80-83-116-49-53-98-97-115-105-99-95-115-116-114-101-97-109-98-117-102-73-99-83-49-95-69-0
71739|data|DCB "_ZNSo5flushEv",0|95-90-78-83-111-53-102-108-117-115-104-69-118-0
71753|data|DCB "_ZTVSt9basic_iosIcSt11char_traitsIcEE",0|95-90-84-86-83-116-57-98-97-115-105-99-95-105-111-115-73-99-83-116-49-49-99-104-97-114-95-116-114-97-105-116-115-73-99-69-69-0
71791|data|DCB "__cxa_end_catch",0|95-95-99-120-97-95-101-110-100-95-99-97-116-99-104-0
71807|data|DCB "_ZNKSt5ctypeIcE13_M_widen_initEv",0|95-90-78-75-83-116-53-99-116-121-112-101-73-99-69-49-51-95-77-95-119-105-100-101-110-95-105-110-105-116-69-118-0
71840|data|DCB "_ZNSt8ios_baseC2Ev",0|95-90-78-83-116-56-105-111-115-95-98-97-115-101-67-50-69-118-0
71859|data|DCB "_ZNSt12out_of_rangeD1Ev",0|95-90-78-83-116-49-50-111-117-116-95-111-102-95-114-97-110-103-101-68-49-69-118-0
71883|data|DCB "_ZNSs6appendEPKcj",0|95-90-78-83-115-54-97-112-112-101-110-100-69-80-75-99-106-0
71901|data|DCB "_ZNSt8ios_base4InitD1Ev",0|95-90-78-83-116-56-105-111-115-95-98-97-115-101-52-73-110-105-116-68-49-69-118-0
71925|data|DCB "_ZNSt6localeD1Ev",0|95-90-78-83-116-54-108-111-99-97-108-101-68-49-69-118-0
71942|data|DCB "_ZNSt14basic_ifstreamIcSt11char_traitsIcEED1Ev",0|95-90-78-83-116-49-52-98-97-115-105-99-95-105-102-115-116-114-101-97-109-73-99-83-116-49-49-99-104-97-114-95-116-114-97-105-116-115-73-99-69-69-68-49-69-118-0
71989|data|DCB "_ZSt24__throw_out_of_range_fmtPKcz",0|95-90-83-116-50-52-95-95-116-104-114-111-119-95-111-117-116-95-111-102-95-114-97-110-103-101-95-102-109-116-80-75-99-122-0
72024|data|DCB "_ZNKSt5ctypeIcE8do_widenEc",0|95-90-78-75-83-116-53-99-116-121-112-101-73-99-69-56-100-111-95-119-105-100-101-110-69-99-0
72051|data|DCB "_ZNKSs4findEPKcjj",0|95-90-78-75-83-115-52-102-105-110-100-69-80-75-99-106-106-0
72069|data|DCB "_ZNSs4_Rep10_M_destroyERKSaIcE",0|95-90-78-83-115-52-95-82-101-112-49-48-95-77-95-100-101-115-116-114-111-121-69-82-75-83-97-73-99-69-0
72100|data|DCB "_ZNSt12out_of_rangeC1ERKSs",0|95-90-78-83-116-49-50-111-117-116-95-111-102-95-114-97-110-103-101-67-49-69-82-75-83-115-0
72127|data|DCB "__gxx_personality_v0",0|95-95-103-120-120-95-112-101-114-115-111-110-97-108-105-116-121-95-118-48-0
72148|data|DCB "__cxa_call_unexpected",0|95-95-99-120-97-95-99-97-108-108-95-117-110-101-120-112-101-99-116-101-100-0
72170|data|DCB "_ZTVN10__cxxabiv117__class_type_infoE",0|95-90-84-86-78-49-48-95-95-99-120-120-97-98-105-118-49-49-55-95-95-99-108-97-115-115-95-116-121-112-101-95-105-110-102-111-69-0
72208|data|DCB "_ZNSs6appendERKSs",0|95-90-78-83-115-54-97-112-112-101-110-100-69-82-75-83-115-0
72226|data|DCB "_ZSt7getlineIcSt11char_traitsIcESaIcEERSt13basic_istreamIT_T0_ES"|95-90-83-116-55-103-101-116-108-105-110-101-73-99-83-116-49-49-99-104-97-114-95-116-114-97-105-116-115-73-99-69-83-97-73-99-69-69-82-83-116-49-51-98-97-115-105-99-95-105-115-116-114-101-97-109-73-84-95-84-48-95-69-83-55-95-82-83-98-73-83-52-95-83-53-95-84-49-95-69-0
72307|data|DCB "_ZNSt12__basic_fileIcED1Ev",0|95-90-78-83-116-49-50-95-95-98-97-115-105-99-95-102-105-108-101-73-99-69-68-49-69-118-0
72334|data|DCB "libm.so.6",0|108-105-98-109-46-115-111-46-54-0
72344|data|DCB "libgcc_s.so.1",0|108-105-98-103-99-99-95-115-46-115-111-46-49-0
72358|data|DCB "__aeabi_unwind_cpp_pr0",0|95-95-97-101-97-98-105-95-117-110-119-105-110-100-95-99-112-112-95-112-114-48-0
72381|data|DCB "libc.so.6",0|108-105-98-99-46-115-111-46-54-0
72391|data|DCB "__xpg_basename",0|95-95-120-112-103-95-98-97-115-101-110-97-109-101-0
72406|data|DCB "fchmod",0|102-99-104-109-111-100-0
72413|data|DCB "optind",0|111-112-116-105-110-100-0
72420|data|DCB "strncpy",0|115-116-114-110-99-112-121-0
72428|data|DCB "time",0|116-105-109-101-0
72433|data|DCB "__stack_chk_fail",0|95-95-115-116-97-99-107-95-99-104-107-95-102-97-105-108-0
72450|data|DCB "abort",0|97-98-111-114-116-0
72456|data|DCB "strlen",0|115-116-114-108-101-110-0
72463|data|DCB "memset",0|109-101-109-115-101-116-0
72470|data|DCB "__errno_location",0|95-95-101-114-114-110-111-95-108-111-99-97-116-105-111-110-0
72487|data|DCB "tcsetattr",0|116-99-115-101-116-97-116-116-114-0
72497|data|DCB "read",0|114-101-97-100-0
72502|data|DCB "memcmp",0|109-101-109-99-109-112-0
72509|data|DCB "dgettext",0|100-103-101-116-116-101-120-116-0
72518|data|DCB "getopt",0|103-101-116-111-112-116-0
72525|data|DCB "fchown",0|102-99-104-111-119-110-0
72532|data|DCB "lseek",0|108-115-101-101-107-0
72538|data|DCB "memcpy",0|109-101-109-99-112-121-0
72545|data|DCB "malloc",0|109-97-108-108-111-99-0
72552|data|DCB "optarg",0|111-112-116-97-114-103-0
72559|data|DCB "__snprintf_chk",0|95-95-115-110-112-114-105-110-116-102-95-99-104-107-0
72574|data|DCB "optopt",0|111-112-116-111-112-116-0
72581|data|DCB "dup",0|100-117-112-0
72585|data|DCB "getuid",0|103-101-116-117-105-100-0
72592|data|DCB "__fxstat",0|95-95-102-120-115-116-97-116-0
72601|data|DCB "rename",0|114-101-110-97-109-101-0
72608|data|DCB "close",0|99-108-111-115-101-0
72614|data|DCB "open",0|111-112-101-110-0
72619|data|DCB "tcgetattr",0|116-99-103-101-116-97-116-116-114-0
72629|data|DCB "access",0|97-99-99-101-115-115-0
72636|data|DCB "strcmp",0|115-116-114-99-109-112-0
72643|data|DCB "strerror",0|115-116-114-101-114-114-111-114-0
72652|data|DCB "__libc_start_main",0|95-95-108-105-98-99-95-115-116-97-114-116-95-109-97-105-110-0
72670|data|DCB "write",0|119-114-105-116-101-0
72676|data|DCB "free",0|102-114-101-101-0
72681|data|DCB "ld-linux-armhf.so.3",0|108-100-45-108-105-110-117-120-45-97-114-109-104-102-46-115-111-46-51-0
72701|data|DCB "__stack_chk_guard",0|95-95-115-116-97-99-107-95-99-104-107-95-103-117-97-114-100-0
72719|data|DCB "_ZTVN5YAPET14YAPETExceptionE",0|95-90-84-86-78-53-89-65-80-69-84-49-52-89-65-80-69-84-69-120-99-101-112-116-105-111-110-69-0
72748|data|DCB "_ZN5YAPET29YAPETInvalidPasswordExceptionD1Ev",0|95-90-78-53-89-65-80-69-84-50-57-89-65-80-69-84-73-110-118-97-108-105-100-80-97-115-115-119-111-114-100-69-120-99-101-112-116-105-111-110-68-49-69-118-0
72793|data|DCB "_ZTIN5YAPET14YAPETExceptionE",0|95-90-84-73-78-53-89-65-80-69-84-49-52-89-65-80-69-84-69-120-99-101-112-116-105-111-110-69-0
72822|data|DCB "_ZTVN5YAPET29YAPETInvalidPasswordExceptionE",0|95-90-84-86-78-53-89-65-80-69-84-50-57-89-65-80-69-84-73-110-118-97-108-105-100-80-97-115-115-119-111-114-100-69-120-99-101-112-116-105-111-110-69-0
72866|data|DCB "_ZN5YAPET6RecordINS_13FileHeader_64EED0Ev",0|95-90-78-53-89-65-80-69-84-54-82-101-99-111-114-100-73-78-83-95-49-51-70-105-108-101-72-101-97-100-101-114-95-54-52-69-69-68-48-69-118-0
72908|data|DCB "_ZTVN5YAPET19YAPETRetryExceptionE",0|95-90-84-86-78-53-89-65-80-69-84-49-57-89-65-80-69-84-82-101-116-114-121-69-120-99-101-112-116-105-111-110-69-0
72942|data|DCB "_ZTIN5YAPET19YAPETRetryExceptionE",0|95-90-84-73-78-53-89-65-80-69-84-49-57-89-65-80-69-84-82-101-116-114-121-69-120-99-101-112-116-105-111-110-69-0
72976|data|DCB "_ZN5YAPET24YAPETEncryptionExceptionD1Ev",0|95-90-78-53-89-65-80-69-84-50-52-89-65-80-69-84-69-110-99-114-121-112-116-105-111-110-69-120-99-101-112-116-105-111-110-68-49-69-118-0
73016|data|DCB "_ZN5YAPET6RecordINS_13FileHeader_32EED0Ev",0|95-90-78-53-89-65-80-69-84-54-82-101-99-111-114-100-73-78-83-95-49-51-70-105-108-101-72-101-97-100-101-114-95-51-50-69-69-68-48-69-118-0
73058|data|DCB "_ZTIN5YAPET29YAPETInvalidPasswordExceptionE",0|95-90-84-73-78-53-89-65-80-69-84-50-57-89-65-80-69-84-73-110-118-97-108-105-100-80-97-115-115-119-111-114-100-69-120-99-101-112-116-105-111-110-69-0
73102|data|DCB "_ZTIN5YAPET24YAPETEncryptionExceptionE",0|95-90-84-73-78-53-89-65-80-69-84-50-52-89-65-80-69-84-69-110-99-114-121-112-116-105-111-110-69-120-99-101-112-116-105-111-110-69-0
73141|data|DCB "_ZTVN5YAPET6RecordINS_14PasswordRecordEEE",0|95-90-84-86-78-53-89-65-80-69-84-54-82-101-99-111-114-100-73-78-83-95-49-52-80-97-115-115-119-111-114-100-82-101-99-111-114-100-69-69-69-0
73183|data|DCB "_ZN5YAPET19YAPETRetryExceptionD1Ev",0|95-90-78-53-89-65-80-69-84-49-57-89-65-80-69-84-82-101-116-114-121-69-120-99-101-112-116-105-111-110-68-49-69-118-0
73218|data|DCB "_ZTVN5YAPET24YAPETEncryptionExceptionE",0|95-90-84-86-78-53-89-65-80-69-84-50-52-89-65-80-69-84-69-110-99-114-121-112-116-105-111-110-69-120-99-101-112-116-105-111-110-69-0
73257|data|DCB "_ZTVN5YAPET6RecordINS_13FileHeader_64EEE",0|95-90-84-86-78-53-89-65-80-69-84-54-82-101-99-111-114-100-73-78-83-95-49-51-70-105-108-101-72-101-97-100-101-114-95-54-52-69-69-69-0
73298|data|DCB "_ZN5YAPET6RecordINS_14PasswordRecordEED0Ev",0|95-90-78-53-89-65-80-69-84-54-82-101-99-111-114-100-73-78-83-95-49-52-80-97-115-115-119-111-114-100-82-101-99-111-114-100-69-69-68-48-69-118-0
73341|data|DCB "_ZN5YAPET14YAPETExceptionD1Ev",0|95-90-78-53-89-65-80-69-84-49-52-89-65-80-69-84-69-120-99-101-112-116-105-111-110-68-49-69-118-0
73371|data|DCB "_ZTVN5YAPET6RecordINS_13FileHeader_32EEE",0|95-90-84-86-78-53-89-65-80-69-84-54-82-101-99-111-114-100-73-78-83-95-49-51-70-105-108-101-72-101-97-100-101-114-95-51-50-69-69-69-0
73412|data|DCB "GCC_3.5",0|71-67-67-95-51-46-53-0
73420|data|DCB "GLIBC_2.4",0|71-76-73-66-67-95-50-46-52-0
73430|data|DCB "OPENSSL_1.0.0",0|79-80-69-78-83-83-76-95-49-46-48-46-48-0
73444|data|DCB "GLIBCXX_3.4.20",0|71-76-73-66-67-88-88-95-51-46-52-46-50-48-0
73459|data|DCB "GLIBCXX_3.4.11",0|71-76-73-66-67-88-88-95-51-46-52-46-49-49-0
73474|data|DCB "GLIBCXX_3.4.9",0|71-76-73-66-67-88-88-95-51-46-52-46-57-0
73488|data|DCB "CXXABI_1.3",0|67-88-88-65-66-73-95-49-46-51-0
73499|data|DCB "CXXABI_ARM_1.3.3",0|67-88-88-65-66-73-95-65-82-77-95-49-46-51-46-51-0
73516|data|DCB "GLIBCXX_3.4.15",0|71-76-73-66-67-88-88-95-51-46-52-46-49-53-0
73531|data|DCB "GLIBCXX_3.4",0|71-76-73-66-67-88-88-95-51-46-52-0
73543|data|DCB 0|0
73544|data|DCW 0|0-0
73546|data|DCW 0; local  symbol: __pthread_key_create|0-0
73548|data|DCW 0; local  symbol: _Jv_RegisterClasses|0-0
73550|data|DCW 2; _ZNSt12out_of_rangeD1Ev@@GLIBCXX_3.4|2-0
73552|data|DCW 2; _ZTISt12out_of_range@@GLIBCXX_3.4|2-0
73554|data|DCW 0; local  symbol: _ITM_deregisterTMCloneTable|0-0
73556|data|DCW 0xC; __aeabi_unwind_cpp_pr0@@GCC_3.5|12-0
73558|data|DCW 0; local  symbol: __gmon_start__|0-0
73560|data|DCW 0; local  symbol: _ITM_registerTMCloneTable|0-0
73562|data|DCW 2; _ZSt4cout@@GLIBCXX_3.4|2-0
73564|data|DCW 2; _ZNSs6assignERKSs@@GLIBCXX_3.4|2-0
73566|data|DCW 2; _ZNSt9basic_iosIcSt11char_traitsIcEE5clearESt12_Ios_Iostate@@GLIBCXX_3.4|2-0
73568|data|DCW 4; tcgetattr@@GLIBC_2.4|4-0
73570|data|DCW 4; memcpy@@GLIBC_2.4|4-0
73572|data|DCW 4; abort@@GLIBC_2.4|4-0
73574|data|DCW 2; _ZNSt8ios_base4InitC1Ev@@GLIBCXX_3.4|2-0
73576|data|DCW 5; EVP_bf_cbc@@OPENSSL_1.0.0|5-0
73578|data|DCW 2; _ZNSs6appendEPKcj@@GLIBCXX_3.4|2-0
73580|data|DCW 9; _ZSt16__ostream_insertIcSt11char_traitsIcEERSt13basic_ostreamIT_T0_ES6_PKS3_i@@GLIBCXX_3.4.9|9-0
73582|data|DCW 5; EVP_CIPHER_CTX_set_key_length@@OPENSSL_1.0.0|5-0
73584|data|DCW 2; _ZNSt13basic_filebufIcSt11char_traitsIcEE4openEPKcSt13_Ios_Openmode@@GLIBCXX_3.4|2-0
73586|data|DCW 4; strcmp@@GLIBC_2.4|4-0
73588|data|DCW 1; global symbol: _ZTVN5YAPET6RecordINS_14PasswordRecordEEE|1-0
73590|data|DCW 2; _ZTISt9exception@@GLIBCXX_3.4|2-0
73592|data|DCW 2; _ZTISt13runtime_error@@GLIBCXX_3.4|2-0
73594|data|DCW 8; _ZTVN10__cxxabiv117__class_type_infoE@@CXXABI_1.3|8-0
73596|data|DCW 4; write@@GLIBC_2.4|4-0
73598|data|DCW 6; __aeabi_atexit@@CXXABI_ARM_1.3.3|6-0
73600|data|DCW 4; optopt@@GLIBC_2.4|4-0
73602|data|DCW 5; EVP_md5@@OPENSSL_1.0.0|5-0
73604|data|DCW 4; rename@@GLIBC_2.4|4-0
73606|data|DCW 2; _ZSt4cerr@@GLIBCXX_3.4|2-0
73608|data|DCW 4; close@@GLIBC_2.4|4-0
73610|data|DCW 1; global symbol: _ZTVN5YAPET6RecordINS_13FileHeader_64EEE|1-0
73612|data|DCW 4; fchmod@@GLIBC_2.4|4-0
73614|data|DCW 4; optarg@@GLIBC_2.4|4-0
73616|data|DCW 5; EVP_CIPHER_CTX_key_length@@OPENSSL_1.0.0|5-0
73618|data|DCW 2; _ZNSsC1ERKSsjj@@GLIBCXX_3.4|2-0
73620|data|DCW 2; _ZdlPv@@GLIBCXX_3.4|2-0
73622|data|DCW 1; global symbol: _ZNKSt5ctypeIcE8do_widenEc|1-0
73624|data|DCW 8; __cxa_throw@@CXXABI_1.3|8-0
73626|data|DCW 1; global symbol: _ZTVN5YAPET24YAPETEncryptionExceptionE|1-0
73628|data|DCW 8; __cxa_allocate_exception@@CXXABI_1.3|8-0
73630|data|DCW 4; getuid@@GLIBC_2.4|4-0
73632|data|DCW 4; getopt@@GLIBC_2.4|4-0
73634|data|DCW 4; open@@GLIBC_2.4|4-0
73636|data|DCW 4; memcmp@@GLIBC_2.4|4-0
73638|data|DCW 2; _ZNSs4_Rep20_S_empty_rep_storageE@@GLIBCXX_3.4|2-0
73640|data|DCW 1; global symbol: _ZN5YAPET6RecordINS_13FileHeader_32EED0Ev|1-0
73642|data|DCW 1; global symbol: _ZTVN5YAPET14YAPETExceptionE|1-0
73644|data|DCW 5; EVP_MD_CTX_init@@OPENSSL_1.0.0|5-0
73646|data|DCW 4; memset@@GLIBC_2.4|4-0
73648|data|DCW 2; _ZNSt14basic_ifstreamIcSt11char_traitsIcEED1Ev@@GLIBCXX_3.4|2-0
73650|data|DCW 4; strncpy@@GLIBC_2.4|4-0
73652|data|DCW 8; __cxa_rethrow@@CXXABI_1.3|8-0
73654|data|DCW 2; _ZNKSs4findEPKcjj@@GLIBCXX_3.4|2-0
73656|data|DCW 9; _ZNSo9_M_insertImEERSoT_@@GLIBCXX_3.4.9|9-0
73658|data|DCW 2; _ZTVSt9basic_iosIcSt11char_traitsIcEE@@GLIBCXX_3.4|2-0
73660|data|DCW 1; global symbol: _ZTVN5YAPET29YAPETInvalidPasswordExceptionE|1-0
73662|data|DCW 4; __xpg_basename@@GLIBC_2.4|4-0
73664|data|DCW 4; lseek@@GLIBC_2.4|4-0
73666|data|DCW 2; _ZTVSt15basic_streambufIcSt11char_traitsIcEE@@GLIBCXX_3.4|2-0
73668|data|DCW 3; _ZNSt8__detail15_List_node_base7_M_hookEPS0_@@GLIBCXX_3.4.15|3-0
73670|data|DCW 2; _ZNSt9basic_iosIcSt11char_traitsIcEE4initEPSt15basic_streambufIcS1_E@@GLIBCXX_3.4|2-0
73672|data|DCW 1; global symbol: _ZStplIcSt11char_traitsIcESaIcEESbIT_T0_T1_EPKS3_RKS6_|1-0
73674|data|DCW 2; _ZNSt6localeD1Ev@@GLIBCXX_3.4|2-0
73676|data|DCW 2; _ZNSt13basic_filebufIcSt11char_traitsIcEEC1Ev@@GLIBCXX_3.4|2-0
73678|data|DCW 2; _ZNSt9exceptionD2Ev@@GLIBCXX_3.4|2-0
73680|data|DCW 2; _ZNSt8ios_base4InitD1Ev@@GLIBCXX_3.4|2-0
73682|data|DCW 5; EVP_sha1@@OPENSSL_1.0.0|5-0
73684|data|DCW 1; global symbol: _ZTIN5YAPET19YAPETRetryExceptionE|1-0
73686|data|DCW 4; __stack_chk_fail@@GLIBC_2.4|4-0
73688|data|DCW 1; global symbol: _ZTIN5YAPET24YAPETEncryptionExceptionE|1-0
73690|data|DCW 5; EVP_CIPHER_CTX_iv_length@@OPENSSL_1.0.0|5-0
73692|data|DCW 8; __cxa_free_exception@@CXXABI_1.3|8-0
73694|data|DCW 4; __errno_location@@GLIBC_2.4|4-0
73696|data|DCW 5; EVP_EncryptUpdate@@OPENSSL_1.0.0|5-0
73698|data|DCW 2; _ZNSs12_M_leak_hardEv@@GLIBCXX_3.4|2-0
73700|data|DCW 1; global symbol: _ZN5YAPET29YAPETInvalidPasswordExceptionD1Ev|1-0
73702|data|DCW 5; EVP_EncryptFinal_ex@@OPENSSL_1.0.0|5-0
73704|data|DCW 2; _ZNSt12out_of_rangeC1ERKSs@@GLIBCXX_3.4|2-0
73706|data|DCW 2; _ZTVSt13basic_filebufIcSt11char_traitsIcEE@@GLIBCXX_3.4|2-0
73708|data|DCW 2; _ZNSo3putEc@@GLIBCXX_3.4|2-0
73710|data|DCW 5; EVP_CIPHER_CTX_init@@OPENSSL_1.0.0|5-0
73712|data|DCW 1; global symbol: _ZN5YAPET19YAPETRetryExceptionD1Ev|1-0
73714|data|DCW 2; _ZNSs4_Rep10_M_destroyERKSaIcE@@GLIBCXX_3.4|2-0
73716|data|DCW 2; _ZSt16__throw_bad_castv@@GLIBCXX_3.4|2-0
73718|data|DCW 1; global symbol: _ZStplIcSt11char_traitsIcESaIcEESbIT_T0_T1_ERKS6_S8_|1-0
73720|data|DCW 5; EVP_DecryptInit_ex@@OPENSSL_1.0.0|5-0
73722|data|DCW 2; _ZTTSt14basic_ifstreamIcSt11char_traitsIcEE@@GLIBCXX_3.4|2-0
73724|data|DCW 2; _ZNSt8ios_baseC2Ev@@GLIBCXX_3.4|2-0
73726|data|DCW 5; EVP_DecryptFinal_ex@@OPENSSL_1.0.0|5-0
73728|data|DCW 5; EVP_MD_CTX_cleanup@@OPENSSL_1.0.0|5-0
73730|data|DCW 5; EVP_EncryptInit_ex@@OPENSSL_1.0.0|5-0
73732|data|DCW 4; time@@GLIBC_2.4|4-0
73734|data|DCW 4; optind@@GLIBC_2.4|4-0
73736|data|DCW 2; _Znwj@@GLIBCXX_3.4|2-0
73738|data|DCW 5; EVP_CipherInit_ex@@OPENSSL_1.0.0|5-0
73740|data|DCW 2; _ZSt3cin@@GLIBCXX_3.4|2-0
73742|data|DCW 1; global symbol: _ZN5YAPET6RecordINS_14PasswordRecordEED0Ev|1-0
73744|data|DCW 4; __snprintf_chk@@GLIBC_2.4|4-0
73746|data|DCW 4; read@@GLIBC_2.4|4-0
73748|data|DCW 2; _ZNSsC1EPKcRKSaIcE@@GLIBCXX_3.4|2-0
73750|data|DCW 1; global symbol: _ZTIN5YAPET14YAPETExceptionE|1-0
73752|data|DCW 0xA; _ZNKSt5ctypeIcE13_M_widen_initEv@@GLIBCXX_3.4.11|10-0
73754|data|DCW 5; EVP_DigestFinal_ex@@OPENSSL_1.0.0|5-0
73756|data|DCW 2; _ZNSt13basic_filebufIcSt11char_traitsIcEED1Ev@@GLIBCXX_3.4|2-0
73758|data|DCW 7; __stack_chk_guard@@GLIBC_2.4|7-0
73760|data|DCW 8; __cxa_call_unexpected@@CXXABI_1.3|8-0
73762|data|DCW 4; __fxstat@@GLIBC_2.4|4-0
73764|data|DCW 2; _ZTVSt14basic_ifstreamIcSt11char_traitsIcEE@@GLIBCXX_3.4|2-0
73766|data|DCW 4; dgettext@@GLIBC_2.4|4-0
73768|data|DCW 8; __cxa_end_cleanup@@CXXABI_1.3|8-0
73770|data|DCW 4; tcsetattr@@GLIBC_2.4|4-0
73772|data|DCW 2; _ZNSo5flushEv@@GLIBCXX_3.4|2-0
73774|data|DCW 2; _ZStlsISt11char_traitsIcEERSt13basic_ostreamIcT_ES5_PKc@@GLIBCXX_3.4|2-0
73776|data|DCW 1; global symbol: _ZN5YAPET14YAPETExceptionD1Ev|1-0
73778|data|DCW 2; _ZNSs6appendERKSs@@GLIBCXX_3.4|2-0
73780|data|DCW 5; EVP_DecryptUpdate@@OPENSSL_1.0.0|5-0
73782|data|DCW 4; malloc@@GLIBC_2.4|4-0
73784|data|DCW 2; _ZNSt13basic_filebufIcSt11char_traitsIcEE5closeEv@@GLIBCXX_3.4|2-0
73786|data|DCW 2; _ZNSt13runtime_errorC1ERKSs@@GLIBCXX_3.4|2-0
73788|data|DCW 5; EVP_CIPHER_CTX_cleanup@@OPENSSL_1.0.0|5-0
73790|data|DCW 8; _ZTVN10__cxxabiv120__si_class_type_infoE@@CXXABI_1.3|8-0
73792|data|DCW 2; _ZNSt13runtime_errorD1Ev@@GLIBCXX_3.4|2-0
73794|data|DCW 2; _ZNSs6assignEPKc@@GLIBCXX_3.4|2-0
73796|data|DCW 4; free@@GLIBC_2.4|4-0
73798|data|DCW 5; EVP_DigestInit_ex@@OPENSSL_1.0.0|5-0
73800|data|DCW 2; _ZNSsC1ERKSs@@GLIBCXX_3.4|2-0
73802|data|DCW 4; access@@GLIBC_2.4|4-0
73804|data|DCW 2; _ZNSs9_M_mutateEjjj@@GLIBCXX_3.4|2-0
73806|data|DCW 4; strerror@@GLIBC_2.4|4-0
73808|data|DCW 4; fchown@@GLIBC_2.4|4-0
73810|data|DCW 1; global symbol: _ZN5YAPET24YAPETEncryptionExceptionD1Ev|1-0
73812|data|DCW 2; _ZNSt12__basic_fileIcED1Ev@@GLIBCXX_3.4|2-0
73814|data|DCW 5; EVP_ripemd160@@OPENSSL_1.0.0|5-0
73816|data|DCW 4; strlen@@GLIBC_2.4|4-0
73818|data|DCW 8; __cxa_end_catch@@CXXABI_1.3|8-0
73820|data|DCW 2; _ZSt4endlIcSt11char_traitsIcEERSt13basic_ostreamIT_T0_ES6_@@GLIBCXX_3.4|2-0
73822|data|DCW 2; _ZNSsD1Ev@@GLIBCXX_3.4|2-0
73824|data|DCW 8; __gxx_personality_v0@@CXXABI_1.3|8-0
73826|data|DCW 2; _ZSt7getlineIcSt11char_traitsIcESaIcEERSt13basic_istreamIT_T0_ES7_RSbIS4_S5_T1_E@@GLIBCXX_3.4|2-0
73828|data|DCW 5; EVP_DigestUpdate@@OPENSSL_1.0.0|5-0
73830|data|DCW 8; __cxa_begin_catch@@CXXABI_1.3|8-0
73832|data|DCW 4; dup@@GLIBC_2.4|4-0
73834|data|DCW 2; _ZNSt8ios_baseD2Ev@@GLIBCXX_3.4|2-0
73836|data|DCW 4; __libc_start_main@@GLIBC_2.4|4-0
73838|data|DCW 1; global symbol: _ZTIN5YAPET29YAPETInvalidPasswordExceptionE|1-0
73840|data|DCW 2; _ZNSs7reserveEj@@GLIBCXX_3.4|2-0
73842|data|DCW 1; global symbol: _ZTVN5YAPET19YAPETRetryExceptionE|1-0
73844|data|DCW 0xB; _ZSt24__throw_out_of_range_fmtPKcz@@GLIBCXX_3.4.20|11-0
73846|data|DCW 1; global symbol: _ZTVN5YAPET6RecordINS_13FileHeader_32EEE|1-0
73848|data|DCW 1; global symbol: _ZN5YAPET6RecordINS_13FileHeader_64EED0Ev|1-0
73850|data|DCW 2; _ZNSi7getlineEPcic@@GLIBCXX_3.4|2-0
73852|data|Elf32_Verneed <1, 1, aLibgccSSo1 - byte_11034, 0x10, 0x20>; "libgcc_s.so.1"|1-0-1-0-100-10-0-0-16-0-0-0-32-0-0-0
73868|data|Elf32_Vernaux <0xB792655, 0, 0xC, aGcc35 - byte_11034, 0>; "GCC_3.5"|85-38-121-11-0-0-12-0-144-14-0-0-0-0-0-0
73884|data|Elf32_Verneed <1, 1, aLdLinuxArmhfSo - byte_11034, 0x10, 0x20>; "ld-linux-armhf.so.3"|1-0-1-0-181-11-0-0-16-0-0-0-32-0-0-0
73900|data|Elf32_Vernaux <0xD696914, 0, 7, aGlibc24 - byte_11034, 0>; "GLIBC_2.4"|20-105-105-13-0-0-7-0-152-14-0-0-0-0-0-0
73916|data|Elf32_Verneed <1, 1, aLibcryptoSo100 - byte_11034, 0x10, 0x20>; "libcrypto.so.1.0.0"|1-0-1-0-106-0-0-0-16-0-0-0-32-0-0-0
73932|data|Elf32_Vernaux <0x66A2B20, 0, 5, aOpenssl100 - byte_11034, 0>; "OPENSSL_1.0.0"|32-43-106-6-0-0-5-0-162-14-0-0-0-0-0-0
73948|data|Elf32_Verneed <1, 1, aLibcSo6 - byte_11034, 0x10, 0x20>; "libc.so.6"|1-0-1-0-137-10-0-0-16-0-0-0-32-0-0-0
73964|data|Elf32_Vernaux <0xD696914, 0, 4, aGlibc24 - byte_11034, 0>; "GLIBC_2.4"|20-105-105-13-0-0-4-0-152-14-0-0-0-0-0-0
73980|data|Elf32_Verneed <1, 7, aLibstdcSo6 - byte_11034, 0x10, 0>; "libstdc++.so.6"|1-0-7-0-0-2-0-0-16-0-0-0-0-0-0-0
73996|data|Elf32_Vernaux <0x297F870, 0, 0xB, aGlibcxx3420 - byte_11034, 0x10>; "GLIBCXX_3.4.20"|112-248-151-2-0-0-11-0-176-14-0-0-16-0-0-0
74012|data|Elf32_Vernaux <0x297F861, 0, 0xA, aGlibcxx3411 - byte_11034, 0x10>; "GLIBCXX_3.4.11"|97-248-151-2-0-0-10-0-191-14-0-0-16-0-0-0
74028|data|Elf32_Vernaux <0x2297F89, 0, 9, aGlibcxx349 - byte_11034, 0x10>; "GLIBCXX_3.4.9"|137-127-41-2-0-0-9-0-206-14-0-0-16-0-0-0
74044|data|Elf32_Vernaux <0x56BAFD3, 0, 8, aCxxabi13 - byte_11034, 0x10>; "CXXABI_1.3"|211-175-107-5-0-0-8-0-220-14-0-0-16-0-0-0
74060|data|Elf32_Vernaux <0x849AFA3, 0, 6, aCxxabiArm133 - byte_11034, 0x10>; "CXXABI_ARM_1.3.3"|163-175-73-8-0-0-6-0-231-14-0-0-16-0-0-0
74076|data|Elf32_Vernaux <0x297F865, 0, 3, aGlibcxx3415 - byte_11034, 0x10>; "GLIBCXX_3.4.15"|101-248-151-2-0-0-3-0-248-14-0-0-16-0-0-0
74092|data|Elf32_Vernaux <0x8922974, 0, 2, aGlibcxx34 - byte_11034, 0>; "GLIBCXX_3.4"|116-41-146-8-0-0-2-0-7-15-0-0-0-0-0-0
74108|data|Elf32_Rel <0x2E1C4, 0x2F15>; R_ARM_GLOB_DAT _ZNSs4_Rep20_S_empty_rep_storageE|196-225-2-0-21-47-0-0
74116|data|Elf32_Rel <0x2E1D0, 0x6B15>; R_ARM_GLOB_DAT __stack_chk_guard|208-225-2-0-21-107-0-0
74124|data|Elf32_Rel <0x2E1EC, 0x115>; R_ARM_GLOB_DAT __pthread_key_create|236-225-2-0-21-1-0-0
74132|data|Elf32_Rel <0x2E1FC, 0x315>; R_ARM_GLOB_DAT _ZNSt12out_of_rangeD1Ev|252-225-2-0-21-3-0-0
74140|data|Elf32_Rel <0x2E204, 0x415>; R_ARM_GLOB_DAT _ZTISt12out_of_range|4-226-2-0-21-4-0-0
74148|data|Elf32_Rel <0x2E208, 0x1715>; R_ARM_GLOB_DAT _ZTISt9exception|8-226-2-0-21-23-0-0
74156|data|Elf32_Rel <0x2E20C, 0x715>; R_ARM_GLOB_DAT __gmon_start__|12-226-2-0-21-7-0-0
74164|data|Elf32_Rel <0x2E218, 0x1815>; R_ARM_GLOB_DAT _ZTISt13runtime_error|24-226-2-0-21-24-0-0
74172|data|Elf32_Rel <0x2E240, 0x2F14>; R_ARM_COPY _ZNSs4_Rep20_S_empty_rep_storageE|64-226-2-0-20-47-0-0
74180|data|Elf32_Rel <0x2E250, 0x6B14>; R_ARM_COPY __stack_chk_guard|80-226-2-0-20-107-0-0
74188|data|Elf32_Rel <0x2E490, 0x1714>; R_ARM_COPY _ZTISt9exception|144-228-2-0-20-23-0-0
74196|data|Elf32_Rel <0x2E538, 0x1814>; R_ARM_COPY _ZTISt13runtime_error|56-229-2-0-20-24-0-0
74204|data|Elf32_Rel <0x2E230, 0x3914>; R_ARM_COPY _ZTVSt9basic_iosIcSt11char_traitsIcEE|48-226-2-0-20-57-0-0
74212|data|Elf32_Rel <0x2E258, 0x5F14>; R_ARM_COPY optind|88-226-2-0-20-95-0-0
74220|data|Elf32_Rel <0x2E260, 0x3D14>; R_ARM_COPY _ZTVSt15basic_streambufIcSt11char_traitsIcEE|96-226-2-0-20-61-0-0
74228|data|Elf32_Rel <0x2E2A0, 0x1914>; R_ARM_COPY _ZTVN10__cxxabiv117__class_type_infoE|160-226-2-0-20-25-0-0
74236|data|Elf32_Rel <0x2E2CC, 0x2314>; R_ARM_COPY optarg|204-226-2-0-20-35-0-0
74244|data|Elf32_Rel <0x2E2D0, 0x6E14>; R_ARM_COPY _ZTVSt14basic_ifstreamIcSt11char_traitsIcEE|208-226-2-0-20-110-0-0
74252|data|Elf32_Rel <0x2E2F8, 0x1C14>; R_ARM_COPY optopt|248-226-2-0-20-28-0-0
74260|data|Elf32_Rel <0x2E300, 0x914>; R_ARM_COPY _ZSt4cout|0-227-2-0-20-9-0-0
74268|data|Elf32_Rel <0x2E390, 0x7B14>; R_ARM_COPY _ZTVN10__cxxabiv120__si_class_type_infoE|144-227-2-0-20-123-0-0
74276|data|Elf32_Rel <0x2E3C0, 0x5114>; R_ARM_COPY _ZTVSt13basic_filebufIcSt11char_traitsIcEE|192-227-2-0-20-81-0-0
74284|data|Elf32_Rel <0x2E400, 0x6214>; R_ARM_COPY _ZSt3cin|0-228-2-0-20-98-0-0
74292|data|Elf32_Rel <0x2E498, 0x1F14>; R_ARM_COPY _ZSt4cerr|152-228-2-0-20-31-0-0
74300|data|Elf32_Rel <0x2E528, 0x5914>; R_ARM_COPY _ZTTSt14basic_ifstreamIcSt11char_traitsIcEE|40-229-2-0-20-89-0-0
74308|data|Elf32_Rel <0x2E00C, 0x5216>; R_ARM_JUMP_SLOT _ZNSo3putEc|12-224-2-0-22-82-0-0
74316|data|Elf32_Rel <0x2E010, 0x6016>; R_ARM_JUMP_SLOT _Znwj|16-224-2-0-22-96-0-0
74324|data|Elf32_Rel <0x2E014, 0x3E16>; R_ARM_JUMP_SLOT _ZNSt8__detail15_List_node_base7_M_hookEPS0_|20-224-2-0-22-62-0-0
74332|data|Elf32_Rel <0x2E018, 0x8416>; R_ARM_JUMP_SLOT fchown|24-224-2-0-22-132-0-0
74340|data|Elf32_Rel <0x2E01C, 0x5B16>; R_ARM_JUMP_SLOT EVP_DecryptFinal_ex|28-224-2-0-22-91-0-0
74348|data|Elf32_Rel <0x2E020, 0x1B16>; R_ARM_JUMP_SLOT __aeabi_atexit|32-224-2-0-22-27-0-0
74356|data|Elf32_Rel <0x2E024, 0x4D16>; R_ARM_JUMP_SLOT _ZNSs12_M_leak_hardEv|36-224-2-0-22-77-0-0
74364|data|Elf32_Rel <0x2E028, 0x7816>; R_ARM_JUMP_SLOT _ZNSt13basic_filebufIcSt11char_traitsIcEE5closeEv|40-224-2-0-22-120-0-0
74372|data|Elf32_Rel <0x2E02C, 0x3416>; R_ARM_JUMP_SLOT _ZNSt14basic_ifstreamIcSt11char_traitsIcEED1Ev|44-224-2-0-22-52-0-0
74380|data|Elf32_Rel <0x2E030, 0x7E16>; R_ARM_JUMP_SLOT free|48-224-2-0-22-126-0-0
74388|data|Elf32_Rel <0x2E034, 0x5A16>; R_ARM_JUMP_SLOT _ZNSt8ios_baseC2Ev|52-224-2-0-22-90-0-0
74396|data|Elf32_Rel <0x2E038, 0x8D16>; R_ARM_JUMP_SLOT _ZSt7getlineIcSt11char_traitsIcESaIcEERSt13basic_istreamIT_T0_ES7_RSbIS4_S5_T1_E|56-224-2-0-22-141-0-0
74404|data|Elf32_Rel <0x2E03C, 0x9116>; R_ARM_JUMP_SLOT _ZNSt8ios_baseD2Ev|60-224-2-0-22-145-0-0
74412|data|Elf32_Rel <0x2E040, 0x8F16>; R_ARM_JUMP_SLOT __cxa_begin_catch|64-224-2-0-22-143-0-0
74420|data|Elf32_Rel <0x2E044, 0x4516>; R_ARM_JUMP_SLOT EVP_sha1|68-224-2-0-22-69-0-0
74428|data|Elf32_Rel <0x2E048, 0x4F16>; R_ARM_JUMP_SLOT EVP_EncryptFinal_ex|72-224-2-0-22-79-0-0
74436|data|Elf32_Rel <0x2E04C, 0x8A16>; R_ARM_JUMP_SLOT _ZSt4endlIcSt11char_traitsIcEERSt13basic_ostreamIT_T0_ES6_|76-224-2-0-22-138-0-0
74444|data|Elf32_Rel <0x2E050, 0x2A16>; R_ARM_JUMP_SLOT __cxa_allocate_exception|80-224-2-0-22-42-0-0
74452|data|Elf32_Rel <0x2E054, 0x5816>; R_ARM_JUMP_SLOT EVP_DecryptInit_ex|84-224-2-0-22-88-0-0
74460|data|Elf32_Rel <0x2E058, 0x3216>; R_ARM_JUMP_SLOT EVP_MD_CTX_init|88-224-2-0-22-50-0-0
74468|data|Elf32_Rel <0x2E05C, 0x8316>; R_ARM_JUMP_SLOT strerror|92-224-2-0-22-131-0-0
74476|data|Elf32_Rel <0x2E060, 0x8016>; R_ARM_JUMP_SLOT _ZNSsC1ERKSs|96-224-2-0-22-128-0-0
74484|data|Elf32_Rel <0x2E064, 0x4916>; R_ARM_JUMP_SLOT EVP_CIPHER_CTX_iv_length|100-224-2-0-22-73-0-0
74492|data|Elf32_Rel <0x2E068, 0x9916>; R_ARM_JUMP_SLOT _ZNSi7getlineEPcic|104-224-2-0-22-153-0-0
74500|data|Elf32_Rel <0x2E06C, 0x3316>; R_ARM_JUMP_SLOT memset|108-224-2-0-22-51-0-0
74508|data|Elf32_Rel <0x2E070, 0x3816>; R_ARM_JUMP_SLOT _ZNSo9_M_insertImEERSoT_|112-224-2-0-22-56-0-0
74516|data|Elf32_Rel <0x2E074, 0x7216>; R_ARM_JUMP_SLOT _ZNSo5flushEv|116-224-2-0-22-114-0-0
74524|data|Elf32_Rel <0x2E078, 0x7916>; R_ARM_JUMP_SLOT _ZNSt13runtime_errorC1ERKSs|120-224-2-0-22-121-0-0
74532|data|Elf32_Rel <0x2E07C, 0x4C16>; R_ARM_JUMP_SLOT EVP_EncryptUpdate|124-224-2-0-22-76-0-0
74540|data|Elf32_Rel <0x2E080, 0x4A16>; R_ARM_JUMP_SLOT __cxa_free_exception|128-224-2-0-22-74-0-0
74548|data|Elf32_Rel <0x2E084, 0x8E16>; R_ARM_JUMP_SLOT EVP_DigestUpdate|132-224-2-0-22-142-0-0
74556|data|Elf32_Rel <0x2E088, 0x9416>; R_ARM_JUMP_SLOT _ZNSs7reserveEj|136-224-2-0-22-148-0-0
74564|data|Elf32_Rel <0x2E08C, 0x2016>; R_ARM_JUMP_SLOT close|140-224-2-0-22-32-0-0
74572|data|Elf32_Rel <0x2E090, 0x6516>; R_ARM_JUMP_SLOT read|144-224-2-0-22-101-0-0
74580|data|Elf32_Rel <0x2E094, 0x5516>; R_ARM_JUMP_SLOT _ZNSs4_Rep10_M_destroyERKSaIcE|148-224-2-0-22-85-0-0
74588|data|Elf32_Rel <0x2E098, 0xE16>; R_ARM_JUMP_SLOT abort|152-224-2-0-22-14-0-0
74596|data|Elf32_Rel <0x2E09C, 0x5316>; R_ARM_JUMP_SLOT EVP_CIPHER_CTX_init|156-224-2-0-22-83-0-0
74604|data|Elf32_Rel <0x2E0A0, 0x1416>; R_ARM_JUMP_SLOT _ZNSt13basic_filebufIcSt11char_traitsIcEE4openEPKcSt13_Ios_Openmode|160-224-2-0-22-20-0-0
74612|data|Elf32_Rel <0x2E0A4, 0x2416>; R_ARM_JUMP_SLOT EVP_CIPHER_CTX_key_length|164-224-2-0-22-36-0-0
74620|data|Elf32_Rel <0x2E0A8, 0x2516>; R_ARM_JUMP_SLOT _ZNSsC1ERKSsjj|168-224-2-0-22-37-0-0
74628|data|Elf32_Rel <0x2E0AC, 0x2616>; R_ARM_JUMP_SLOT _ZdlPv|172-224-2-0-22-38-0-0
74636|data|Elf32_Rel <0x2E0B0, 0x7316>; R_ARM_JUMP_SLOT _ZStlsISt11char_traitsIcEERSt13basic_ostreamIcT_ES5_PKc|176-224-2-0-22-115-0-0
74644|data|Elf32_Rel <0x2E0B4, 0x3716>; R_ARM_JUMP_SLOT _ZNKSs4findEPKcjj|180-224-2-0-22-55-0-0
74652|data|Elf32_Rel <0x2E0B8, 0x2C16>; R_ARM_JUMP_SLOT getopt|184-224-2-0-22-44-0-0
74660|data|Elf32_Rel <0x2E0BC, 0x7C16>; R_ARM_JUMP_SLOT _ZNSt13runtime_errorD1Ev|188-224-2-0-22-124-0-0
74668|data|Elf32_Rel <0x2E0C0, 0x2D16>; R_ARM_JUMP_SLOT open|192-224-2-0-22-45-0-0
74676|data|Elf32_Rel <0x2E0C4, 0x4216>; R_ARM_JUMP_SLOT _ZNSt13basic_filebufIcSt11char_traitsIcEEC1Ev|196-224-2-0-22-66-0-0
74684|data|Elf32_Rel <0x2E0C8, 0x2216>; R_ARM_JUMP_SLOT fchmod|200-224-2-0-22-34-0-0
74692|data|Elf32_Rel <0x2E0CC, 0x7116>; R_ARM_JUMP_SLOT tcsetattr|204-224-2-0-22-113-0-0
74700|data|Elf32_Rel <0x2E0D0, 0x7616>; R_ARM_JUMP_SLOT EVP_DecryptUpdate|208-224-2-0-22-118-0-0
74708|data|Elf32_Rel <0x2E0D4, 0x7516>; R_ARM_JUMP_SLOT _ZNSs6appendERKSs|212-224-2-0-22-117-0-0
74716|data|Elf32_Rel <0x2E0D8, 0x8716>; R_ARM_JUMP_SLOT EVP_ripemd160|216-224-2-0-22-135-0-0
74724|data|Elf32_Rel <0x2E0DC, 0x4716>; R_ARM_JUMP_SLOT __stack_chk_fail|220-224-2-0-22-71-0-0
74732|data|Elf32_Rel <0x2E0E0, 0x7016>; R_ARM_JUMP_SLOT __cxa_end_cleanup|224-224-2-0-22-112-0-0
74740|data|Elf32_Rel <0x2E0E4, 0x1116>; R_ARM_JUMP_SLOT _ZNSs6appendEPKcj|228-224-2-0-22-17-0-0
74748|data|Elf32_Rel <0x2E0E8, 0x6616>; R_ARM_JUMP_SLOT _ZNSsC1EPKcRKSaIcE|232-224-2-0-22-102-0-0
74756|data|Elf32_Rel <0x2E0EC, 0x6816>; R_ARM_JUMP_SLOT _ZNKSt5ctypeIcE13_M_widen_initEv|236-224-2-0-22-104-0-0
74764|data|Elf32_Rel <0x2E0F0, 0x8116>; R_ARM_JUMP_SLOT access|240-224-2-0-22-129-0-0
74772|data|Elf32_Rel <0x2E0F4, 0x7A16>; R_ARM_JUMP_SLOT EVP_CIPHER_CTX_cleanup|244-224-2-0-22-122-0-0
74780|data|Elf32_Rel <0x2E0F8, 0x5616>; R_ARM_JUMP_SLOT _ZSt16__throw_bad_castv|248-224-2-0-22-86-0-0
74788|data|Elf32_Rel <0x2E0FC, 0x6916>; R_ARM_JUMP_SLOT EVP_DigestFinal_ex|252-224-2-0-22-105-0-0
74796|data|Elf32_Rel <0x2E100, 0x6C16>; R_ARM_JUMP_SLOT __cxa_call_unexpected|0-225-2-0-22-108-0-0
74804|data|Elf32_Rel <0x2E104, 0x5016>; R_ARM_JUMP_SLOT _ZNSt12out_of_rangeC1ERKSs|4-225-2-0-22-80-0-0
74812|data|Elf32_Rel <0x2E108, 0x1216>; R_ARM_JUMP_SLOT _ZSt16__ostream_insertIcSt11char_traitsIcEERSt13basic_ostreamIT_T0_ES6_PKS3_i|8-225-2-0-22-18-0-0
74820|data|Elf32_Rel <0x2E10C, 0xA16>; R_ARM_JUMP_SLOT _ZNSs6assignERKSs|12-225-2-0-22-10-0-0
74828|data|Elf32_Rel <0x2E110, 0x5C16>; R_ARM_JUMP_SLOT EVP_MD_CTX_cleanup|16-225-2-0-22-92-0-0
74836|data|Elf32_Rel <0x2E114, 0x3C16>; R_ARM_JUMP_SLOT lseek|20-225-2-0-22-60-0-0
74844|data|Elf32_Rel <0x2E118, 0x3F16>; R_ARM_JUMP_SLOT _ZNSt9basic_iosIcSt11char_traitsIcEE4initEPSt15basic_streambufIcS1_E|24-225-2-0-22-63-0-0
74852|data|Elf32_Rel <0x2E11C, 0x2B16>; R_ARM_JUMP_SLOT getuid|28-225-2-0-22-43-0-0
74860|data|Elf32_Rel <0x2E120, 0x7F16>; R_ARM_JUMP_SLOT EVP_DigestInit_ex|32-225-2-0-22-127-0-0
74868|data|Elf32_Rel <0x2E124, 0x4116>; R_ARM_JUMP_SLOT _ZNSt6localeD1Ev|36-225-2-0-22-65-0-0
74876|data|Elf32_Rel <0x2E128, 0x7D16>; R_ARM_JUMP_SLOT _ZNSs6assignEPKc|40-225-2-0-22-125-0-0
74884|data|Elf32_Rel <0x2E12C, 0x6D16>; R_ARM_JUMP_SLOT __fxstat|44-225-2-0-22-109-0-0
74892|data|Elf32_Rel <0x2E130, 0x1316>; R_ARM_JUMP_SLOT EVP_CIPHER_CTX_set_key_length|48-225-2-0-22-19-0-0
74900|data|Elf32_Rel <0x2E134, 0x3616>; R_ARM_JUMP_SLOT __cxa_rethrow|52-225-2-0-22-54-0-0
74908|data|Elf32_Rel <0x2E138, 0xD16>; R_ARM_JUMP_SLOT memcpy|56-225-2-0-22-13-0-0
74916|data|Elf32_Rel <0x2E13C, 0x7716>; R_ARM_JUMP_SLOT malloc|60-225-2-0-22-119-0-0
74924|data|Elf32_Rel <0x2E140, 0x9616>; R_ARM_JUMP_SLOT _ZSt24__throw_out_of_range_fmtPKcz|64-225-2-0-22-150-0-0
74932|data|Elf32_Rel <0x2E144, 0x8816>; R_ARM_JUMP_SLOT strlen|68-225-2-0-22-136-0-0
74940|data|Elf32_Rel <0x2E148, 0x1D16>; R_ARM_JUMP_SLOT EVP_md5|72-225-2-0-22-29-0-0
74948|data|Elf32_Rel <0x2E14C, 0x6416>; R_ARM_JUMP_SLOT __snprintf_chk|76-225-2-0-22-100-0-0
74956|data|Elf32_Rel <0x2E150, 0xF16>; R_ARM_JUMP_SLOT _ZNSt8ios_base4InitC1Ev|80-225-2-0-22-15-0-0
74964|data|Elf32_Rel <0x2E154, 0x5D16>; R_ARM_JUMP_SLOT EVP_EncryptInit_ex|84-225-2-0-22-93-0-0
74972|data|Elf32_Rel <0x2E158, 0x6A16>; R_ARM_JUMP_SLOT _ZNSt13basic_filebufIcSt11char_traitsIcEED1Ev|88-225-2-0-22-106-0-0
74980|data|Elf32_Rel <0x2E15C, 0x8B16>; R_ARM_JUMP_SLOT _ZNSsD1Ev|92-225-2-0-22-139-0-0
74988|data|Elf32_Rel <0x2E160, 0x1A16>; R_ARM_JUMP_SLOT write|96-225-2-0-22-26-0-0
74996|data|Elf32_Rel <0x2E164, 0x8916>; R_ARM_JUMP_SLOT __cxa_end_catch|100-225-2-0-22-137-0-0
75004|data|Elf32_Rel <0x2E168, 0x8C16>; R_ARM_JUMP_SLOT __gxx_personality_v0|104-225-2-0-22-140-0-0
75012|data|Elf32_Rel <0x2E16C, 0x6116>; R_ARM_JUMP_SLOT EVP_CipherInit_ex|108-225-2-0-22-97-0-0
75020|data|Elf32_Rel <0x2E170, 0x1516>; R_ARM_JUMP_SLOT strcmp|112-225-2-0-22-21-0-0
75028|data|Elf32_Rel <0x2E174, 0xB16>; R_ARM_JUMP_SLOT _ZNSt9basic_iosIcSt11char_traitsIcEE5clearESt12_Ios_Iostate|116-225-2-0-22-11-0-0
75036|data|Elf32_Rel <0x2E178, 0x5E16>; R_ARM_JUMP_SLOT time|120-225-2-0-22-94-0-0
75044|data|Elf32_Rel <0x2E17C, 0x2816>; R_ARM_JUMP_SLOT __cxa_throw|124-225-2-0-22-40-0-0
75052|data|Elf32_Rel <0x2E180, 0xC16>; R_ARM_JUMP_SLOT tcgetattr|128-225-2-0-22-12-0-0
75060|data|Elf32_Rel <0x2E184, 0x4B16>; R_ARM_JUMP_SLOT __errno_location|132-225-2-0-22-75-0-0
75068|data|Elf32_Rel <0x2E188, 0x3516>; R_ARM_JUMP_SLOT strncpy|136-225-2-0-22-53-0-0
75076|data|Elf32_Rel <0x2E18C, 0x1016>; R_ARM_JUMP_SLOT EVP_bf_cbc|140-225-2-0-22-16-0-0
75084|data|Elf32_Rel <0x2E190, 0x2E16>; R_ARM_JUMP_SLOT memcmp|144-225-2-0-22-46-0-0
75092|data|Elf32_Rel <0x2E194, 0x3B16>; R_ARM_JUMP_SLOT __xpg_basename|148-225-2-0-22-59-0-0
75100|data|Elf32_Rel <0x2E198, 0x4316>; R_ARM_JUMP_SLOT _ZNSt9exceptionD2Ev|152-225-2-0-22-67-0-0
75108|data|Elf32_Rel <0x2E19C, 0x8616>; R_ARM_JUMP_SLOT _ZNSt12__basic_fileIcED1Ev|156-225-2-0-22-134-0-0
75116|data|Elf32_Rel <0x2E1A0, 0x8216>; R_ARM_JUMP_SLOT _ZNSs9_M_mutateEjjj|160-225-2-0-22-130-0-0
75124|data|Elf32_Rel <0x2E1A4, 0x9216>; R_ARM_JUMP_SLOT __libc_start_main|164-225-2-0-22-146-0-0
75132|data|Elf32_Rel <0x2E1A8, 0x9016>; R_ARM_JUMP_SLOT dup|168-225-2-0-22-144-0-0
75140|data|Elf32_Rel <0x2E1AC, 0x716>; R_ARM_JUMP_SLOT __gmon_start__|172-225-2-0-22-7-0-0
75148|data|Elf32_Rel <0x2E1B0, 0x6F16>; R_ARM_JUMP_SLOT dgettext|176-225-2-0-22-111-0-0
75156|data|Elf32_Rel <0x2E1B4, 0x1E16>; R_ARM_JUMP_SLOT rename|180-225-2-0-22-30-0-0
75164|data|Elf32_Rel <0x2E1B8, 0x4416>; R_ARM_JUMP_SLOT _ZNSt8ios_base4InitD1Ev|184-225-2-0-22-68-0-0
75172|code|PUSH            {R3,LR}|8-64-45-233
75176|code|BL              sub_1340C|151-3-0-235
75180|code|POP             {R3,PC}|8-128-189-232
75184|code|PUSH            {LR}|4-224-45-229
75188|code|LDR             LR, =(_GLOBAL_OFFSET_TABLE_ - 0x125C0)|4-224-159-229
75192|code|ADD             LR, PC, LR; _GLOBAL_OFFSET_TABLE_|14-224-143-224
75196|code|LDR             PC, [LR,#8]!|8-240-190-229
75200|data|DCD _GLOBAL_OFFSET_TABLE_ - 0x125C0|64-186-1-0
75204|code|ADR             R12, 0x125CC|0-198-143-226
75208|code|ADD             R12, R12, #0x1B000|27-202-140-226
75212|code|LDR             PC, [R12,#(_ZNSo3putEc_ptr - 0x2D5CC)]!; std::ostream::put(char)|64-250-188-229
75216|code|ADR             R12, 0x125D8|0-198-143-226
75220|code|ADD             R12, R12, #0x1B000|27-202-140-226
75224|code|LDR             PC, [R12,#(_Znwj_ptr - 0x2D5D8)]!; operator new(uint)|56-250-188-229
75228|code|ADR             R12, 0x125E4|0-198-143-226
75232|code|ADD             R12, R12, #0x1B000|27-202-140-226
75236|code|LDR             PC, [R12,#(_ZNSt8__detail15_List_node_base7_M_hookEPS0__ptr - 0x2D5E4)]!; std::__detail::_List_node_base::_M_hook(std::__detail::_List_node_base*)|48-250-188-229
75240|code|ADR             R12, 0x125F0|0-198-143-226
75244|code|ADD             R12, R12, #0x1B000|27-202-140-226
75248|code|LDR             PC, [R12,#(fchown_ptr - 0x2D5F0)]!; __imp_fchown|40-250-188-229
75252|code|ADR             R12, 0x125FC|0-198-143-226
75256|code|ADD             R12, R12, #0x1B000|27-202-140-226
75260|code|LDR             PC, [R12,#(EVP_DecryptFinal_ex_ptr - 0x2D5FC)]!; __imp_EVP_DecryptFinal_ex|32-250-188-229
75264|code|BX              PC|120-71
75266|data|ALIGN 4|192-70
75268|code|ADR             R12, 0x1260C|0-198-143-226
75272|code|ADD             R12, R12, #0x1B000|27-202-140-226
75276|code|LDR             PC, [R12,#(__aeabi_atexit_ptr - 0x2D60C)]!; __imp___aeabi_atexit|20-250-188-229
75280|code|ADR             R12, 0x12618|0-198-143-226
75284|code|ADD             R12, R12, #0x1B000|27-202-140-226
75288|code|LDR             PC, [R12,#(_ZNSs12_M_leak_hardEv_ptr - 0x2D618)]!; std::string::_M_leak_hard(void)|12-250-188-229
75292|code|ADR             R12, 0x12624|0-198-143-226
75296|code|ADD             R12, R12, #0x1B000|27-202-140-226
75300|code|LDR             PC, [R12,#(_ZNSt13basic_filebufIcSt11char_traitsIcEE5closeEv_ptr - 0x2D624)]!; std::basic_filebuf<char,std::char_traits<char>>::close(void)|4-250-188-229
75304|code|ADR             R12, 0x12630|0-198-143-226
75308|code|ADD             R12, R12, #0x1B000|27-202-140-226
75312|code|LDR             PC, [R12,#(_ZNSt14basic_ifstreamIcSt11char_traitsIcEED1Ev_ptr - 0x2D630)]!; std::basic_ifstream<char,std::char_traits<char>>::~basic_ifstream()|252-249-188-229
75316|code|BX              PC|120-71
75318|data|ALIGN 4|192-70
75320|code|ADR             R12, 0x12640|0-198-143-226
75324|code|ADD             R12, R12, #0x1B000|27-202-140-226
75328|code|LDR             PC, [R12,#(free_ptr - 0x2D640)]!; __imp_free|240-249-188-229
75332|code|ADR             R12, 0x1264C|0-198-143-226
75336|code|ADD             R12, R12, #0x1B000|27-202-140-226
75340|code|LDR             PC, [R12,#(_ZNSt8ios_baseC2Ev_ptr - 0x2D64C)]!; std::ios_base::ios_base(void)|232-249-188-229
75344|code|ADR             R12, 0x12658|0-198-143-226
75348|code|ADD             R12, R12, #0x1B000|27-202-140-226
75352|code|LDR             PC, [R12,#(_ZSt7getlineIcSt11char_traitsIcESaIcEERSt13basic_istreamIT_T0_ES7_RSbIS4_S5_T1_E_ptr - 0x2D658)]!; std::getline<char,std::char_traits<char>,std::allocator<char>>(std::basic_istream<char,std::char_traits<char>> &,std::basic_string<char,std::char_traits<char>,std::allocator<char>> &)|224-249-188-229
75356|code|ADR             R12, 0x12664|0-198-143-226
75360|code|ADD             R12, R12, #0x1B000|27-202-140-226
75364|code|LDR             PC, [R12,#(_ZNSt8ios_baseD2Ev_ptr - 0x2D664)]!; std::ios_base::~ios_base()|216-249-188-229
75368|code|ADR             R12, 0x12670|0-198-143-226
75372|code|ADD             R12, R12, #0x1B000|27-202-140-226
75376|code|LDR             PC, [R12,#(__cxa_begin_catch_ptr - 0x2D670)]!; __imp___cxa_begin_catch|208-249-188-229
75380|code|ADR             R12, 0x1267C|0-198-143-226
75384|code|ADD             R12, R12, #0x1B000|27-202-140-226
75388|code|LDR             PC, [R12,#(EVP_sha1_ptr - 0x2D67C)]!; __imp_EVP_sha1|200-249-188-229
75392|code|ADR             R12, 0x12688|0-198-143-226
75396|code|ADD             R12, R12, #0x1B000|27-202-140-226
75400|code|LDR             PC, [R12,#(EVP_EncryptFinal_ex_ptr - 0x2D688)]!; __imp_EVP_EncryptFinal_ex|192-249-188-229
75404|code|ADR             R12, 0x12694|0-198-143-226
75408|code|ADD             R12, R12, #0x1B000|27-202-140-226
75412|code|LDR             PC, [R12,#(_ZSt4endlIcSt11char_traitsIcEERSt13basic_ostreamIT_T0_ES6__ptr - 0x2D694)]!; std::endl<char,std::char_traits<char>>(std::basic_ostream<char,std::char_traits<char>> &)|184-249-188-229
75416|code|ADR             R12, 0x126A0|0-198-143-226
75420|code|ADD             R12, R12, #0x1B000|27-202-140-226
75424|code|LDR             PC, [R12,#(__cxa_allocate_exception_ptr - 0x2D6A0)]!; __imp___cxa_allocate_exception|176-249-188-229
75428|code|ADR             R12, 0x126AC|0-198-143-226
75432|code|ADD             R12, R12, #0x1B000|27-202-140-226
75436|code|LDR             PC, [R12,#(EVP_DecryptInit_ex_ptr - 0x2D6AC)]!; __imp_EVP_DecryptInit_ex|168-249-188-229
75440|code|ADR             R12, 0x126B8|0-198-143-226
75444|code|ADD             R12, R12, #0x1B000|27-202-140-226
75448|code|LDR             PC, [R12,#(EVP_MD_CTX_init_ptr - 0x2D6B8)]!; __imp_EVP_MD_CTX_init|160-249-188-229
75452|code|ADR             R12, 0x126C4|0-198-143-226
75456|code|ADD             R12, R12, #0x1B000|27-202-140-226
75460|code|LDR             PC, [R12,#(strerror_ptr - 0x2D6C4)]!; __imp_strerror|152-249-188-229
75464|code|ADR             R12, 0x126D0|0-198-143-226
75468|code|ADD             R12, R12, #0x1B000|27-202-140-226
75472|code|LDR             PC, [R12,#(_ZNSsC1ERKSs_ptr - 0x2D6D0)]!; std::string::string(std::string const&)|144-249-188-229
75476|code|ADR             R12, 0x126DC|0-198-143-226
75480|code|ADD             R12, R12, #0x1B000|27-202-140-226
75484|code|LDR             PC, [R12,#(EVP_CIPHER_CTX_iv_length_ptr - 0x2D6DC)]!; __imp_EVP_CIPHER_CTX_iv_length|136-249-188-229
75488|code|ADR             R12, 0x126E8|0-198-143-226
75492|code|ADD             R12, R12, #0x1B000|27-202-140-226
75496|code|LDR             PC, [R12,#(_ZNSi7getlineEPcic_ptr - 0x2D6E8)]!; std::istream::getline(char *,int,char)|128-249-188-229
75500|code|ADR             R12, 0x126F4|0-198-143-226
75504|code|ADD             R12, R12, #0x1B000|27-202-140-226
75508|code|LDR             PC, [R12,#(memset_ptr - 0x2D6F4)]!; __imp_memset|120-249-188-229
75512|code|ADR             R12, 0x12700|0-198-143-226
75516|code|ADD             R12, R12, #0x1B000|27-202-140-226
75520|code|LDR             PC, [R12,#(_ZNSo9_M_insertImEERSoT__ptr - 0x2D700)]!; std::ostream::_M_insert<ulong>(ulong)|112-249-188-229
75524|code|BX              PC; std::ostream::flush(void)|120-71
75526|data|ALIGN 4|192-70
75528|code|ADR             R12, 0x12710|0-198-143-226
75532|code|ADD             R12, R12, #0x1B000|27-202-140-226
75536|code|LDR             PC, [R12,#(_ZNSo5flushEv_ptr - 0x2D710)]!; std::ostream::flush(void)|100-249-188-229
75540|code|ADR             R12, 0x1271C|0-198-143-226
75544|code|ADD             R12, R12, #0x1B000|27-202-140-226
75548|code|LDR             PC, [R12,#(_ZNSt13runtime_errorC1ERKSs_ptr - 0x2D71C)]!; std::runtime_error::runtime_error(std::string const&)|92-249-188-229
75552|code|ADR             R12, 0x12728|0-198-143-226
75556|code|ADD             R12, R12, #0x1B000|27-202-140-226
75560|code|LDR             PC, [R12,#(EVP_EncryptUpdate_ptr - 0x2D728)]!; __imp_EVP_EncryptUpdate|84-249-188-229
75564|code|ADR             R12, 0x12734|0-198-143-226
75568|code|ADD             R12, R12, #0x1B000|27-202-140-226
75572|code|LDR             PC, [R12,#(__cxa_free_exception_ptr - 0x2D734)]!; __imp___cxa_free_exception|76-249-188-229
75576|code|ADR             R12, 0x12740|0-198-143-226
75580|code|ADD             R12, R12, #0x1B000|27-202-140-226
75584|code|LDR             PC, [R12,#(EVP_DigestUpdate_ptr - 0x2D740)]!; __imp_EVP_DigestUpdate|68-249-188-229
75588|code|ADR             R12, 0x1274C|0-198-143-226
75592|code|ADD             R12, R12, #0x1B000|27-202-140-226
75596|code|LDR             PC, [R12,#(_ZNSs7reserveEj_ptr - 0x2D74C)]!; std::string::reserve(uint)|60-249-188-229
75600|code|ADR             R12, 0x12758|0-198-143-226
75604|code|ADD             R12, R12, #0x1B000|27-202-140-226
75608|code|LDR             PC, [R12,#(close_ptr - 0x2D758)]!; __imp_close|52-249-188-229
75612|code|ADR             R12, 0x12764|0-198-143-226
75616|code|ADD             R12, R12, #0x1B000|27-202-140-226
75620|code|LDR             PC, [R12,#(read_ptr - 0x2D764)]!; __imp_read|44-249-188-229
75624|code|BX              PC; std::string::_Rep::_M_destroy(std::allocator<char> const&)|120-71
75626|data|ALIGN 4|192-70
75628|code|ADR             R12, 0x12774|0-198-143-226
75632|code|ADD             R12, R12, #0x1B000|27-202-140-226
75636|code|LDR             PC, [R12,#(_ZNSs4_Rep10_M_destroyERKSaIcE_ptr - 0x2D774)]!; std::string::_Rep::_M_destroy(std::allocator<char> const&)|32-249-188-229
75640|code|ADR             R12, 0x12780|0-198-143-226
75644|code|ADD             R12, R12, #0x1B000|27-202-140-226
75648|code|LDR             PC, [R12,#(abort_ptr - 0x2D780)]!; __imp_abort|24-249-188-229
75652|code|ADR             R12, 0x1278C|0-198-143-226
75656|code|ADD             R12, R12, #0x1B000|27-202-140-226
75660|code|LDR             PC, [R12,#(EVP_CIPHER_CTX_init_ptr - 0x2D78C)]!; __imp_EVP_CIPHER_CTX_init|16-249-188-229
75664|code|ADR             R12, 0x12798|0-198-143-226
75668|code|ADD             R12, R12, #0x1B000|27-202-140-226
75672|code|LDR             PC, [R12,#(_ZNSt13basic_filebufIcSt11char_traitsIcEE4openEPKcSt13_Ios_Openmode_ptr - 0x2D798)]!; std::basic_filebuf<char,std::char_traits<char>>::open(char const*,std::_Ios_Openmode)|8-249-188-229
75676|code|ADR             R12, 0x127A4|0-198-143-226
75680|code|ADD             R12, R12, #0x1B000|27-202-140-226
75684|code|LDR             PC, [R12,#(EVP_CIPHER_CTX_key_length_ptr - 0x2D7A4)]!; __imp_EVP_CIPHER_CTX_key_length|0-249-188-229
75688|code|ADR             R12, 0x127B0|0-198-143-226
75692|code|ADD             R12, R12, #0x1B000|27-202-140-226
75696|code|LDR             PC, [R12,#(_ZNSsC1ERKSsjj_ptr - 0x2D7B0)]!; std::string::string(std::string const&,uint,uint)|248-248-188-229
75700|code|BX              PC; operator delete(void *)|120-71
75702|data|ALIGN 4|192-70
75704|code|ADR             R12, 0x127C0|0-198-143-226
75708|code|ADD             R12, R12, #0x1B000|27-202-140-226
75712|code|LDR             PC, [R12,#(_ZdlPv_ptr - 0x2D7C0)]!; operator delete(void *)|236-248-188-229
75716|code|ADR             R12, 0x127CC|0-198-143-226
75720|code|ADD             R12, R12, #0x1B000|27-202-140-226
75724|code|LDR             PC, [R12,#(_ZStlsISt11char_traitsIcEERSt13basic_ostreamIcT_ES5_PKc_ptr - 0x2D7CC)]!; std::operator<<<std::char_traits<char>>(std::basic_ostream<char,std::char_traits<char>> &,char const*)|228-248-188-229
75728|code|ADR             R12, 0x127D8|0-198-143-226
75732|code|ADD             R12, R12, #0x1B000|27-202-140-226
75736|code|LDR             PC, [R12,#(_ZNKSs4findEPKcjj_ptr - 0x2D7D8)]!; std::string::find(char const*,uint,uint)|220-248-188-229
75740|code|ADR             R12, 0x127E4|0-198-143-226
75744|code|ADD             R12, R12, #0x1B000|27-202-140-226
75748|code|LDR             PC, [R12,#(getopt_ptr - 0x2D7E4)]!; __imp_getopt|212-248-188-229
75752|code|ADR             R12, 0x127F0|0-198-143-226
75756|code|ADD             R12, R12, #0x1B000|27-202-140-226
75760|code|LDR             PC, [R12,#(_ZNSt13runtime_errorD1Ev_ptr - 0x2D7F0)]!; std::runtime_error::~runtime_error()|204-248-188-229
75764|code|ADR             R12, 0x127FC|0-198-143-226
75768|code|ADD             R12, R12, #0x1B000|27-202-140-226
75772|code|LDR             PC, [R12,#(open_ptr - 0x2D7FC)]!; __imp_open|196-248-188-229
75776|code|ADR             R12, 0x12808|0-198-143-226
75780|code|ADD             R12, R12, #0x1B000|27-202-140-226
75784|code|LDR             PC, [R12,#(_ZNSt13basic_filebufIcSt11char_traitsIcEEC1Ev_ptr - 0x2D808)]!; std::basic_filebuf<char,std::char_traits<char>>::basic_filebuf(void)|188-248-188-229
75788|code|ADR             R12, 0x12814|0-198-143-226
75792|code|ADD             R12, R12, #0x1B000|27-202-140-226
75796|code|LDR             PC, [R12,#(fchmod_ptr - 0x2D814)]!; __imp_fchmod|180-248-188-229
75800|code|ADR             R12, 0x12820|0-198-143-226
75804|code|ADD             R12, R12, #0x1B000|27-202-140-226
75808|code|LDR             PC, [R12,#(tcsetattr_ptr - 0x2D820)]!; __imp_tcsetattr|172-248-188-229
75812|code|ADR             R12, 0x1282C|0-198-143-226
75816|code|ADD             R12, R12, #0x1B000|27-202-140-226
75820|code|LDR             PC, [R12,#(EVP_DecryptUpdate_ptr - 0x2D82C)]!; __imp_EVP_DecryptUpdate|164-248-188-229
75824|code|ADR             R12, 0x12838|0-198-143-226
75828|code|ADD             R12, R12, #0x1B000|27-202-140-226
75832|code|LDR             PC, [R12,#(_ZNSs6appendERKSs_ptr - 0x2D838)]!; std::string::append(std::string const&)|156-248-188-229
75836|code|ADR             R12, 0x12844|0-198-143-226
75840|code|ADD             R12, R12, #0x1B000|27-202-140-226
75844|code|LDR             PC, [R12,#(EVP_ripemd160_ptr - 0x2D844)]!; __imp_EVP_ripemd160|148-248-188-229
75848|code|ADR             R12, 0x12850|0-198-143-226
75852|code|ADD             R12, R12, #0x1B000|27-202-140-226
75856|code|LDR             PC, [R12,#(__stack_chk_fail_ptr - 0x2D850)]!; __imp___stack_chk_fail|140-248-188-229
75860|code|ADR             R12, 0x1285C|0-198-143-226
75864|code|ADD             R12, R12, #0x1B000|27-202-140-226
75868|code|LDR             PC, [R12,#(__cxa_end_cleanup_ptr - 0x2D85C)]!; __imp___cxa_end_cleanup|132-248-188-229
75872|code|ADR             R12, 0x12868|0-198-143-226
75876|code|ADD             R12, R12, #0x1B000|27-202-140-226
75880|code|LDR             PC, [R12,#(_ZNSs6appendEPKcj_ptr - 0x2D868)]!; std::string::append(char const*,uint)|124-248-188-229
75884|code|ADR             R12, 0x12874|0-198-143-226
75888|code|ADD             R12, R12, #0x1B000|27-202-140-226
75892|code|LDR             PC, [R12,#(_ZNSsC1EPKcRKSaIcE_ptr - 0x2D874)]!; std::string::string(char const*,std::allocator<char> const&)|116-248-188-229
75896|code|ADR             R12, 0x12880|0-198-143-226
75900|code|ADD             R12, R12, #0x1B000|27-202-140-226
75904|code|LDR             PC, [R12,#(_ZNKSt5ctypeIcE13_M_widen_initEv_ptr - 0x2D880)]!; std::ctype<char>::_M_widen_init(void)|108-248-188-229
75908|code|ADR             R12, 0x1288C|0-198-143-226
75912|code|ADD             R12, R12, #0x1B000|27-202-140-226
75916|code|LDR             PC, [R12,#(access_ptr - 0x2D88C)]!; __imp_access|100-248-188-229
75920|code|ADR             R12, 0x12898|0-198-143-226
75924|code|ADD             R12, R12, #0x1B000|27-202-140-226
75928|code|LDR             PC, [R12,#(EVP_CIPHER_CTX_cleanup_ptr - 0x2D898)]!; __imp_EVP_CIPHER_CTX_cleanup|92-248-188-229
75932|code|ADR             R12, 0x128A4|0-198-143-226
75936|code|ADD             R12, R12, #0x1B000|27-202-140-226
75940|code|LDR             PC, [R12,#(_ZSt16__throw_bad_castv_ptr - 0x2D8A4)]!; std::__throw_bad_cast(void)|84-248-188-229
75944|code|ADR             R12, 0x128B0|0-198-143-226
75948|code|ADD             R12, R12, #0x1B000|27-202-140-226
75952|code|LDR             PC, [R12,#(EVP_DigestFinal_ex_ptr - 0x2D8B0)]!; __imp_EVP_DigestFinal_ex|76-248-188-229
75956|code|ADR             R12, 0x128BC|0-198-143-226
75960|code|ADD             R12, R12, #0x1B000|27-202-140-226
75964|code|LDR             PC, [R12,#(__cxa_call_unexpected_ptr - 0x2D8BC)]!; __imp___cxa_call_unexpected|68-248-188-229
75968|code|ADR             R12, 0x128C8|0-198-143-226
75972|code|ADD             R12, R12, #0x1B000|27-202-140-226
75976|code|LDR             PC, [R12,#(_ZNSt12out_of_rangeC1ERKSs_ptr - 0x2D8C8)]!; std::out_of_range::out_of_range(std::string const&)|60-248-188-229
75980|code|ADR             R12, 0x128D4|0-198-143-226
75984|code|ADD             R12, R12, #0x1B000|27-202-140-226
75988|code|LDR             PC, [R12,#(_ZSt16__ostream_insertIcSt11char_traitsIcEERSt13basic_ostreamIT_T0_ES6_PKS3_i_ptr - 0x2D8D4)]!; std::__ostream_insert<char,std::char_traits<char>>(std::basic_ostream<char,std::char_traits<char>> &,char const*,int)|52-248-188-229
75992|code|ADR             R12, 0x128E0|0-198-143-226
75996|code|ADD             R12, R12, #0x1B000|27-202-140-226
76000|code|LDR             PC, [R12,#(_ZNSs6assignERKSs_ptr - 0x2D8E0)]!; std::string::assign(std::string const&)|44-248-188-229
76004|code|ADR             R12, 0x128EC|0-198-143-226
76008|code|ADD             R12, R12, #0x1B000|27-202-140-226
76012|code|LDR             PC, [R12,#(EVP_MD_CTX_cleanup_ptr - 0x2D8EC)]!; __imp_EVP_MD_CTX_cleanup|36-248-188-229
76016|code|ADR             R12, 0x128F8|0-198-143-226
76020|code|ADD             R12, R12, #0x1B000|27-202-140-226
76024|code|LDR             PC, [R12,#(lseek_ptr - 0x2D8F8)]!; __imp_lseek|28-248-188-229
76028|code|ADR             R12, 0x12904|0-198-143-226
76032|code|ADD             R12, R12, #0x1B000|27-202-140-226
76036|code|LDR             PC, [R12,#(_ZNSt9basic_iosIcSt11char_traitsIcEE4initEPSt15basic_streambufIcS1_E_ptr - 0x2D904)]!; std::basic_ios<char,std::char_traits<char>>::init(std::basic_streambuf<char,std::char_traits<char>> *)|20-248-188-229
76040|code|ADR             R12, 0x12910|0-198-143-226
76044|code|ADD             R12, R12, #0x1B000|27-202-140-226
76048|code|LDR             PC, [R12,#(getuid_ptr - 0x2D910)]!; __imp_getuid|12-248-188-229
76052|code|ADR             R12, 0x1291C|0-198-143-226
76056|code|ADD             R12, R12, #0x1B000|27-202-140-226
76060|code|LDR             PC, [R12,#(EVP_DigestInit_ex_ptr - 0x2D91C)]!; __imp_EVP_DigestInit_ex|4-248-188-229
76064|code|ADR             R12, 0x12928|0-198-143-226
76068|code|ADD             R12, R12, #0x1B000|27-202-140-226
76072|code|LDR             PC, [R12,#(_ZNSt6localeD1Ev_ptr - 0x2D928)]!; std::locale::~locale()|252-247-188-229
76076|code|ADR             R12, 0x12934|0-198-143-226
76080|code|ADD             R12, R12, #0x1B000|27-202-140-226
76084|code|LDR             PC, [R12,#(_ZNSs6assignEPKc_ptr - 0x2D934)]!; std::string::assign(char const*)|244-247-188-229
76088|code|ADR             R12, 0x12940|0-198-143-226
76092|code|ADD             R12, R12, #0x1B000|27-202-140-226
76096|code|LDR             PC, [R12,#(__fxstat_ptr - 0x2D940)]!; __imp___fxstat|236-247-188-229
76100|code|ADR             R12, 0x1294C|0-198-143-226
76104|code|ADD             R12, R12, #0x1B000|27-202-140-226
76108|code|LDR             PC, [R12,#(EVP_CIPHER_CTX_set_key_length_ptr - 0x2D94C)]!; __imp_EVP_CIPHER_CTX_set_key_length|228-247-188-229
76112|code|ADR             R12, 0x12958|0-198-143-226
76116|code|ADD             R12, R12, #0x1B000|27-202-140-226
76120|code|LDR             PC, [R12,#(__cxa_rethrow_ptr - 0x2D958)]!; __imp___cxa_rethrow|220-247-188-229
76124|code|ADR             R12, 0x12964|0-198-143-226
76128|code|ADD             R12, R12, #0x1B000|27-202-140-226
76132|code|LDR             PC, [R12,#(memcpy_ptr - 0x2D964)]!; __imp_memcpy|212-247-188-229
76136|code|ADR             R12, 0x12970|0-198-143-226
76140|code|ADD             R12, R12, #0x1B000|27-202-140-226
76144|code|LDR             PC, [R12,#(malloc_ptr - 0x2D970)]!; __imp_malloc|204-247-188-229
76148|code|ADR             R12, 0x1297C|0-198-143-226
76152|code|ADD             R12, R12, #0x1B000|27-202-140-226
76156|code|LDR             PC, [R12,#(_ZSt24__throw_out_of_range_fmtPKcz_ptr - 0x2D97C)]!; std::__throw_out_of_range_fmt(char const*,...)|196-247-188-229
76160|code|ADR             R12, 0x12988|0-198-143-226
76164|code|ADD             R12, R12, #0x1B000|27-202-140-226
76168|code|LDR             PC, [R12,#(strlen_ptr - 0x2D988)]!; __imp_strlen|188-247-188-229
76172|code|ADR             R12, 0x12994|0-198-143-226
76176|code|ADD             R12, R12, #0x1B000|27-202-140-226
76180|code|LDR             PC, [R12,#(EVP_md5_ptr - 0x2D994)]!; __imp_EVP_md5|180-247-188-229
76184|code|ADR             R12, 0x129A0|0-198-143-226
76188|code|ADD             R12, R12, #0x1B000|27-202-140-226
76192|code|LDR             PC, [R12,#(__snprintf_chk_ptr - 0x2D9A0)]!; __imp___snprintf_chk|172-247-188-229
76196|code|ADR             R12, 0x129AC|0-198-143-226
76200|code|ADD             R12, R12, #0x1B000|27-202-140-226
76204|code|LDR             PC, [R12,#(_ZNSt8ios_base4InitC1Ev_ptr - 0x2D9AC)]!; std::ios_base::Init::Init(void)|164-247-188-229
76208|code|ADR             R12, 0x129B8|0-198-143-226
76212|code|ADD             R12, R12, #0x1B000|27-202-140-226
76216|code|LDR             PC, [R12,#(EVP_EncryptInit_ex_ptr - 0x2D9B8)]!; __imp_EVP_EncryptInit_ex|156-247-188-229
76220|code|ADR             R12, 0x129C4|0-198-143-226
76224|code|ADD             R12, R12, #0x1B000|27-202-140-226
76228|code|LDR             PC, [R12,#(_ZNSt13basic_filebufIcSt11char_traitsIcEED1Ev_ptr - 0x2D9C4)]!; std::basic_filebuf<char,std::char_traits<char>>::~basic_filebuf()|148-247-188-229
76232|code|ADR             R12, 0x129D0|0-198-143-226
76236|code|ADD             R12, R12, #0x1B000|27-202-140-226
76240|code|LDR             PC, [R12,#(_ZNSsD1Ev_ptr - 0x2D9D0)]!; std::string::~string()|140-247-188-229
76244|code|ADR             R12, 0x129DC|0-198-143-226
76248|code|ADD             R12, R12, #0x1B000|27-202-140-226
76252|code|LDR             PC, [R12,#(write_ptr - 0x2D9DC)]!; __imp_write|132-247-188-229
76256|code|ADR             R12, 0x129E8|0-198-143-226
76260|code|ADD             R12, R12, #0x1B000|27-202-140-226
76264|code|LDR             PC, [R12,#(__cxa_end_catch_ptr - 0x2D9E8)]!; __imp___cxa_end_catch|124-247-188-229
76268|code|ADR             R12, 0x129F4|0-198-143-226
76272|code|ADD             R12, R12, #0x1B000|27-202-140-226
76276|code|LDR             PC, [R12,#(__gxx_personality_v0_ptr - 0x2D9F4)]!; __imp___gxx_personality_v0|116-247-188-229
76280|code|ADR             R12, 0x12A00|0-198-143-226
76284|code|ADD             R12, R12, #0x1B000|27-202-140-226
76288|code|LDR             PC, [R12,#(EVP_CipherInit_ex_ptr - 0x2DA00)]!; __imp_EVP_CipherInit_ex|108-247-188-229
76292|code|ADR             R12, 0x12A0C|0-198-143-226
76296|code|ADD             R12, R12, #0x1B000|27-202-140-226
76300|code|LDR             PC, [R12,#(strcmp_ptr - 0x2DA0C)]!; __imp_strcmp|100-247-188-229
76304|code|ADR             R12, 0x12A18|0-198-143-226
76308|code|ADD             R12, R12, #0x1B000|27-202-140-226
76312|code|LDR             PC, [R12,#(_ZNSt9basic_iosIcSt11char_traitsIcEE5clearESt12_Ios_Iostate_ptr - 0x2DA18)]!; std::basic_ios<char,std::char_traits<char>>::clear(std::_Ios_Iostate)|92-247-188-229
76316|code|ADR             R12, 0x12A24|0-198-143-226
76320|code|ADD             R12, R12, #0x1B000|27-202-140-226
76324|code|LDR             PC, [R12,#(time_ptr - 0x2DA24)]!; __imp_time|84-247-188-229
76328|code|ADR             R12, 0x12A30|0-198-143-226
76332|code|ADD             R12, R12, #0x1B000|27-202-140-226
76336|code|LDR             PC, [R12,#(__cxa_throw_ptr - 0x2DA30)]!; __imp___cxa_throw|76-247-188-229
76340|code|ADR             R12, 0x12A3C|0-198-143-226
76344|code|ADD             R12, R12, #0x1B000|27-202-140-226
76348|code|LDR             PC, [R12,#(tcgetattr_ptr - 0x2DA3C)]!; __imp_tcgetattr|68-247-188-229
76352|code|ADR             R12, 0x12A48|0-198-143-226
76356|code|ADD             R12, R12, #0x1B000|27-202-140-226
76360|code|LDR             PC, [R12,#(__errno_location_ptr - 0x2DA48)]!; __imp___errno_location|60-247-188-229
76364|code|ADR             R12, 0x12A54|0-198-143-226
76368|code|ADD             R12, R12, #0x1B000|27-202-140-226
76372|code|LDR             PC, [R12,#(strncpy_ptr - 0x2DA54)]!; __imp_strncpy|52-247-188-229
76376|code|ADR             R12, 0x12A60|0-198-143-226
76380|code|ADD             R12, R12, #0x1B000|27-202-140-226
76384|code|LDR             PC, [R12,#(EVP_bf_cbc_ptr - 0x2DA60)]!; __imp_EVP_bf_cbc|44-247-188-229
76388|code|ADR             R12, 0x12A6C|0-198-143-226
76392|code|ADD             R12, R12, #0x1B000|27-202-140-226
76396|code|LDR             PC, [R12,#(memcmp_ptr - 0x2DA6C)]!; __imp_memcmp|36-247-188-229
76400|code|ADR             R12, 0x12A78|0-198-143-226
76404|code|ADD             R12, R12, #0x1B000|27-202-140-226
76408|code|LDR             PC, [R12,#(__xpg_basename_ptr - 0x2DA78)]!; __imp___xpg_basename|28-247-188-229
76412|code|ADR             R12, 0x12A84|0-198-143-226
76416|code|ADD             R12, R12, #0x1B000|27-202-140-226
76420|code|LDR             PC, [R12,#(_ZNSt9exceptionD2Ev_ptr - 0x2DA84)]!; std::exception::~exception()|20-247-188-229
76424|code|ADR             R12, 0x12A90|0-198-143-226
76428|code|ADD             R12, R12, #0x1B000|27-202-140-226
76432|code|LDR             PC, [R12,#(_ZNSt12__basic_fileIcED1Ev_ptr - 0x2DA90)]!; std::__basic_file<char>::~__basic_file()|12-247-188-229
76436|code|ADR             R12, 0x12A9C|0-198-143-226
76440|code|ADD             R12, R12, #0x1B000|27-202-140-226
76444|code|LDR             PC, [R12,#(_ZNSs9_M_mutateEjjj_ptr - 0x2DA9C)]!; std::string::_M_mutate(uint,uint,uint)|4-247-188-229
76448|code|ADR             R12, 0x12AA8|0-198-143-226
76452|code|ADD             R12, R12, #0x1B000|27-202-140-226
76456|code|LDR             PC, [R12,#(__libc_start_main_ptr - 0x2DAA8)]!; __imp___libc_start_main|252-246-188-229
76460|code|ADR             R12, 0x12AB4|0-198-143-226
76464|code|ADD             R12, R12, #0x1B000|27-202-140-226
76468|code|LDR             PC, [R12,#(dup_ptr - 0x2DAB4)]!; __imp_dup|244-246-188-229
76472|code|ADR             R12, 0x12AC0|0-198-143-226
76476|code|ADD             R12, R12, #0x1B000|27-202-140-226
76480|code|LDR             PC, [R12,#(__gmon_start___ptr - 0x2DAC0)]!; __imp___gmon_start__|236-246-188-229
76484|code|ADR             R12, 0x12ACC|0-198-143-226
76488|code|ADD             R12, R12, #0x1B000|27-202-140-226
76492|code|LDR             PC, [R12,#(dgettext_ptr - 0x2DACC)]!; __imp_dgettext|228-246-188-229
76496|code|ADR             R12, 0x12AD8|0-198-143-226
76500|code|ADD             R12, R12, #0x1B000|27-202-140-226
76504|code|LDR             PC, [R12,#(rename_ptr - 0x2DAD8)]!; __imp_rename|220-246-188-229
76508|code|ADR             R12, 0x12AE4|0-198-143-226
76512|code|ADD             R12, R12, #0x1B000|27-202-140-226
76516|code|LDR             PC, [R12,#(_ZNSt8ios_base4InitD1Ev_ptr - 0x2DAE4)]!; std::ios_base::Init::~Init()|212-246-188-229
76520|code|MOV             R3, #0|64-242-0-3-192-242-0-3
76528|code|PUSH            {LR}|0-181
76530|code|CBZ             R3, loc_12B14|123-177
76532|code|ADD.W           R2, R0, #8|0-241-8-2
76536|code|DMB.W           SY|191-243-95-143
76540|code|LDREX.W         R3, [R2]|82-232-0-63
76544|code|ADD.W           LR, R3, #0xFFFFFFFF|3-241-255-62
76548|code|STREX.W         R12, LR, [R2]|66-232-0-236
76552|code|CMP.W           R12, #0|188-241-0-15
76556|code|BNE             loc_12AFC|246-209
76558|code|DMB.W           SY|191-243-95-143
76562|code|B               loc_12B1A|2-224
76564|code|LDR             R3, [R0,#8]|131-104
76566|code|SUBS            R2, R3, #1|90-30
76568|code|STR             R2, [R0,#8]|130-96
76570|code|CMP             R3, #0|0-43
76572|code|BGT             locret_12B26|3-220
76574|code|POP.W           {LR}|93-248-4-235
76578|code|B.W             j__ZNSs4_Rep10_M_destroyERKSaIcE; std::string::_Rep::_M_destroy(std::allocator<char> const&)|255-247-33-190
76582|code|POP.W           {PC}|93-248-4-251
76586|data|ALIGN 4|0-191
76588|code|LDR             R3, =(_GLOBAL_OFFSET_TABLE_ - 0x12B34)|16-75
76590|code|LDR             R2, =(__pthread_key_create_ptr - 0x2E000)|17-74
76592|code|ADD             R3, PC; _GLOBAL_OFFSET_TABLE_|123-68
76594|code|PUSH            {LR}|0-181
76596|code|LDR             R3, [R3,R2]; __pthread_key_create|155-88
76598|code|CBZ             R3, loc_12B58|123-177
76600|code|ADD.W           R2, R0, #8|0-241-8-2
76604|code|DMB.W           SY|191-243-95-143
76608|code|LDREX.W         R3, [R2]|82-232-0-63
76612|code|ADD.W           LR, R3, #0xFFFFFFFF|3-241-255-62
76616|code|STREX.W         R12, LR, [R2]|66-232-0-236
76620|code|CMP.W           R12, #0|188-241-0-15
76624|code|BNE             loc_12B40|246-209
76626|code|DMB.W           SY|191-243-95-143
76630|code|B               loc_12B5E|2-224
76632|code|LDR             R3, [R0,#8]|131-104
76634|code|SUBS            R2, R3, #1|90-30
76636|code|STR             R2, [R0,#8]|130-96
76638|code|CMP             R3, #0|0-43
76640|code|BGT             locret_12B6A|3-220
76642|code|POP.W           {LR}|93-248-4-235
76646|code|B.W             j__ZNSs4_Rep10_M_destroyERKSaIcE; std::string::_Rep::_M_destroy(std::allocator<char> const&)|255-247-255-189
76650|code|POP.W           {PC}|93-248-4-251
76654|data|ALIGN 0x10|0-191
76656|data|DCD _GLOBAL_OFFSET_TABLE_ - 0x12B34|204-180-1-0
76660|data|DCD __pthread_key_create_ptr - 0x2E000|236-1-0-0
76664|code|LDR             R3, =(_GLOBAL_OFFSET_TABLE_ - 0x12B80)|16-75
76666|code|LDR             R2, =(__pthread_key_create_ptr - 0x2E000)|17-74
76668|code|ADD             R3, PC; _GLOBAL_OFFSET_TABLE_|123-68
76670|code|PUSH            {LR}|0-181
76672|code|LDR             R3, [R3,R2]; __pthread_key_create|155-88
76674|code|CBZ             R3, loc_12BA4|123-177
76676|code|ADD.W           R2, R0, #8|0-241-8-2
76680|code|DMB.W           SY|191-243-95-143
76684|code|LDREX.W         R3, [R2]|82-232-0-63
76688|code|ADD.W           LR, R3, #0xFFFFFFFF|3-241-255-62
76692|code|STREX.W         R12, LR, [R2]|66-232-0-236
76696|code|CMP.W           R12, #0|188-241-0-15
76700|code|BNE             loc_12B8C|246-209
76702|code|DMB.W           SY|191-243-95-143
76706|code|B               loc_12BAA|2-224
76708|code|LDR             R3, [R0,#8]|131-104
76710|code|SUBS            R2, R3, #1|90-30
76712|code|STR             R2, [R0,#8]|130-96
76714|code|CMP             R3, #0|0-43
76716|code|BGT             locret_12BB6|3-220
76718|code|POP.W           {LR}|93-248-4-235
76722|code|B.W             j__ZNSs4_Rep10_M_destroyERKSaIcE; std::string::_Rep::_M_destroy(std::allocator<char> const&)|255-247-217-189
76726|code|POP.W           {PC}|93-248-4-251
76730|data|ALIGN 4|0-191
76732|data|DCD _GLOBAL_OFFSET_TABLE_ - 0x12B80|128-180-1-0
76736|data|DCD __pthread_key_create_ptr - 0x2E000|236-1-0-0
76740|code|LDR             R3, =(_GLOBAL_OFFSET_TABLE_ - 0x12BCC)|16-75
76742|code|LDR             R2, =(__pthread_key_create_ptr - 0x2E000)|17-74
76744|code|ADD             R3, PC; _GLOBAL_OFFSET_TABLE_|123-68
76746|code|PUSH            {LR}|0-181
76748|code|LDR             R3, [R3,R2]; __pthread_key_create|155-88
76750|code|CBZ             R3, loc_12BF0|123-177
76752|code|ADD.W           R2, R0, #8|0-241-8-2
76756|code|DMB.W           SY|191-243-95-143
76760|code|LDREX.W         R3, [R2]|82-232-0-63
76764|code|ADD.W           LR, R3, #0xFFFFFFFF|3-241-255-62
76768|code|STREX.W         R12, LR, [R2]|66-232-0-236
76772|code|CMP.W           R12, #0|188-241-0-15
76776|code|BNE             loc_12BD8|246-209
76778|code|DMB.W           SY|191-243-95-143
76782|code|B               loc_12BF6|2-224
76784|code|LDR             R3, [R0,#8]|131-104
76786|code|SUBS            R2, R3, #1|90-30
76788|code|STR             R2, [R0,#8]|130-96
76790|code|CMP             R3, #0|0-43
76792|code|BGT             locret_12C02|3-220
76794|code|POP.W           {LR}|93-248-4-235
76798|code|B.W             j__ZNSs4_Rep10_M_destroyERKSaIcE; std::string::_Rep::_M_destroy(std::allocator<char> const&)|255-247-179-189
76802|code|POP.W           {PC}|93-248-4-251
76806|data|ALIGN 4|0-191
76808|data|DCD _GLOBAL_OFFSET_TABLE_ - 0x12BCC|52-180-1-0
76812|data|DCD __pthread_key_create_ptr - 0x2E000|236-1-0-0
76816|code|LDR             R3, =(_GLOBAL_OFFSET_TABLE_ - 0x12C18)|16-75
76818|code|LDR             R2, =(__pthread_key_create_ptr - 0x2E000)|17-74
76820|code|ADD             R3, PC; _GLOBAL_OFFSET_TABLE_|123-68
76822|code|PUSH            {LR}|0-181
76824|code|LDR             R3, [R3,R2]; __pthread_key_create|155-88
76826|code|CBZ             R3, loc_12C3C|123-177
76828|code|ADD.W           R2, R0, #8|0-241-8-2
76832|code|DMB.W           SY|191-243-95-143
76836|code|LDREX.W         R3, [R2]|82-232-0-63
76840|code|ADD.W           LR, R3, #0xFFFFFFFF|3-241-255-62
76844|code|STREX.W         R12, LR, [R2]|66-232-0-236
76848|code|CMP.W           R12, #0|188-241-0-15
76852|code|BNE             loc_12C24|246-209
76854|code|DMB.W           SY|191-243-95-143
76858|code|B               loc_12C42|2-224
76860|code|LDR             R3, [R0,#8]|131-104
76862|code|SUBS            R2, R3, #1|90-30
76864|code|STR             R2, [R0,#8]|130-96
76866|code|CMP             R3, #0|0-43
76868|code|BGT             locret_12C4E|3-220
76870|code|POP.W           {LR}|93-248-4-235
76874|code|B.W             j__ZNSs4_Rep10_M_destroyERKSaIcE; std::string::_Rep::_M_destroy(std::allocator<char> const&)|255-247-141-189
76878|code|POP.W           {PC}|93-248-4-251
76882|data|ALIGN 4|0-191
76884|data|DCD _GLOBAL_OFFSET_TABLE_ - 0x12C18|232-179-1-0
76888|data|DCD __pthread_key_create_ptr - 0x2E000|236-1-0-0
76892|code|LDR             R3, =(_GLOBAL_OFFSET_TABLE_ - 0x12C64)|16-75
76894|code|LDR             R2, =(__pthread_key_create_ptr - 0x2E000)|17-74
76896|code|ADD             R3, PC; _GLOBAL_OFFSET_TABLE_|123-68
76898|code|PUSH            {LR}|0-181
76900|code|LDR             R3, [R3,R2]; __pthread_key_create|155-88
76902|code|CBZ             R3, loc_12C88|123-177
76904|code|ADD.W           R2, R0, #8|0-241-8-2
76908|code|DMB.W           SY|191-243-95-143
76912|code|LDREX.W         R3, [R2]|82-232-0-63
76916|code|ADD.W           LR, R3, #0xFFFFFFFF|3-241-255-62
76920|code|STREX.W         R12, LR, [R2]|66-232-0-236
76924|code|CMP.W           R12, #0|188-241-0-15
76928|code|BNE             loc_12C70|246-209
76930|code|DMB.W           SY|191-243-95-143
76934|code|B               loc_12C8E|2-224
76936|code|LDR             R3, [R0,#8]|131-104
76938|code|SUBS            R2, R3, #1|90-30
76940|code|STR             R2, [R0,#8]|130-96
76942|code|CMP             R3, #0|0-43
76944|code|BGT             locret_12C9A|3-220
76946|code|POP.W           {LR}|93-248-4-235
76950|code|B.W             j__ZNSs4_Rep10_M_destroyERKSaIcE; std::string::_Rep::_M_destroy(std::allocator<char> const&)|255-247-103-189
76954|code|POP.W           {PC}|93-248-4-251
76958|data|ALIGN 0x10|0-191
76960|data|DCD _GLOBAL_OFFSET_TABLE_ - 0x12C64|156-179-1-0
76964|data|DCD __pthread_key_create_ptr - 0x2E000|236-1-0-0
76968|code|PUSH.W          {R4-R11,LR}|45-233-240-79
76972|code|MOV             R4, #0x2E250|78-242-80-36-192-242-2-4
76980|code|LDR             R7, =0x2E24C|225-79
76982|code|LDR             R3, [R4]|35-104
76984|code|SUBW            SP, SP, #0x444|173-242-68-77
76988|code|MOV.W           R9, #0|79-240-0-9
76992|code|MOVW            R6, #0xE2CC|78-242-204-38
76996|code|MOV             R5, R0|5-70
76998|code|MOV             R8, R1|136-70
77000|code|MOV             R10, R9|202-70
77002|code|MOVT.W          R6, #2|192-242-2-6
77006|code|MOV.W           R11, #0x2C ; ','|79-240-44-11
77010|code|STR.W           R3, [SP,#0x468+var_2C]|205-248-60-52
77014|code|STR             R7, [SP,#0x468+var_454]|5-151
77016|code|STR             R7, [SP,#0x468+name]|6-151
77018|code|MOVW            R2, #0xB9D0; jumptable 00012CF8 default case, cases 1-4,6-27,29-40,42-45,47-53,56|75-246-208-18
77022|code|MOV             R0, R5; argc|40-70
77024|code|MOVT.W          R2, #1; shortopts|192-242-1-2
77028|code|MOV             R1, R8; argv|65-70
77030|code|BLX             getopt|255-247-122-237
77034|code|ADDS            R3, R0, #1|67-28
77036|code|BEQ.W           loc_12EE8|0-240-252-128
77040|code|SUBS            R0, #0x3A ; ':'|58-56
77042|code|CMP             R0, #0x39; switch 58 cases|57-40
77044|code|BHI             def_12CF8; jumptable 00012CF8 default case, cases 1-4,6-27,29-40,42-45,47-53,56|241-216
77046|code|ADR             R3, jpt_12CF8|1-163
77048|code|LDR.W           PC, [R3,R0,LSL#2]; switch jump|83-248-32-240
77052|data|DCD loc_12DEC+1, def_12CF8+1, def_12CF8+1, def_12CF8+1; jump table for switch statement|237-45-1-0-219-44-1-0-219-44-1-0-219-44-1-0-219-44-1-0-87-46-1-0-219-44-1-0-219-44-1-0-219-44-1-0-219-44-1-0-219-44-1-0-219-44-1-0-219-44-1-0-219-44-1-0-219-44-1-0-219-44-1-0-219-44-1-0-219-44-1-0-219-44-1-0-219-44-1-0-219-44-1-0-219-44-1-0-219-44-1-0-219-44-1-0-219-44-1-0-219-44-1-0-219-44-1-0-219-44-1-0-155-46-1-0-219-44-1-0-219-44-1-0-219-44-1-0-219-44-1-0-219-44-1-0-219-44-1-0-219-44-1-0-219-44-1-0-219-44-1-0-219-44-1-0-219-44-1-0-219-44-1-0-171-46-1-0-219-44-1-0-219-44-1-0-219-44-1-0-219-44-1-0-177-46-1-0-219-44-1-0-219-44-1-0-219-44-1-0-219-44-1-0-219-44-1-0-219-44-1-0-219-44-1-0-187-46-1-0-211-46-1-0-219-44-1-0-229-45-1-0
77284|code|LDR             R3, [R6]; jumptable 00012CF8 case 57|51-104
77286|code|LDRB.W          R11, [R3]|147-248-0-176
77290|code|B               def_12CF8; jumptable 00012CF8 default case, cases 1-4,6-27,29-40,42-45,47-53,56|118-231
77292|code|MOVW            R0, #0xE498; jumptable 00012CF8 case 0|78-242-152-64
77296|code|MOVW            R1, #0xB99C|75-246-156-17
77300|code|MOVT.W          R0, #2|192-242-2-0
77304|code|MOVT.W          R1, #1|192-242-1-1
77308|code|BLX             _ZStlsISt11char_traitsIcEERSt13basic_ostreamIcT_ES5_PKc; std::operator<<<std::char_traits<char>>(std::basic_ostream<char,std::char_traits<char>> &,char const*)|255-247-226-236
77312|code|MOVW            R3, #0xE2F8|78-242-248-35
77316|code|MOVS            R2, #1|1-34
77318|code|MOVT.W          R3, #2|192-242-2-3
77322|code|ADD             R1, SP, #0x468+var_458|4-169
77324|code|LDR             R3, [R3]|27-104
77326|code|STRB.W          R3, [SP,#0x468+var_458]|141-248-16-48
77330|code|BLX             _ZSt16__ostream_insertIcSt11char_traitsIcEERSt13basic_ostreamIT_T0_ES6_PKS3_i; std::__ostream_insert<char,std::char_traits<char>>(std::basic_ostream<char,std::char_traits<char>> &,char const*,int)|255-247-92-237
77334|code|MOV             R1, #0x1B9A0|75-246-160-17-192-242-1-1
77342|code|BLX             _ZStlsISt11char_traitsIcEERSt13basic_ostreamIcT_ES5_PKc; std::operator<<<std::char_traits<char>>(std::basic_ostream<char,std::char_traits<char>> &,char const*)|255-247-210-236
77346|code|BLX             _ZSt4endlIcSt11char_traitsIcEERSt13basic_ostreamIT_T0_ES6_; std::endl<char,std::char_traits<char>>(std::basic_ostream<char,std::char_traits<char>> &)|255-247-52-236
77350|code|MOVW            R6, #0xE240|78-242-64-38
77354|code|MOVS            R5, #1|1-37
77356|code|MOVT.W          R6, #2|192-242-2-6
77360|code|LDR             R0, [SP,#0x468+name]|6-152
77362|code|SUBS            R0, #0xC|12-56
77364|code|CMP             R0, R6|176-66
77366|code|BNE             loc_12EE0|83-209
77368|code|LDR             R0, [SP,#0x468+var_454]|5-152
77370|code|SUBS            R0, #0xC|12-56
77372|code|CMP             R0, R6|176-66
77374|code|BNE             loc_12ED8|75-209
77376|code|LDR.W           R2, [SP,#0x468+var_2C]|221-248-60-36
77380|code|MOV             R0, R5|40-70
77382|code|LDR             R3, [R4]|35-104
77384|code|CMP             R2, R3|154-66
77386|code|BNE.W           loc_13210|64-240-225-129
77390|code|ADDW            SP, SP, #0x444|13-242-68-77
77394|code|POP.W           {R4-R11,PC}|189-232-240-143
77398|code|MOVW            R0, #0xE498; jumptable 00012CF8 case 5|78-242-152-64
77402|code|MOVW            R1, #0xB9B4|75-246-180-17
77406|code|MOVT.W          R0, #2|192-242-2-0
77410|code|MOVT.W          R1, #1|192-242-1-1
77414|code|BLX             _ZStlsISt11char_traitsIcEERSt13basic_ostreamIcT_ES5_PKc; std::operator<<<std::char_traits<char>>(std::basic_ostream<char,std::char_traits<char>> &,char const*)|255-247-174-236
77418|code|MOV             R1, #0x1B9C8|75-246-200-17-192-242-1-1
77426|code|BLX             _ZStlsISt11char_traitsIcEERSt13basic_ostreamIcT_ES5_PKc; std::operator<<<std::char_traits<char>>(std::basic_ostream<char,std::char_traits<char>> &,char const*)|255-247-168-236
77430|code|MOVW            R3, #0xE2F8|78-242-248-35
77434|code|MOVS            R2, #1|1-34
77436|code|MOVT.W          R3, #2|192-242-2-3
77440|code|ADD             R1, SP, #0x468+var_444|9-169
77442|code|LDR             R3, [R3]|27-104
77444|code|STRB.W          R3, [SP,#0x468+var_444]|141-248-36-48
77448|code|BLX             _ZSt16__ostream_insertIcSt11char_traitsIcEERSt13basic_ostreamIT_T0_ES6_PKS3_i; std::__ostream_insert<char,std::char_traits<char>>(std::basic_ostream<char,std::char_traits<char>> &,char const*,int)|255-247-32-237
77452|code|MOV             R1, #0x1B9CC|75-246-204-17-192-242-1-1
77460|code|BLX             _ZStlsISt11char_traitsIcEERSt13basic_ostreamIcT_ES5_PKc; std::operator<<<std::char_traits<char>>(std::basic_ostream<char,std::char_traits<char>> &,char const*)|255-247-150-236
77464|code|B               loc_12E22|195-231
77466|code|BL              loc_136D0; jumptable 00012CF8 case 28|0-240-25-252
77470|code|MOVW            R6, #0xE240|78-242-64-38
77474|code|MOVS            R5, #0|0-37
77476|code|MOVT.W          R6, #2|192-242-2-6
77480|code|B               loc_12E30|194-231
77482|code|BL              sub_1374C; jumptable 00012CF8 case 41|0-240-79-252
77486|code|B               loc_12E9E|246-231
77488|code|LDR.W           R0, [R8]; jumptable 00012CF8 case 46|216-248-0-0
77492|code|BL              sub_137B8|0-240-128-252
77496|code|B               loc_12E9E|241-231
77498|code|ADD             R0, SP, #0x468+dest; jumptable 00012CF8 case 54|15-168
77500|code|LDR             R1, [R6]; src|49-104
77502|code|MOV.W           R2, #0x400; n|79-244-128-98
77506|code|MOV.W           R9, #1|79-240-1-9
77510|code|BLX             strncpy|255-247-194-237
77514|code|MOVS            R3, #0|0-35
77516|code|STRB.W          R3, [SP,#0x468+var_2D]|141-248-59-52
77520|code|B               def_12CF8; jumptable 00012CF8 default case, cases 1-4,6-27,29-40,42-45,47-53,56|3-231
77522|code|MOV.W           R10, #1; jumptable 00012CF8 case 55|79-240-1-10
77526|code|B               def_12CF8; jumptable 00012CF8 default case, cases 1-4,6-27,29-40,42-45,47-53,56|0-231
77528|code|ADD             R1, SP, #0x468+name|6-169
77530|code|BL              sub_134BC|0-240-239-250
77534|code|B               loc_12E40|175-231
77536|code|ADD             R1, SP, #0x468+var_45C|3-169
77538|code|BL              sub_134BC|0-240-235-250
77542|code|B               loc_12E38|167-231
77544|code|MOV             R6, #0x2E258|78-242-88-38-192-242-2-6
77552|code|LDR             R3, [R6]|51-104
77554|code|CMP             R5, R3|157-66
77556|code|BLE             loc_12EFC|2-221
77558|code|SUBS            R5, R5, R3|237-26
77560|code|CMP             R5, #2|2-45
77562|code|BEQ             loc_12F24|19-208
77564|code|MOVW            R0, #0xE498|78-242-152-64
77568|code|MOVW            R1, #0xB9DC|75-246-220-17
77572|code|MOVT.W          R0, #2|192-242-2-0
77576|code|MOVT.W          R1, #1|192-242-1-1
77580|code|BLX             _ZStlsISt11char_traitsIcEERSt13basic_ostreamIcT_ES5_PKc; std::operator<<<std::char_traits<char>>(std::basic_ostream<char,std::char_traits<char>> &,char const*)|255-247-90-236
77584|code|BLX             _ZSt4endlIcSt11char_traitsIcEERSt13basic_ostreamIT_T0_ES6_; std::endl<char,std::char_traits<char>>(std::basic_ostream<char,std::char_traits<char>> &)|255-247-188-235
77588|code|CMP.W           R10, #0|186-241-0-15
77592|code|BNE             loc_12E26|133-209
77594|code|LDR.W           R0, [R8]|216-248-0-0
77598|code|BL              sub_137B8|0-240-75-252
77602|code|B               loc_12E26|128-231
77604|code|LDR.W           R1, [R8,R3,LSL#2]; char *|88-248-35-16
77608|code|ADD             R0, SP, #0x468+var_454; this|5-168
77610|code|BLX             _ZNSs6assignEPKc; std::string::assign(char const*)|255-247-0-237
77614|code|LDR             R3, [R6]|51-104
77616|code|ADD             R0, SP, #0x468+name; this|6-168
77618|code|ADDS            R3, #1|1-51
77620|code|STR             R3, [R6]|51-96
77622|code|LDR.W           R1, [R8,R3,LSL#2]; char *|88-248-35-16
77626|code|BLX             _ZNSs6assignEPKc; std::string::assign(char const*)|255-247-248-236
77630|code|MOVW            R3, #0xE550|78-242-80-83
77634|code|LDR             R2, [SP,#0x468+name]|6-154
77636|code|MOVT.W          R3, #2|192-242-2-3
77640|code|ADD             R0, SP, #0x468+name; this|6-168
77642|code|LDR             R1, [R3]; char *|25-104
77644|code|LDR.W           R2, [R2,#-0xC]|82-248-12-44
77648|code|LDR.W           R3, [R1,#-0xC]; unsigned int|81-248-12-60
77652|code|SUBS            R2, R2, R3; unsigned int|210-26
77654|code|BLX             _ZNKSs4findEPKcjj; std::string::find(char const*,uint,uint)|255-247-60-236
77658|code|ADDS            R0, #1|1-48
77660|code|BEQ.W           loc_131C0|0-240-48-129
77664|code|LDR             R0, [SP,#0x468+name]; name|6-152
77666|code|MOVS            R1, #0; type|0-33
77668|code|BLX             access|255-247-142-236
77672|code|CMP             R0, #0|0-40
77674|code|BEQ.W           loc_13192|0-240-18-129
77678|code|CMP.W           R9, #0|185-241-0-15
77682|code|BEQ             loc_13040|101-208
77684|code|MOVW            R6, #0xE240|78-242-64-38
77688|code|ADD             R7, SP, #0x468+var_44C|7-175
77690|code|MOVT.W          R6, #2|192-242-2-6
77694|code|MOV             R0, R7; this|56-70
77696|code|ADD             R1, SP, #0x468+var_454; std::string *|5-169
77698|code|BLX             _ZNSsC1ERKSs; std::string::string(std::string const&)|255-247-162-235
77702|code|ADD.W           R8, SP, #0x468+var_448|13-241-32-8
77706|code|ADD             R1, SP, #0x468+name; std::string *|6-169
77708|code|MOV             R0, R8; this|64-70
77710|code|BLX             _ZNSsC1ERKSs; std::string::string(std::string const&)|255-247-156-235
77714|code|ADD.W           R9, SP, #0x468+var_444|13-241-36-9
77718|code|EOR.W           R2, R10, #1|138-240-1-2
77722|code|MOV             R3, R11|91-70
77724|code|STR             R2, [SP,#0x468+var_468]|0-146
77726|code|MOV             R1, R7|57-70
77728|code|MOV             R0, R9|72-70
77730|code|MOV             R2, R8|66-70
77732|code|BL              sub_14434|1-240-70-250
77736|code|LDR.W           R0, [R8]|216-248-0-0
77740|code|SUBS            R0, #0xC|12-56
77742|code|CMP             R0, R6|176-66
77744|code|BNE.W           loc_13214|64-240-48-129
77748|code|LDR             R0, [R7]|56-104
77750|code|SUBS            R0, #0xC|12-56
77752|code|CMP             R0, R6|176-66
77754|code|BNE.W           loc_1321C|64-240-47-129
77758|code|MOV             R0, R9|72-70
77760|code|ADD             R1, SP, #0x468+dest|15-169
77762|code|BL              sub_145B0|1-240-245-250
77766|code|LDRB.W          R3, [R9,#0xA]|153-248-10-48
77770|code|CMP             R3, R10|83-69
77772|code|BLS.W           loc_1316A|64-242-205-128
77776|code|MOVW            R0, #0xE300|78-242-0-48
77780|code|MOVW            R1, #0xBAA4|75-246-164-33
77784|code|MOVT.W          R0, #2|192-242-2-0
77788|code|MOVT.W          R1, #1|192-242-1-1
77792|code|BLX             _ZStlsISt11char_traitsIcEERSt13basic_ostreamIcT_ES5_PKc; std::operator<<<std::char_traits<char>>(std::basic_ostream<char,std::char_traits<char>> &,char const*)|255-247-240-235
77796|code|LDR.W           R1, [R9,#0xC]|217-248-12-16
77800|code|BLX             _ZNSo9_M_insertImEERSoT_; std::ostream::_M_insert<ulong>(ulong)|255-247-134-235
77804|code|MOV             R1, #0x1BA50|75-246-80-33-192-242-1-1
77812|code|BLX             _ZStlsISt11char_traitsIcEERSt13basic_ostreamIcT_ES5_PKc; std::operator<<<std::char_traits<char>>(std::basic_ostream<char,std::char_traits<char>> &,char const*)|255-247-230-235
77816|code|BLX             _ZSt4endlIcSt11char_traitsIcEERSt13basic_ostreamIT_T0_ES6_; std::endl<char,std::char_traits<char>>(std::basic_ostream<char,std::char_traits<char>> &)|255-247-72-235
77820|code|MOV             R0, R9|72-70
77822|code|BL              sub_14394|1-240-201-249
77826|code|MOV             R0, #0x2E300|78-242-0-48-192-242-2-0
77834|code|BLX             _ZSt4endlIcSt11char_traitsIcEERSt13basic_ostreamIT_T0_ES6_; std::endl<char,std::char_traits<char>>(std::basic_ostream<char,std::char_traits<char>> &)|255-247-64-235
77838|code|LDR             R1, [SP,#0x468+name]|6-153
77840|code|MOV             R0, #0x2E300|78-242-0-48-192-242-2-0
77848|code|LDR.W           R2, [R1,#-0xC]|81-248-12-44
77852|code|BLX             _ZSt16__ostream_insertIcSt11char_traitsIcEERSt13basic_ostreamIT_T0_ES6_PKS3_i; std::__ostream_insert<char,std::char_traits<char>>(std::basic_ostream<char,std::char_traits<char>> &,char const*,int)|255-247-86-236
77856|code|MOV             R1, #0x1BA5C|75-246-92-33-192-242-1-1
77864|code|BLX             _ZStlsISt11char_traitsIcEERSt13basic_ostreamIcT_ES5_PKc; std::operator<<<std::char_traits<char>>(std::basic_ostream<char,std::char_traits<char>> &,char const*)|255-247-204-235
77868|code|BLX             _ZSt4endlIcSt11char_traitsIcEERSt13basic_ostreamIT_T0_ES6_; std::endl<char,std::char_traits<char>>(std::basic_ostream<char,std::char_traits<char>> &)|255-247-46-235
77872|code|MOV             R0, R9|72-70
77874|code|MOVS            R5, #0|0-37
77876|code|BL              sub_1402C|0-240-250-255
77880|code|B               loc_12E30|250-230
77882|data|ALIGN 4|0-191
77884|data|DCD 0x2E24C|76-226-2-0
77888|code|MOVW            R0, #0xE300|78-242-0-48
77892|code|MOVW            R1, #0xBA0C|75-246-12-33
77896|code|MOVW            R6, #0xE240|78-242-64-38
77900|code|MOVT.W          R0, #2|192-242-2-0
77904|code|MOVT.W          R1, #1|192-242-1-1
77908|code|MOVT.W          R6, #2|192-242-2-6
77912|code|BLX             _ZStlsISt11char_traitsIcEERSt13basic_ostreamIcT_ES5_PKc; std::operator<<<std::char_traits<char>>(std::basic_ostream<char,std::char_traits<char>> &,char const*)|255-247-180-235
77916|code|LDR             R1, [SP,#0x468+name]|6-153
77918|code|MOV             R6, #0x2E240|78-242-64-38-192-242-2-6
77926|code|LDR.W           R2, [R1,#-0xC]|81-248-12-44
77930|code|BLX             _ZSt16__ostream_insertIcSt11char_traitsIcEERSt13basic_ostreamIT_T0_ES6_PKS3_i; std::__ostream_insert<char,std::char_traits<char>>(std::basic_ostream<char,std::char_traits<char>> &,char const*,int)|255-247-48-236
77934|code|MOVW            R1, #0xBA2C|75-246-44-33
77938|code|MOVW            R6, #0xE240|78-242-64-38
77942|code|MOVT.W          R1, #1|192-242-1-1
77946|code|MOVT.W          R6, #2|192-242-2-6
77950|code|BLX             _ZStlsISt11char_traitsIcEERSt13basic_ostreamIcT_ES5_PKc; std::operator<<<std::char_traits<char>>(std::basic_ostream<char,std::char_traits<char>> &,char const*)|255-247-162-235
77954|code|MOVW            R0, #0xE300|78-242-0-48
77958|code|MOVW            R6, #0xE240|78-242-64-38
77962|code|MOVT.W          R0, #2; this|192-242-2-0
77966|code|MOVT.W          R6, #2|192-242-2-6
77970|code|BLX             _ZNSo5flushEv; std::ostream::flush(void)|255-247-58-235
77974|code|ADD.W           R8, SP, #0x468+var_448|13-241-32-8
77978|code|STR.W           R7, [R8]|200-248-0-112
77982|code|BL              sub_13500|0-240-47-250
77986|code|MOVW            R0, #0xE400|78-242-0-64
77990|code|MOV             R1, R8|65-70
77992|code|MOVT.W          R0, #2|192-242-2-0
77996|code|BLX             _ZSt7getlineIcSt11char_traitsIcESaIcEERSt13basic_istreamIT_T0_ES7_RSbIS4_S5_T1_E; std::getline<char,std::char_traits<char>,std::allocator<char>>(std::basic_istream<char,std::char_traits<char>> &,std::basic_string<char,std::char_traits<char>,std::allocator<char>> &)|255-247-208-234
78000|code|MOV             R0, #0x2E300|78-242-0-48-192-242-2-0
78008|code|BLX             _ZSt4endlIcSt11char_traitsIcEERSt13basic_ostreamIT_T0_ES6_; std::endl<char,std::char_traits<char>>(std::basic_ostream<char,std::char_traits<char>> &)|255-247-232-234
78012|code|BL              loc_135E8|0-240-148-250
78016|code|MOVW            R0, #0xE300|78-242-0-48
78020|code|MOVW            R1, #0xBA30|75-246-48-33
78024|code|MOVT.W          R0, #2|192-242-2-0
78028|code|MOVT.W          R1, #1|192-242-1-1
78032|code|BLX             _ZStlsISt11char_traitsIcEERSt13basic_ostreamIcT_ES5_PKc; std::operator<<<std::char_traits<char>>(std::basic_ostream<char,std::char_traits<char>> &,char const*)|255-247-120-235
78036|code|MOV             R0, #_ZSt4cout; this|78-242-0-48-192-242-2-0
78044|code|BLX             _ZNSo5flushEv; std::ostream::flush(void)|255-247-20-235
78048|code|ADD.W           R9, SP, #0x468+var_444|13-241-36-9
78052|code|STR.W           R7, [R9]|201-248-0-112
78056|code|BL              sub_13500|0-240-10-250
78060|code|MOVW            R0, #0xE400|78-242-0-64
78064|code|MOV             R1, R9|73-70
78066|code|MOVT.W          R0, #2|192-242-2-0
78070|code|BLX             _ZSt7getlineIcSt11char_traitsIcESaIcEERSt13basic_istreamIT_T0_ES7_RSbIS4_S5_T1_E; std::getline<char,std::char_traits<char>,std::allocator<char>>(std::basic_istream<char,std::char_traits<char>> &,std::basic_string<char,std::char_traits<char>,std::allocator<char>> &)|255-247-172-234
78074|code|MOV             R0, #0x2E300|78-242-0-48-192-242-2-0
78082|code|BLX             _ZSt4endlIcSt11char_traitsIcEERSt13basic_ostreamIT_T0_ES6_; std::endl<char,std::char_traits<char>>(std::basic_ostream<char,std::char_traits<char>> &)|255-247-196-234
78086|code|BL              loc_135E8|0-240-111-250
78090|code|MOV             R0, #0x2E300|78-242-0-48-192-242-2-0
78098|code|BLX             _ZSt4endlIcSt11char_traitsIcEERSt13basic_ostreamIT_T0_ES6_; std::endl<char,std::char_traits<char>>(std::basic_ostream<char,std::char_traits<char>> &)|255-247-188-234
78102|code|LDR.W           R6, [R8]|216-248-0-96
78106|code|LDR.W           R7, [R9]|217-248-0-112
78110|code|LDR.W           R2, [R6,#-0xC]; n|86-248-12-44
78114|code|LDR.W           R3, [R7,#-0xC]|87-248-12-60
78118|code|CMP             R2, R3|154-66
78120|code|BEQ             loc_131D0|82-208
78122|code|MOVW            R0, #0xE498|78-242-152-64
78126|code|MOVW            R1, #0xBA8C|75-246-140-33
78130|code|MOVT.W          R0, #2|192-242-2-0
78134|code|MOVT.W          R1, #1|192-242-1-1
78138|code|BLX             _ZStlsISt11char_traitsIcEERSt13basic_ostreamIcT_ES5_PKc; std::operator<<<std::char_traits<char>>(std::basic_ostream<char,std::char_traits<char>> &,char const*)|255-247-68-235
78142|code|BLX             _ZSt4endlIcSt11char_traitsIcEERSt13basic_ostreamIT_T0_ES6_; std::endl<char,std::char_traits<char>>(std::basic_ostream<char,std::char_traits<char>> &)|255-247-166-234
78146|code|LDR.W           R0, [R9]|217-248-0-0
78150|code|MOV             R6, #0x2E240|78-242-64-38-192-242-2-6
78158|code|SUBS            R0, #0xC|12-56
78160|code|CMP             R0, R6|176-66
78162|code|BNE.W           loc_13298|64-240-161-128
78166|code|LDR.W           R0, [R8]|216-248-0-0
78170|code|SUBS            R0, #0xC|12-56
78172|code|CMP             R0, R6|176-66
78174|code|BEQ.W           loc_12E30|63-244-103-174
78178|code|MOV             R1, R9|73-70
78180|code|BL              sub_134BC|0-240-170-249
78184|code|B               loc_12E30|98-230
78186|code|CMP.W           R10, #0|186-241-0-15
78190|code|BNE.W           loc_13030|127-244-95-175
78194|code|LDR             R1, [SP,#0x468+name]|6-153
78196|code|MOV             R0, #0x2E300|78-242-0-48-192-242-2-0
78204|code|LDR.W           R2, [R1,#-0xC]|81-248-12-44
78208|code|BLX             _ZSt16__ostream_insertIcSt11char_traitsIcEERSt13basic_ostreamIT_T0_ES6_PKS3_i; std::__ostream_insert<char,std::char_traits<char>>(std::basic_ostream<char,std::char_traits<char>> &,char const*,int)|255-247-164-235
78212|code|MOV             R1, #0x1BA74|75-246-116-33-192-242-1-1
78220|code|BLX             _ZStlsISt11char_traitsIcEERSt13basic_ostreamIcT_ES5_PKc; std::operator<<<std::char_traits<char>>(std::basic_ostream<char,std::char_traits<char>> &,char const*)|255-247-26-235
78224|code|B               loc_1302C|76-231
78226|code|LDR             R1, [SP,#0x468+name]|6-153
78228|code|MOV             R0, #0x2E498|78-242-152-64-192-242-2-0
78236|code|LDR.W           R2, [R1,#-0xC]|81-248-12-44
78240|code|BLX             _ZSt16__ostream_insertIcSt11char_traitsIcEERSt13basic_ostreamIT_T0_ES6_PKS3_i; std::__ostream_insert<char,std::char_traits<char>>(std::basic_ostream<char,std::char_traits<char>> &,char const*,int)|255-247-148-235
78244|code|MOV             R1, #0x1B9F0|75-246-240-17-192-242-1-1
78252|code|BLX             _ZStlsISt11char_traitsIcEERSt13basic_ostreamIcT_ES5_PKc; std::operator<<<std::char_traits<char>>(std::basic_ostream<char,std::char_traits<char>> &,char const*)|255-247-10-235
78256|code|BLX             _ZSt4endlIcSt11char_traitsIcEERSt13basic_ostreamIT_T0_ES6_; std::endl<char,std::char_traits<char>>(std::basic_ostream<char,std::char_traits<char>> &)|255-247-108-234
78260|code|MOVW            R6, #0xE240|78-242-64-38
78264|code|MOVS            R5, #3|3-37
78266|code|MOVT.W          R6, #2|192-242-2-6
78270|code|B               loc_12E30|55-230
78272|code|MOVW            R1, #0xE550|78-242-80-81
78276|code|ADD             R0, SP, #0x468+name; this|6-168
78278|code|MOVT.W          R1, #2; std::string *|192-242-2-1
78282|code|BLX             _ZNSs6appendERKSs; std::string::append(std::string const&)|255-247-50-235
78286|code|B               loc_12F60|199-230
78288|code|MOV             R0, R6; s1|48-70
78290|code|MOV             R1, R7; s2|57-70
78292|code|BLX             memcmp|255-247-70-236
78296|code|CMP             R0, #0|0-40
78298|code|BNE             loc_1312A|166-209
78300|code|MOV             R1, R6; src|49-70
78302|code|ADD             R0, SP, #0x468+dest; dest|15-168
78304|code|MOV.W           R2, #0x400; n|79-244-128-98
78308|code|MOVW            R6, #0xE240|78-242-64-38
78312|code|BLX             strncpy|255-247-48-236
78316|code|SUB.W           R0, R7, #0xC|167-241-12-0
78320|code|MOVT.W          R6, #2|192-242-2-6
78324|code|CMP             R0, R6|176-66
78326|code|ADD             R7, SP, #0x468+var_44C|7-175
78328|code|BNE.W           loc_13300|64-240-130-128
78332|code|LDR.W           R0, [R8]|216-248-0-0
78336|code|SUBS            R0, #0xC|12-56
78338|code|CMP             R0, R6|176-66
78340|code|BEQ.W           loc_12F7E|63-244-187-174
78344|code|MOV             R1, R9|73-70
78346|code|BL              sub_134BC|0-240-87-249
78350|code|B               loc_12F7E|182-230
78352|code|BLX             __stack_chk_fail|255-247-26-235
78356|code|ADD             R1, SP, #0x468+var_458|4-169
78358|code|BL              sub_134BC|0-240-81-249
78362|code|B               loc_12FB4|203-230
78364|code|MOV             R1, R8|65-70
78366|code|BL              sub_134BC|0-240-77-249
78370|code|B               loc_12FBE|204-230
78372|code|MOV             R5, R0|5-70
78374|code|MOV             R0, R9|72-70
78376|code|MOV             R7, R1|15-70
78378|code|BL              sub_1402C|0-240-255-254
78382|code|MOV             R0, R5; void *|40-70
78384|code|MOV             R1, R7|57-70
78386|code|CMP             R1, #1|1-41
78388|code|BNE             loc_132DA|81-209
78390|code|BLX             __cxa_begin_catch|255-247-24-234
78394|code|LDR             R3, [R0]|3-104
78396|code|LDR             R3, [R3,#8]|155-104
78398|code|BLX             R3|152-71
78400|code|MOV             R1, R0|1-70
78402|code|MOV             R0, #0x2E498|78-242-152-64-192-242-2-0
78410|code|BLX             _ZStlsISt11char_traitsIcEERSt13basic_ostreamIcT_ES5_PKc; std::operator<<<std::char_traits<char>>(std::basic_ostream<char,std::char_traits<char>> &,char const*)|255-247-188-234
78414|code|BLX             _ZSt4endlIcSt11char_traitsIcEERSt13basic_ostreamIT_T0_ES6_; std::endl<char,std::char_traits<char>>(std::basic_ostream<char,std::char_traits<char>> &)|255-247-30-234
78418|code|BLX             __cxa_end_catch|255-247-198-235
78422|code|MOVS            R5, #4|4-37
78424|code|B               loc_12E30|234-229
78426|code|LDR.W           R3, [R9]|217-248-0-48
78430|code|MOVW            R6, #0xE240|78-242-64-38
78434|code|MOV             R5, R0|5-70
78436|code|MOVT.W          R6, #2|192-242-2-6
78440|code|SUB.W           R0, R3, #0xC|163-241-12-0
78444|code|MOV             R7, R1|15-70
78446|code|CMP             R0, R6|176-66
78448|code|BEQ             loc_13278|2-208
78450|code|ADD             R1, SP, #0x468+var_44C|7-169
78452|code|BL              sub_134BC|0-240-34-249
78456|code|LDR.W           R0, [R8]|216-248-0-0
78460|code|SUBS            R0, #0xC|12-56
78462|code|CMP             R0, R6|176-66
78464|code|BEQ             loc_1322E|213-208
78466|code|ADD             R1, SP, #0x468+var_444|9-169
78468|code|BL              sub_134BC|0-240-26-249
78472|code|B               loc_1322E|209-231
78474|code|MOVW            R6, #0xE240|78-242-64-38
78478|code|MOV             R5, R0|5-70
78480|code|MOV             R7, R1|15-70
78482|code|MOVT.W          R6, #2|192-242-2-6
78486|code|B               loc_13278|239-231
78488|code|ADD             R1, SP, #0x468+var_44C|7-169
78490|code|BL              sub_134BC|0-240-15-249
78494|code|B               loc_13156|90-231
78496|code|LDR.W           R3, [R8]|216-248-0-48
78500|code|MOV             R5, R0|5-70
78502|code|MOV             R8, R1|136-70
78504|code|SUB.W           R0, R3, #0xC|163-241-12-0
78508|code|CMP             R0, R6|176-66
78510|code|BEQ             loc_132B6|2-208
78512|code|ADD             R1, SP, #0x468+var_458|4-169
78514|code|BL              sub_134BC|0-240-3-249
78518|code|LDR             R0, [R7]|56-104
78520|code|SUBS            R0, #0xC|12-56
78522|code|CMP             R0, R6|176-66
78524|code|BEQ             loc_132C4|2-208
78526|code|ADD             R1, SP, #0x468+var_458|4-169
78528|code|BL              sub_134BC|0-240-252-248
78532|code|MOV             R0, R5|40-70
78534|code|MOV             R1, R8|65-70
78536|code|B               loc_13232|179-231
78538|code|MOV             R5, R0|5-70
78540|code|MOV             R8, R1|136-70
78542|code|B               loc_132B6|242-231
78544|code|B               loc_13232|175-231
78546|code|MOV             R6, #0x2E240|78-242-64-38-192-242-2-6
78554|code|LDR             R0, [SP,#0x468+name]|6-152
78556|code|SUBS            R0, #0xC|12-56
78558|code|CMP             R0, R6|176-66
78560|code|BEQ             loc_132E8|2-208
78562|code|ADD             R1, SP, #0x468+var_45C|3-169
78564|code|BL              sub_134BC|0-240-234-248
78568|code|LDR             R0, [SP,#0x468+var_454]|5-152
78570|code|SUBS            R0, #0xC|12-56
78572|code|CMP             R0, R6|176-66
78574|code|BEQ             loc_132F6|2-208
78576|code|ADD             R1, SP, #0x468+name|6-169
78578|code|BL              sub_134BC|0-240-227-248
78582|code|BLX             __cxa_end_cleanup|255-247-174-234
78586|code|BLX             __cxa_end_catch|255-247-114-235
78590|code|B               loc_132DA|236-231
78592|code|MOV             R1, R7|57-70
78594|code|BL              sub_134BC|0-240-219-248
78598|code|B               loc_131FC|121-231
78600|code|PUSH            {R4,LR}|16-181
78602|code|MOV             R4, #unk_2E548|78-242-72-84-192-242-2-4
78610|code|MOV             R0, R4; this|32-70
78612|code|BLX             _ZNSt8ios_base4InitC1Ev; std::ios_base::Init::Init(void)|255-247-70-235
78616|code|MOVW            R1, #0x2ADC|66-246-220-33
78620|code|MOVW            R2, #0xE228|78-242-40-34
78624|code|MOV             R0, R4|32-70
78626|code|MOVT.W          R1, #1|192-242-1-1
78630|code|MOVT.W          R2, #2|192-242-2-2
78634|code|POP.W           {R4,LR}|189-232-16-64
78638|code|B.W             j___aeabi_atexit|255-247-103-185
78642|data|ALIGN 4|0-191
78644|code|PUSH            {R4,LR}|16-181
78646|code|MOV             R4, #unk_2E54C|78-242-76-84-192-242-2-4
78654|code|MOV             R0, R4; this|32-70
78656|code|BLX             _ZNSt8ios_base4InitC1Ev; std::ios_base::Init::Init(void)|255-247-48-235
78660|code|MOVW            R1, #0x2ADC|66-246-220-33
78664|code|MOVW            R2, #0xE228|78-242-40-34
78668|code|MOV             R0, R4|32-70
78670|code|MOVT.W          R1, #1|192-242-1-1
78674|code|MOVT.W          R2, #2|192-242-2-2
78678|code|POP.W           {R4,LR}|189-232-16-64
78682|code|B.W             j___aeabi_atexit|255-247-81-185
78686|data|ALIGN 0x10|0-191
78688|code|PUSH            {R4,LR}|16-181
78690|code|MOV             R4, #0x2E250|78-242-80-36-192-242-2-4
78698|code|SUB             SP, SP, #8|130-176
78700|code|LDR             R3, [R4]|35-104
78702|code|MOVW            R0, #0xE550|78-242-80-80
78706|code|MOVW            R1, #0xBC98|75-246-152-65
78710|code|MOV             R2, SP|106-70
78712|code|MOVT.W          R1, #1|192-242-1-1
78716|code|MOVT.W          R0, #2|192-242-2-0
78720|code|STR             R3, [SP,#0x10+var_C]|1-147
78722|code|BLX             _ZNSsC1EPKcRKSaIcE; std::string::string(char const*,std::allocator<char> const&)|255-247-116-234
78726|code|MOVW            R0, #0xE550|78-242-80-80
78730|code|MOVW            R1, #0x29C8|66-246-200-17
78734|code|MOVW            R2, #0xE228|78-242-40-34
78738|code|MOVT.W          R1, #1|192-242-1-1
78742|code|MOVT.W          R2, #2|192-242-2-2
78746|code|MOVT.W          R0, #2|192-242-2-0
78750|code|BLX             __aeabi_atexit|255-247-50-233
78754|code|MOVW            R1, #0xBCA0|75-246-160-65
78758|code|MOV             R2, SP|106-70
78760|code|MOVT.W          R1, #1|192-242-1-1
78764|code|LDR             R0, =unk_2E554|10-72
78766|code|BLX             _ZNSsC1EPKcRKSaIcE; std::string::string(char const*,std::allocator<char> const&)|255-247-94-234
78770|code|MOVW            R1, #0x29C8|66-246-200-17
78774|code|MOVW            R2, #0xE228|78-242-40-34
78778|code|MOVT.W          R1, #1|192-242-1-1
78782|code|MOVT.W          R2, #2|192-242-2-2
78786|code|LDR             R0, =unk_2E554|5-72
78788|code|BLX             __aeabi_atexit|255-247-30-233
78792|code|LDR             R2, [SP,#0x10+var_C]|1-154
78794|code|LDR             R3, [R4]|35-104
78796|code|CMP             R2, R3|154-66
78798|code|BNE             loc_133D4|1-209
78800|code|ADD             SP, SP, #8|2-176
78802|code|POP             {R4,PC}|16-189
78804|code|BLX             __stack_chk_fail|255-247-56-234
78808|data|DCD unk_2E554|84-229-2-0
78812|code|MOV.W           R11, #0|79-240-0-11
78816|code|MOV.W           LR, #0|79-240-0-14
78820|code|POP             {R1}; argc|2-188
78822|code|MOV             R2, SP; ubp_av|106-70
78824|code|PUSH            {R2}; stack_end|4-180
78826|code|PUSH            {R0}; rtld_fini|1-180
78828|code|LDR.W           R12, =(nullsub_1+1)|223-248-16-192
78832|code|PUSH.W          {R12}; fini|77-248-4-205
78836|code|LDR             R0, =(sub_12CA8+1); main|3-72
78838|code|LDR             R3, =(sub_1B4C4+1); init|4-75
78840|code|BLX             __libc_start_main|255-247-82-235
78844|code|BLX             abort|255-247-188-233
78848|data|DCD nullsub_1+1|5-181-1-0
78852|data|DCD sub_12CA8+1|169-44-1-0
78856|data|DCD sub_1B4C4+1|197-180-1-0
78860|code|LDR             R3, =(_GLOBAL_OFFSET_TABLE_ - 0x1341C)|20-48-159-229
78864|code|LDR             R2, =(__gmon_start___ptr_0 - 0x2E000)|20-32-159-229
78868|code|ADD             R3, PC, R3; _GLOBAL_OFFSET_TABLE_|3-48-143-224
78872|code|LDR             R2, [R3,R2]; __imp___gmon_start__|2-32-147-231
78876|code|CMP             R2, #0|0-0-82-227
78880|code|BXEQ            LR|30-255-47-1
78884|code|B               __gmon_start__|163-253-255-234
78888|data|DCD _GLOBAL_OFFSET_TABLE_ - 0x1341C|228-171-1-0
78892|data|DCD __gmon_start___ptr_0 - 0x2E000|12-2-0-0
78896|code|LDR             R3, =unk_2E22F|7-75
78898|code|MOV             R0, #0x2E22C|78-242-44-32-192-242-2-0
78906|code|SUBS            R3, R3, R0|27-26
78908|code|CMP             R3, #6|6-43
78910|code|BLS             locret_1344C|5-217
78912|code|MOV             R3, #0|64-242-0-3-192-242-0-3
78920|code|CBZ             R3, locret_1344C|3-177
78922|code|BX              R3|24-71
78924|code|BX              LR|112-71
78926|data|ALIGN 0x10|0-191
78928|data|DCD unk_2E22F|47-226-2-0
78932|code|MOVW            R3, #0xE22C|78-242-44-35
78936|code|MOVW            R0, #0xE22C|78-242-44-32
78940|code|MOVT.W          R3, #2|192-242-2-3
78944|code|MOVT.W          R0, #2|192-242-2-0
78948|code|SUBS            R1, R3, R0|25-26
78950|code|ASRS            R1, R1, #2|137-16
78952|code|ADD.W           R1, R1, R1,LSR#31|1-235-209-113
78956|code|ASRS            R1, R1, #1|73-16
78958|code|BEQ             locret_1347C|5-208
78960|code|MOV             R3, #0|64-242-0-3-192-242-0-3
78968|code|CBZ             R3, locret_1347C|3-177
78970|code|BX              R3|24-71
78972|code|BX              LR|112-71
78974|data|ALIGN 0x10|0-191
78976|code|PUSH            {R4,LR}|16-181
78978|code|MOV             R4, #0x2E544|78-242-68-84-192-242-2-4
78986|code|LDRB            R3, [R4]|35-120
78988|code|CBNZ            R3, locret_13496|27-185
78990|code|BL              sub_13430|255-247-207-255
78994|code|MOVS            R3, #1|1-35
78996|code|STRB            R3, [R4]|35-112
78998|code|POP             {R4,PC}|16-189
79000|code|MOVW            R0, #0xDE40|77-246-64-96
79004|code|PUSH            {R3,LR}|8-181
79006|code|MOVT.W          R0, #2|192-242-2-0
79010|code|LDR             R3, [R0]|3-104
79012|code|CBNZ            R3, loc_134AC|19-185
79014|code|POP.W           {R3,LR}|189-232-8-64
79018|code|B               sub_13454|211-231
79020|code|MOV             R3, #0|64-242-0-3-192-242-0-3
79028|code|CMP             R3, #0|0-43
79030|code|BEQ             loc_134A6|246-208
79032|code|BLX             R3|152-71
79034|code|B               loc_134A6|244-231
79036|code|MOV             R3, #0|64-242-0-3-192-242-0-3
79044|code|PUSH            {LR}|0-181
79046|code|CBZ             R3, loc_134EE|147-177
79048|code|ADD.W           R2, R0, #8|0-241-8-2
79052|code|DMB.W           SY|191-243-95-143
79056|code|LDREX.W         R3, [R2]|82-232-0-63
79060|code|ADD.W           LR, R3, #0xFFFFFFFF|3-241-255-62
79064|code|STREX.W         R12, LR, [R2]|66-232-0-236
79068|code|CMP.W           R12, #0|188-241-0-15
79072|code|BNE             loc_134D0|246-209
79074|code|DMB.W           SY|191-243-95-143
79078|code|CMP             R3, #0|0-43
79080|code|BLE             loc_134F6|5-221
79082|code|POP.W           {PC}|93-248-4-251
79086|code|LDR             R3, [R0,#8]|131-104
79088|code|SUBS            R2, R3, #1|90-30
79090|code|STR             R2, [R0,#8]|130-96
79092|code|B               loc_134E6|247-231
79094|code|POP.W           {LR}|93-248-4-235
79098|code|B.W             j__ZNSs4_Rep10_M_destroyERKSaIcE; std::string::_Rep::_M_destroy(std::allocator<char> const&)|255-247-53-185
79102|data|ALIGN 0x10|0-191
79104|code|PUSH            {R4,R5,LR}|48-181
79106|code|MOV             R4, #0x2E250|78-242-80-36-192-242-2-4
79114|code|SUB             SP, SP, #0x54|149-176
79116|code|LDR             R3, [R4]|35-104
79118|code|MOVS            R0, #0; fd|0-32
79120|code|ADD             R1, SP, #0x60+termios_p; termios_p|4-169
79122|code|STR             R3, [SP,#0x60+var_14]|19-147
79124|code|BLX             tcgetattr|255-247-142-234
79128|code|CMP             R0, #0|0-40
79130|code|BLT             loc_1353E|16-219
79132|code|LDR             R3, [SP,#0x60+termios_p.c_lflag]|7-155
79134|code|MOVS            R0, #0; fd|0-32
79136|code|ADD             R2, SP, #0x60+termios_p; termios_p|4-170
79138|code|MOV             R1, R0; optional_actions|1-70
79140|code|BIC.W           R3, R3, #8|35-240-8-3
79144|code|STR             R3, [SP,#0x60+termios_p.c_lflag]|7-147
79146|code|BLX             tcsetattr|255-247-118-233
79150|code|CMP             R0, #0|0-40
79152|code|BLT             loc_13590|46-219
79154|code|LDR             R2, [SP,#0x60+var_14]|19-154
79156|code|LDR             R3, [R4]|35-104
79158|code|CMP             R2, R3|154-66
79160|code|BNE             loc_1358C|40-209
79162|code|ADD             SP, SP, #0x54 ; 'T'|21-176
79164|code|POP             {R4,R5,PC}|48-189
79166|code|MOVS            R0, #8; thrown_size|8-32
79168|code|ADD             R4, SP, #0x60+var_54|3-172
79170|code|BLX             __cxa_allocate_exception|255-247-170-232
79174|code|MOV             R5, R0|5-70
79176|code|BLX             __errno_location|255-247-122-234
79180|code|LDR             R0, [R0]; errnum|0-104
79182|code|BLX             strerror|255-247-182-232
79186|code|ADD             R2, SP, #0x60+var_5C|1-170
79188|code|MOV             R1, R0|1-70
79190|code|MOV             R0, R4|32-70
79192|code|BLX             _ZNSsC1EPKcRKSaIcE; std::string::string(char const*,std::allocator<char> const&)|255-247-136-233
79196|code|MOV             R0, R5; this|40-70
79198|code|MOV             R1, R4; std::string *|33-70
79200|code|BLX             _ZNSt13runtime_errorC1ERKSs; std::runtime_error::runtime_error(std::string const&)|255-247-216-232
79204|code|LDR             R3, [SP,#0x60+var_54]|3-155
79206|code|MOV             R2, #0x2E240|78-242-64-34-192-242-2-2
79214|code|SUB.W           R0, R3, #0xC|163-241-12-0
79218|code|CMP             R0, R2|144-66
79220|code|BNE             loc_135B8|32-209
79222|code|MOVW            R1, #0xE538|78-242-56-81
79226|code|MOVW            R2, #0x27E8|66-242-232-114
79230|code|MOV             R0, R5; void *|40-70
79232|code|MOVT.W          R1, #2; lptinfo|192-242-2-1
79236|code|MOVT.W          R2, #1; void (__cdecl *)(void *)|192-242-1-2
79240|code|BLX             __cxa_throw|255-247-78-234
79244|code|BLX             __stack_chk_fail|255-247-92-233
79248|code|MOVS            R0, #8; thrown_size|8-32
79250|code|ADD             R4, SP, #0x60+var_54|3-172
79252|code|BLX             __cxa_allocate_exception|255-247-128-232
79256|code|MOV             R5, R0|5-70
79258|code|BLX             __errno_location|255-247-82-234
79262|code|LDR             R0, [R0]; errnum|0-104
79264|code|BLX             strerror|255-247-140-232
79268|code|ADD             R2, SP, #0x60+var_5C|1-170
79270|code|MOV             R1, R0|1-70
79272|code|MOV             R0, R4|32-70
79274|code|BLX             _ZNSsC1EPKcRKSaIcE; std::string::string(char const*,std::allocator<char> const&)|255-247-96-233
79278|code|MOV             R0, R5; this|40-70
79280|code|MOV             R1, R4; std::string *|33-70
79282|code|BLX             _ZNSt13runtime_errorC1ERKSs; std::runtime_error::runtime_error(std::string const&)|255-247-176-232
79286|code|B               loc_13564|213-231
79288|code|ADD             R1, SP, #0x60+var_58|2-169
79290|code|BL              sub_134BC|255-247-127-255
79294|code|B               loc_13576|218-231
79296|code|LDR             R3, [SP,#0x60+var_54]|3-155
79298|code|MOV             R2, #0x2E240|78-242-64-34-192-242-2-2
79306|code|SUB.W           R0, R3, #0xC|163-241-12-0
79310|code|CMP             R0, R2|144-66
79312|code|BEQ             loc_135D8|2-208
79314|code|ADD             R1, SP, #0x60+var_58|2-169
79316|code|BL              sub_134BC|255-247-114-255
79320|code|MOV             R0, R5; void *|40-70
79322|code|BLX             __cxa_free_exception|255-247-168-232
79326|code|BLX             __cxa_end_cleanup|255-247-58-233
79330|code|B               loc_135D8|249-231
79332|code|LDRB            LR, [R7,R12,ROR#15]!|236-231-247-231
79336|code|PUSH            {R4,R5,LR}|48-181
79338|code|MOV             R4, #0x2E250|78-242-80-36-192-242-2-4
79346|code|SUB             SP, SP, #0x54 ; 'T'|149-176
79348|code|LDR             R3, [R4]|35-104
79350|code|MOVS            R0, #0; fd|0-32
79352|code|ADD             R1, SP, #0xC0+var_B0; termios_p|4-169
79354|code|STR             R3, [SP,#0xC0+var_74]|19-147
79356|code|BLX             tcgetattr|255-247-26-234
79360|code|CMP             R0, #0|0-40
79362|code|BLT             loc_13626|16-219
79364|code|LDR             R3, [SP,#0xC0+var_B0.c_lflag]|7-155
79366|code|MOVS            R0, #0; fd|0-32
79368|code|ADD             R2, SP, #0xC0+var_B0; termios_p|4-170
79370|code|MOV             R1, R0; optional_actions|1-70
79372|code|ORR.W           R3, R3, #8|67-240-8-3
79376|code|STR             R3, [SP,#0xC0+var_B0.c_lflag]|7-147
79378|code|BLX             tcsetattr|255-247-2-233
79382|code|CMP             R0, #0|0-40
79384|code|BLT             loc_13678|46-219
79386|code|LDR             R2, [SP,#0xC0+var_74]|19-154
79388|code|LDR             R3, [R4]|35-104
79390|code|CMP             R2, R3|154-66
79392|code|BNE             loc_13674|40-209
79394|code|ADD             SP, SP, #0x54 ; 'T'|21-176
79396|code|POP             {R4,R5,PC}|48-189
79398|code|MOVS            R0, #8; thrown_size|8-32
79400|code|ADD             R4, SP, #0x60+var_54|3-172
79402|code|BLX             __cxa_allocate_exception|255-247-54-232
79406|code|MOV             R5, R0|5-70
79408|code|BLX             __errno_location|255-247-6-234
79412|code|LDR             R0, [R0]; errnum|0-104
79414|code|BLX             strerror|255-247-66-232
79418|code|ADD             R2, SP, #0x60+var_5C|1-170
79420|code|MOV             R1, R0|1-70
79422|code|MOV             R0, R4|32-70
79424|code|BLX             _ZNSsC1EPKcRKSaIcE; std::string::string(char const*,std::allocator<char> const&)|255-247-20-233
79428|code|MOV             R0, R5; this|40-70
79430|code|MOV             R1, R4; std::string *|33-70
79432|code|BLX             _ZNSt13runtime_errorC1ERKSs; std::runtime_error::runtime_error(std::string const&)|255-247-100-232
79436|code|LDR             R3, [SP,#0x60+var_54]|3-155
79438|code|MOV             R2, #0x2E240|78-242-64-34-192-242-2-2
79446|code|SUB.W           R0, R3, #0xC|163-241-12-0
79450|code|CMP             R0, R2|144-66
79452|code|BNE             loc_136A0|32-209
79454|code|MOVW            R1, #0xE538|78-242-56-81
79458|code|MOVW            R2, #0x27E8|66-242-232-114
79462|code|MOV             R0, R5; void *|40-70
79464|code|MOVT.W          R1, #2; lptinfo|192-242-2-1
79468|code|MOVT.W          R2, #1; void (__cdecl *)(void *)|192-242-1-2
79472|code|BLX             __cxa_throw|255-247-218-233
79476|code|BLX             __stack_chk_fail|255-247-232-232
79480|code|MOVS            R0, #8; thrown_size|8-32
79482|code|ADD             R4, SP, #0x60+var_54|3-172
79484|code|BLX             __cxa_allocate_exception|255-247-12-232
79488|code|MOV             R5, R0|5-70
79490|code|BLX             __errno_location|255-247-222-233
79494|code|LDR             R0, [R0]; errnum|0-104
79496|code|BLX             strerror|255-247-24-232
79500|code|ADD             R2, SP, #0x60+var_5C|1-170
79502|code|MOV             R1, R0|1-70
79504|code|MOV             R0, R4|32-70
79506|code|BLX             _ZNSsC1EPKcRKSaIcE; std::string::string(char const*,std::allocator<char> const&)|255-247-236-232
79510|code|MOV             R0, R5; this|40-70
79512|code|MOV             R1, R4; std::string *|33-70
79514|code|BLX             _ZNSt13runtime_errorC1ERKSs; std::runtime_error::runtime_error(std::string const&)|255-247-60-232
79518|code|B               loc_1364C|213-231
79520|code|ADD             R1, SP, #0x60+var_58|2-169
79522|code|BL              sub_134BC|255-247-11-255
79526|code|B               loc_1365E|218-231
79528|code|LDR             R3, [SP,#0x60+var_54]|3-155
79530|code|MOV             R2, #0x2E240|78-242-64-34-192-242-2-2
79538|code|SUB.W           R0, R3, #0xC|163-241-12-0
79542|code|CMP             R0, R2|144-66
79544|code|BEQ             loc_136C0|2-208
79546|code|ADD             R1, SP, #0x60+var_58|2-169
79548|code|BL              sub_134BC|255-247-254-254
79552|code|MOV             R0, R5; void *|40-70
79554|code|BLX             __cxa_free_exception|255-247-52-232
79558|code|BLX             __cxa_end_cleanup|255-247-198-232
79562|code|B               loc_136C0|249-231
79564|code|LDRB            LR, [R7,R12,ROR#15]!|236-231-247-231
79568|code|PUSH            {R4,LR}|16-181
79570|code|MOV             R4, #0x2E300|78-242-0-52-192-242-2-4
79578|code|MOV             R1, #0x1B7D0|75-242-208-113-192-242-1-1
79586|code|MOV             R0, R4|32-70
79588|code|MOVS            R2, #0x15|21-34
79590|code|BLX             _ZSt16__ostream_insertIcSt11char_traitsIcEERSt13basic_ostreamIT_T0_ES6_PKS3_i; std::__ostream_insert<char,std::char_traits<char>>(std::basic_ostream<char,std::char_traits<char>> &,char const*,int)|255-247-242-232
79594|code|MOVW            R1, #0xB7E8|75-242-232-113
79598|code|MOV             R0, R4|32-70
79600|code|MOVS            R2, #9|9-34
79602|code|MOVT.W          R1, #1|192-242-1-1
79606|code|BLX             _ZSt16__ostream_insertIcSt11char_traitsIcEERSt13basic_ostreamIT_T0_ES6_PKS3_i; std::__ostream_insert<char,std::char_traits<char>>(std::basic_ostream<char,std::char_traits<char>> &,char const*,int)|255-247-234-232
79610|code|LDR             R3, [R4]; std::cout|35-104
79612|code|LDR.W           R3, [R3,#-0xC]|83-248-12-60
79616|code|ADD             R4, R3|28-68
79618|code|LDR             R4, [R4,#0x7C]|228-111
79620|code|CBZ             R4, loc_13746|252-177
79622|code|LDRB            R3, [R4,#0x1C]|35-127
79624|code|CBZ             R3, loc_13722|91-177
79626|code|LDRB.W          R1, [R4,#0x27]; char|148-248-39-16
79630|code|MOV             R0, #_ZSt4cout; this|78-242-0-48-192-242-2-0
79638|code|BLX             _ZNSo3putEc; std::ostream::put(char)|254-247-86-239
79642|code|POP.W           {R4,LR}|189-232-16-64
79646|code|B.W             j__ZNSo5flushEv; std::ostream::flush(void)|254-247-241-191
79650|code|MOV             R0, R4|32-70
79652|code|BLX             _ZNKSt5ctypeIcE13_M_widen_initEv; std::ctype<char>::_M_widen_init(void)|255-247-168-232
79656|code|LDR             R2, [R4]|34-104
79658|code|MOV             R3, #0x14029|68-242-41-3-192-242-1-3
79666|code|LDR             R2, [R2,#0x18]|146-105
79668|code|CMP             R2, R3|154-66
79670|code|IT EQ|8-191
79672|code|MOVEQ           R1, #0xA|10-33
79674|code|BEQ             loc_1370E|232-208
79676|code|MOVS            R1, #0xA|10-33
79678|code|MOV             R0, R4|32-70
79680|code|BLX             R2|144-71
79682|code|MOV             R1, R0|1-70
79684|code|B               loc_1370E|227-231
79686|code|BLX             _ZSt16__throw_bad_castv; std::__throw_bad_cast(void)|255-247-170-232
79690|data|ALIGN 4|0-191
79692|code|PUSH            {R4,LR}|16-181
79694|code|MOV             R4, #0x2E300|78-242-0-52-192-242-2-4
79702|code|MOVW            R1, #0xB514|75-242-20-81
79706|code|MOV             R0, R4|32-70
79708|code|MOVT.W          R1, #1|192-242-1-1
79712|code|MOV.W           R2, #0x2B8|79-244-46-114
79716|code|BLX             _ZSt16__ostream_insertIcSt11char_traitsIcEERSt13basic_ostreamIT_T0_ES6_PKS3_i; std::__ostream_insert<char,std::char_traits<char>>(std::basic_ostream<char,std::char_traits<char>> &,char const*,int)|255-247-178-232
79720|code|LDR             R3, [R4]; std::cout|35-104
79722|code|LDR.W           R3, [R3,#-0xC]|83-248-12-60
79726|code|ADD             R4, R3|28-68
79728|code|LDR             R4, [R4,#0x7C]|228-111
79730|code|CBZ             R4, loc_137B4|252-177
79732|code|LDRB            R3, [R4,#0x1C]|35-127
79734|code|CBZ             R3, loc_13790|91-177
79736|code|LDRB.W          R1, [R4,#0x27]; char|148-248-39-16
79740|code|MOV             R0, #_ZSt4cout; this|78-242-0-48-192-242-2-0
79748|code|BLX             _ZNSo3putEc; std::ostream::put(char)|254-247-30-239
79752|code|POP.W           {R4,LR}|189-232-16-64
79756|code|B.W             j__ZNSo5flushEv; std::ostream::flush(void)|254-247-186-191
79760|code|MOV             R0, R4|32-70
79762|code|BLX             _ZNKSt5ctypeIcE13_M_widen_initEv; std::ctype<char>::_M_widen_init(void)|255-247-114-232
79766|code|LDR             R2, [R4]|34-104
79768|code|MOV             R3, #0x14029|68-242-41-3-192-242-1-3
79776|code|LDR             R2, [R2,#0x18]|146-105
79778|code|CMP             R2, R3|154-66
79780|code|IT EQ|8-191
79782|code|MOVEQ           R1, #0xA|10-33
79784|code|BEQ             loc_1377C|232-208
79786|code|MOVS            R1, #0xA|10-33
79788|code|MOV             R0, R4|32-70
79790|code|BLX             R2|144-71
79792|code|MOV             R1, R0|1-70
79794|code|B               loc_1377C|227-231
79796|code|BLX             _ZSt16__throw_bad_castv; std::__throw_bad_cast(void)|255-247-114-232
79800|code|PUSH            {R4-R6,LR}|112-181
79802|code|MOV             R4, #0x2E300|78-242-0-52-192-242-2-4
79810|code|LDR             R3, [R4]; std::cout|35-104
79812|code|LDR.W           R3, [R3,#-0xC]|83-248-12-60
79816|code|ADD             R3, R4|35-68
79818|code|LDR             R5, [R3,#0x7C]|221-111
79820|code|CMP             R5, #0|0-45
79822|code|BEQ.W           loc_14022|0-240-40-132
79826|code|LDRB            R3, [R5,#0x1C]|43-127
79828|code|MOV             R6, R0|6-70
79830|code|CMP             R3, #0|0-43
79832|code|BEQ.W           loc_13CA2|0-240-99-130
79836|code|LDRB.W          R1, [R5,#0x27]; char|149-248-39-16
79840|code|MOV             R5, #_ZSt4cout; std::cout|78-242-0-53-192-242-2-5
79848|code|MOV             R0, R5; this|40-70
79850|code|BLX             _ZNSo3putEc; std::ostream::put(char)|254-247-236-238
79854|code|BLX             _ZNSo5flushEv; std::ostream::flush(void)|254-247-140-239
79858|code|MOV             R0, R6; path|48-70
79860|code|BLX             __xpg_basename|255-247-60-233
79864|code|MOV             R6, R0|6-70
79866|code|CMP             R0, #0|0-40
79868|code|BEQ.W           loc_1400C|0-240-6-132
79872|code|BLX             strlen|255-247-190-232
79876|code|MOV             R1, R6|49-70
79878|code|MOV             R2, R0|2-70
79880|code|MOV             R0, R5|40-70
79882|code|BLX             _ZSt16__ostream_insertIcSt11char_traitsIcEERSt13basic_ostreamIT_T0_ES6_PKS3_i; std::__ostream_insert<char,std::char_traits<char>>(std::basic_ostream<char,std::char_traits<char>> &,char const*,int)|255-247-96-232
79886|code|MOVW            R0, #0xE300|78-242-0-48
79890|code|MOVW            R1, #0xB7F4|75-242-244-113
79894|code|MOVT.W          R0, #2|192-242-2-0
79898|code|MOVT.W          R1, #1|192-242-1-1
79902|code|MOVS            R2, #0x37 ; '7'|55-34
79904|code|BLX             _ZSt16__ostream_insertIcSt11char_traitsIcEERSt13basic_ostreamIT_T0_ES6_PKS3_i; std::__ostream_insert<char,std::char_traits<char>>(std::basic_ostream<char,std::char_traits<char>> &,char const*,int)|255-247-84-232
79908|code|LDR             R3, [R4]; std::cout|35-104
79910|code|LDR.W           R3, [R3,#-0xC]|83-248-12-60
79914|code|ADD             R3, R4|35-68
79916|code|LDR             R5, [R3,#0x7C]|221-111
79918|code|CMP             R5, #0|0-45
79920|code|BEQ.W           loc_14022|0-240-247-131
79924|code|LDRB            R3, [R5,#0x1C]|43-127
79926|code|CMP             R3, #0|0-43
79928|code|BEQ.W           loc_13CC8|0-240-70-130
79932|code|LDRB.W          R1, [R5,#0x27]; char|149-248-39-16
79936|code|MOV             R0, #_ZSt4cout; this|78-242-0-48-192-242-2-0
79944|code|BLX             _ZNSo3putEc; std::ostream::put(char)|254-247-188-238
79948|code|BLX             _ZNSo5flushEv; std::ostream::flush(void)|254-247-92-239
79952|code|LDR             R3, [R0]|3-104
79954|code|MOV             R6, R0|6-70
79956|code|LDR.W           R3, [R3,#-0xC]|83-248-12-60
79960|code|ADD             R3, R0|3-68
79962|code|LDR             R5, [R3,#0x7C]|221-111
79964|code|CMP             R5, #0|0-45
79966|code|BEQ.W           loc_14022|0-240-224-131
79970|code|LDRB            R3, [R5,#0x1C]|43-127
79972|code|CMP             R3, #0|0-43
79974|code|BEQ.W           loc_13CEE|0-240-66-130
79978|code|LDRB.W          R1, [R5,#0x27]; char|149-248-39-16
79982|code|MOV             R0, R6; this|48-70
79984|code|BLX             _ZNSo3putEc; std::ostream::put(char)|254-247-168-238
79988|code|BLX             _ZNSo5flushEv; std::ostream::flush(void)|254-247-72-239
79992|code|MOVW            R0, #0xE300|78-242-0-48
79996|code|MOVW            R1, #0xB82C|75-246-44-1
80000|code|MOVT.W          R0, #2|192-242-2-0
80004|code|MOVT.W          R1, #1|192-242-1-1
80008|code|MOVS            R2, #0x1D|29-34
80010|code|BLX             _ZSt16__ostream_insertIcSt11char_traitsIcEERSt13basic_ostreamIT_T0_ES6_PKS3_i; std::__ostream_insert<char,std::char_traits<char>>(std::basic_ostream<char,std::char_traits<char>> &,char const*,int)|255-247-32-232
80014|code|LDR             R3, [R4]; std::cout|35-104
80016|code|LDR.W           R3, [R3,#-0xC]|83-248-12-60
80020|code|ADD             R3, R4|35-68
80022|code|LDR             R5, [R3,#0x7C]|221-111
80024|code|CMP             R5, #0|0-45
80026|code|BEQ.W           loc_14022|0-240-194-131
80030|code|LDRB            R3, [R5,#0x1C]|43-127
80032|code|CMP             R3, #0|0-43
80034|code|BEQ.W           loc_13D14|0-240-55-130
80038|code|LDRB.W          R1, [R5,#0x27]; char|149-248-39-16
80042|code|MOV             R0, #_ZSt4cout; this|78-242-0-48-192-242-2-0
80050|code|BLX             _ZNSo3putEc; std::ostream::put(char)|254-247-136-238
80054|code|BLX             _ZNSo5flushEv; std::ostream::flush(void)|254-247-40-239
80058|code|LDR             R3, [R0]|3-104
80060|code|MOV             R6, R0|6-70
80062|code|LDR.W           R3, [R3,#-0xC]|83-248-12-60
80066|code|ADD             R3, R0|3-68
80068|code|LDR             R5, [R3,#0x7C]|221-111
80070|code|CMP             R5, #0|0-45
80072|code|BEQ.W           loc_14022|0-240-171-131
80076|code|LDRB            R3, [R5,#0x1C]|43-127
80078|code|CMP             R3, #0|0-43
80080|code|BEQ.W           loc_13D3A|0-240-51-130
80084|code|LDRB.W          R1, [R5,#0x27]; char|149-248-39-16
80088|code|MOV             R0, R6; this|48-70
80090|code|BLX             _ZNSo3putEc; std::ostream::put(char)|254-247-116-238
80094|code|BLX             _ZNSo5flushEv; std::ostream::flush(void)|254-247-20-239
80098|code|MOVW            R0, #0xE300|78-242-0-48
80102|code|MOVW            R1, #0xB84C|75-246-76-1
80106|code|MOVT.W          R0, #2|192-242-2-0
80110|code|MOVT.W          R1, #1|192-242-1-1
80114|code|MOVS            R2, #0x16|22-34
80116|code|BLX             _ZSt16__ostream_insertIcSt11char_traitsIcEERSt13basic_ostreamIT_T0_ES6_PKS3_i; std::__ostream_insert<char,std::char_traits<char>>(std::basic_ostream<char,std::char_traits<char>> &,char const*,int)|254-247-234-239
80120|code|LDR             R3, [R4]; std::cout|35-104
80122|code|LDR.W           R3, [R3,#-0xC]|83-248-12-60
80126|code|ADD             R3, R4|35-68
80128|code|LDR             R5, [R3,#0x7C]|221-111
80130|code|CMP             R5, #0|0-45
80132|code|BEQ.W           loc_14022|0-240-141-131
80136|code|LDRB            R3, [R5,#0x1C]|43-127
80138|code|CMP             R3, #0|0-43
80140|code|BEQ.W           loc_13D60|0-240-40-130
80144|code|LDRB.W          R1, [R5,#0x27]; char|149-248-39-16
80148|code|MOV             R0, #_ZSt4cout; this|78-242-0-48-192-242-2-0
80156|code|BLX             _ZNSo3putEc; std::ostream::put(char)|254-247-82-238
80160|code|BLX             _ZNSo5flushEv; std::ostream::flush(void)|254-247-242-238
80164|code|LDR             R3, [R0]|3-104
80166|code|MOV             R6, R0|6-70
80168|code|LDR.W           R3, [R3,#-0xC]|83-248-12-60
80172|code|ADD             R3, R0|3-68
80174|code|LDR             R5, [R3,#0x7C]|221-111
80176|code|CMP             R5, #0|0-45
80178|code|BEQ.W           loc_14022|0-240-118-131
80182|code|LDRB            R3, [R5,#0x1C]|43-127
80184|code|CMP             R3, #0|0-43
80186|code|BEQ.W           loc_13D86|0-240-36-130
80190|code|LDRB.W          R1, [R5,#0x27]; char|149-248-39-16
80194|code|MOV             R0, R6; this|48-70
80196|code|BLX             _ZNSo3putEc; std::ostream::put(char)|254-247-62-238
80200|code|BLX             _ZNSo5flushEv; std::ostream::flush(void)|254-247-222-238
80204|code|MOVW            R0, #0xE300|78-242-0-48
80208|code|MOVW            R1, #0xB864|75-246-100-1
80212|code|MOVT.W          R0, #2|192-242-2-0
80216|code|MOVT.W          R1, #1|192-242-1-1
80220|code|MOVS            R2, #0x3C ; '<'|60-34
80222|code|BLX             _ZSt16__ostream_insertIcSt11char_traitsIcEERSt13basic_ostreamIT_T0_ES6_PKS3_i; std::__ostream_insert<char,std::char_traits<char>>(std::basic_ostream<char,std::char_traits<char>> &,char const*,int)|254-247-182-239
80226|code|LDR             R3, [R4]; std::cout|35-104
80228|code|LDR.W           R3, [R3,#-0xC]|83-248-12-60
80232|code|ADD             R3, R4|35-68
80234|code|LDR             R5, [R3,#0x7C]|221-111
80236|code|CMP             R5, #0|0-45
80238|code|BEQ.W           loc_14022|0-240-88-131
80242|code|LDRB            R3, [R5,#0x1C]|43-127
80244|code|CMP             R3, #0|0-43
80246|code|BEQ.W           loc_13DAC|0-240-25-130
80250|code|LDRB.W          R1, [R5,#0x27]; char|149-248-39-16
80254|code|MOV             R0, #_ZSt4cout; this|78-242-0-48-192-242-2-0
80262|code|BLX             _ZNSo3putEc; std::ostream::put(char)|254-247-30-238
80266|code|BLX             _ZNSo5flushEv; std::ostream::flush(void)|254-247-190-238
80270|code|MOVW            R1, #0xB8A4|75-246-164-1
80274|code|MOVS            R2, #0x27 ; '''|39-34
80276|code|MOVT.W          R1, #1|192-242-1-1
80280|code|MOV             R6, R0|6-70
80282|code|BLX             _ZSt16__ostream_insertIcSt11char_traitsIcEERSt13basic_ostreamIT_T0_ES6_PKS3_i; std::__ostream_insert<char,std::char_traits<char>>(std::basic_ostream<char,std::char_traits<char>> &,char const*,int)|254-247-152-239
80286|code|LDR             R3, [R6]|51-104
80288|code|LDR.W           R3, [R3,#-0xC]|83-248-12-60
80292|code|ADD             R3, R6|51-68
80294|code|LDR             R5, [R3,#0x7C]|221-111
80296|code|CMP             R5, #0|0-45
80298|code|BEQ.W           loc_14022|0-240-58-131
80302|code|LDRB            R3, [R5,#0x1C]|43-127
80304|code|CMP             R3, #0|0-43
80306|code|BEQ.W           loc_13DD2|0-240-14-130
80310|code|LDRB.W          R1, [R5,#0x27]; char|149-248-39-16
80314|code|MOV             R0, R6; this|48-70
80316|code|BLX             _ZNSo3putEc; std::ostream::put(char)|254-247-2-238
80320|code|BLX             _ZNSo5flushEv; std::ostream::flush(void)|254-247-162-238
80324|code|LDR             R3, [R0]|3-104
80326|code|MOV             R6, R0|6-70
80328|code|LDR.W           R3, [R3,#-0xC]|83-248-12-60
80332|code|ADD             R3, R0|3-68
80334|code|LDR             R5, [R3,#0x7C]|221-111
80336|code|CMP             R5, #0|0-45
80338|code|BEQ.W           loc_14022|0-240-38-131
80342|code|LDRB            R3, [R5,#0x1C]|43-127
80344|code|CMP             R3, #0|0-43
80346|code|BEQ.W           loc_13DF8|0-240-13-130
80350|code|LDRB.W          R1, [R5,#0x27]; char|149-248-39-16
80354|code|MOV             R0, R6; this|48-70
80356|code|BLX             _ZNSo3putEc; std::ostream::put(char)|254-247-238-237
80360|code|BLX             _ZNSo5flushEv; std::ostream::flush(void)|254-247-142-238
80364|code|MOVW            R0, #0xE300|78-242-0-48
80368|code|MOVW            R1, #0xB8CC|75-246-204-1
80372|code|MOVT.W          R0, #2|192-242-2-0
80376|code|MOVT.W          R1, #1|192-242-1-1
80380|code|MOVS            R2, #0x12|18-34
80382|code|BLX             _ZSt16__ostream_insertIcSt11char_traitsIcEERSt13basic_ostreamIT_T0_ES6_PKS3_i; std::__ostream_insert<char,std::char_traits<char>>(std::basic_ostream<char,std::char_traits<char>> &,char const*,int)|254-247-102-239
80386|code|LDR             R3, [R4]; std::cout|35-104
80388|code|LDR.W           R3, [R3,#-0xC]|83-248-12-60
80392|code|ADD             R3, R4|35-68
80394|code|LDR             R5, [R3,#0x7C]|221-111
80396|code|CMP             R5, #0|0-45
80398|code|BEQ.W           loc_14022|0-240-8-131
80402|code|LDRB            R3, [R5,#0x1C]|43-127
80404|code|CMP             R3, #0|0-43
80406|code|BEQ.W           loc_13E1E|0-240-2-130
80410|code|LDRB.W          R1, [R5,#0x27]; char|149-248-39-16
80414|code|MOV             R0, #_ZSt4cout; this|78-242-0-48-192-242-2-0
80422|code|BLX             _ZNSo3putEc; std::ostream::put(char)|254-247-206-237
80426|code|BLX             _ZNSo5flushEv; std::ostream::flush(void)|254-247-110-238
80430|code|LDR             R3, [R0]|3-104
80432|code|MOV             R6, R0|6-70
80434|code|LDR.W           R3, [R3,#-0xC]|83-248-12-60
80438|code|ADD             R3, R0|3-68
80440|code|LDR             R5, [R3,#0x7C]|221-111
80442|code|CMP             R5, #0|0-45
80444|code|BEQ.W           loc_14022|0-240-241-130
80448|code|LDRB            R3, [R5,#0x1C]|43-127
80450|code|CMP             R3, #0|0-43
80452|code|BEQ.W           loc_13E44|0-240-254-129
80456|code|LDRB.W          R1, [R5,#0x27]; char|149-248-39-16
80460|code|MOV             R0, R6; this|48-70
80462|code|BLX             _ZNSo3putEc; std::ostream::put(char)|254-247-186-237
80466|code|BLX             _ZNSo5flushEv; std::ostream::flush(void)|254-247-90-238
80470|code|MOVW            R0, #0xE300|78-242-0-48
80474|code|MOVW            R1, #0xB8E0|75-246-224-1
80478|code|MOVT.W          R0, #2|192-242-2-0
80482|code|MOVT.W          R1, #1|192-242-1-1
80486|code|MOVS            R2, #0x21 ; '!'|33-34
80488|code|BLX             _ZSt16__ostream_insertIcSt11char_traitsIcEERSt13basic_ostreamIT_T0_ES6_PKS3_i; std::__ostream_insert<char,std::char_traits<char>>(std::basic_ostream<char,std::char_traits<char>> &,char const*,int)|254-247-48-239
80492|code|LDR             R3, [R4]; std::cout|35-104
80494|code|LDR.W           R3, [R3,#-0xC]|83-248-12-60
80498|code|ADD             R3, R4|35-68
80500|code|LDR             R5, [R3,#0x7C]|221-111
80502|code|CMP             R5, #0|0-45
80504|code|BEQ.W           loc_14022|0-240-211-130
80508|code|LDRB            R3, [R5,#0x1C]|43-127
80510|code|CMP             R3, #0|0-43
80512|code|BEQ.W           loc_13E6A|0-240-243-129
80516|code|LDRB.W          R1, [R5,#0x27]; char|149-248-39-16
80520|code|MOV             R0, #_ZSt4cout; this|78-242-0-48-192-242-2-0
80528|code|BLX             _ZNSo3putEc; std::ostream::put(char)|254-247-152-237
80532|code|BLX             _ZNSo5flushEv; std::ostream::flush(void)|254-247-56-238
80536|code|MOVW            R1, #0xB904|75-246-4-17
80540|code|MOVS            R2, #0xB|11-34
80542|code|MOVT.W          R1, #1|192-242-1-1
80546|code|MOV             R6, R0|6-70
80548|code|BLX             _ZSt16__ostream_insertIcSt11char_traitsIcEERSt13basic_ostreamIT_T0_ES6_PKS3_i; std::__ostream_insert<char,std::char_traits<char>>(std::basic_ostream<char,std::char_traits<char>> &,char const*,int)|254-247-18-239
80552|code|LDR             R3, [R6]|51-104
80554|code|LDR.W           R3, [R3,#-0xC]|83-248-12-60
80558|code|ADD             R3, R6|51-68
80560|code|LDR             R5, [R3,#0x7C]|221-111
80562|code|CMP             R5, #0|0-45
80564|code|BEQ.W           loc_14022|0-240-181-130
80568|code|LDRB            R3, [R5,#0x1C]|43-127
80570|code|CMP             R3, #0|0-43
80572|code|BEQ.W           loc_13E90|0-240-232-129
80576|code|LDRB.W          R1, [R5,#0x27]; char|149-248-39-16
80580|code|MOV             R0, R6; this|48-70
80582|code|BLX             _ZNSo3putEc; std::ostream::put(char)|254-247-126-237
80586|code|BLX             _ZNSo5flushEv; std::ostream::flush(void)|254-247-30-238
80590|code|LDR             R3, [R0]|3-104
80592|code|MOV             R6, R0|6-70
80594|code|LDR.W           R3, [R3,#-0xC]|83-248-12-60
80598|code|ADD             R3, R0|3-68
80600|code|LDR             R5, [R3,#0x7C]|221-111
80602|code|CMP             R5, #0|0-45
80604|code|BEQ.W           loc_14022|0-240-161-130
80608|code|LDRB            R3, [R5,#0x1C]|43-127
80610|code|CMP             R3, #0|0-43
80612|code|BEQ.W           loc_13EB6|0-240-231-129
80616|code|LDRB.W          R1, [R5,#0x27]; char|149-248-39-16
80620|code|MOV             R0, R6; this|48-70
80622|code|BLX             _ZNSo3putEc; std::ostream::put(char)|254-247-106-237
80626|code|BLX             _ZNSo5flushEv; std::ostream::flush(void)|254-247-10-238
80630|code|MOVW            R0, #0xE300|78-242-0-48
80634|code|MOVW            R1, #0xB910|75-246-16-17
80638|code|MOVT.W          R0, #2|192-242-2-0
80642|code|MOVT.W          R1, #1|192-242-1-1
80646|code|MOVS            R2, #0x20 ; ' '|32-34
80648|code|BLX             _ZSt16__ostream_insertIcSt11char_traitsIcEERSt13basic_ostreamIT_T0_ES6_PKS3_i; std::__ostream_insert<char,std::char_traits<char>>(std::basic_ostream<char,std::char_traits<char>> &,char const*,int)|254-247-224-238
80652|code|LDR             R3, [R4]; std::cout|35-104
80654|code|LDR.W           R3, [R3,#-0xC]|83-248-12-60
80658|code|ADD             R3, R4|35-68
80660|code|LDR             R5, [R3,#0x7C]|221-111
80662|code|CMP             R5, #0|0-45
80664|code|BEQ.W           loc_14022|0-240-131-130
80668|code|LDRB            R3, [R5,#0x1C]|43-127
80670|code|CMP             R3, #0|0-43
80672|code|BEQ.W           loc_13EDC|0-240-220-129
80676|code|LDRB.W          R1, [R5,#0x27]; char|149-248-39-16
80680|code|MOV             R0, #_ZSt4cout; this|78-242-0-48-192-242-2-0
80688|code|BLX             _ZNSo3putEc; std::ostream::put(char)|254-247-72-237
80692|code|BLX             _ZNSo5flushEv; std::ostream::flush(void)|254-247-232-237
80696|code|LDR             R3, [R0]|3-104
80698|code|MOV             R6, R0|6-70
80700|code|LDR.W           R3, [R3,#-0xC]|83-248-12-60
80704|code|ADD             R3, R0|3-68
80706|code|LDR             R5, [R3,#0x7C]|221-111
80708|code|CMP             R5, #0|0-45
80710|code|BEQ.W           loc_14022|0-240-108-130
80714|code|LDRB            R3, [R5,#0x1C]|43-127
80716|code|CMP             R3, #0|0-43
80718|code|BEQ.W           loc_13F02|0-240-216-129
80722|code|LDRB.W          R1, [R5,#0x27]; char|149-248-39-16
80726|code|MOV             R0, R6; this|48-70
80728|code|BLX             _ZNSo3putEc; std::ostream::put(char)|254-247-52-237
80732|code|BLX             _ZNSo5flushEv; std::ostream::flush(void)|254-247-212-237
80736|code|MOVW            R0, #0xE300|78-242-0-48
80740|code|MOVW            R1, #0xB934|75-246-52-17
80744|code|MOVT.W          R0, #2|192-242-2-0
80748|code|MOVT.W          R1, #1|192-242-1-1
80752|code|MOVS            R2, #0x19|25-34
80754|code|BLX             _ZSt16__ostream_insertIcSt11char_traitsIcEERSt13basic_ostreamIT_T0_ES6_PKS3_i; std::__ostream_insert<char,std::char_traits<char>>(std::basic_ostream<char,std::char_traits<char>> &,char const*,int)|254-247-172-238
80758|code|LDR             R3, [R4]; std::cout|35-104
80760|code|LDR.W           R3, [R3,#-0xC]|83-248-12-60
80764|code|ADD             R3, R4|35-68
80766|code|LDR             R5, [R3,#0x7C]|221-111
80768|code|CMP             R5, #0|0-45
80770|code|BEQ.W           loc_14022|0-240-78-130
80774|code|LDRB            R3, [R5,#0x1C]|43-127
80776|code|CMP             R3, #0|0-43
80778|code|BEQ.W           loc_13F28|0-240-205-129
80782|code|LDRB.W          R1, [R5,#0x27]; char|149-248-39-16
80786|code|MOV             R0, #_ZSt4cout; this|78-242-0-48-192-242-2-0
80794|code|BLX             _ZNSo3putEc; std::ostream::put(char)|254-247-20-237
80798|code|BLX             _ZNSo5flushEv; std::ostream::flush(void)|254-247-180-237
80802|code|LDR             R3, [R0]|3-104
80804|code|MOV             R6, R0|6-70
80806|code|LDR.W           R3, [R3,#-0xC]|83-248-12-60
80810|code|ADD             R3, R0|3-68
80812|code|LDR             R5, [R3,#0x7C]|221-111
80814|code|CMP             R5, #0|0-45
80816|code|BEQ.W           loc_14022|0-240-55-130
80820|code|LDRB            R3, [R5,#0x1C]|43-127
80822|code|CMP             R3, #0|0-43
80824|code|BEQ.W           loc_13F4E|0-240-201-129
80828|code|LDRB.W          R1, [R5,#0x27]; char|149-248-39-16
80832|code|MOV             R0, R6; this|48-70
80834|code|BLX             _ZNSo3putEc; std::ostream::put(char)|254-247-0-237
80838|code|BLX             _ZNSo5flushEv; std::ostream::flush(void)|254-247-160-237
80842|code|MOVW            R0, #0xE300|78-242-0-48
80846|code|MOVW            R1, #0xB950|75-246-80-17
80850|code|MOVT.W          R0, #2|192-242-2-0
80854|code|MOVT.W          R1, #1|192-242-1-1
80858|code|MOVS            R2, #0x15|21-34
80860|code|BLX             _ZSt16__ostream_insertIcSt11char_traitsIcEERSt13basic_ostreamIT_T0_ES6_PKS3_i; std::__ostream_insert<char,std::char_traits<char>>(std::basic_ostream<char,std::char_traits<char>> &,char const*,int)|254-247-118-238
80864|code|LDR             R3, [R4]; std::cout|35-104
80866|code|LDR.W           R3, [R3,#-0xC]|83-248-12-60
80870|code|ADD             R3, R4|35-68
80872|code|LDR             R5, [R3,#0x7C]|221-111
80874|code|CMP             R5, #0|0-45
80876|code|BEQ.W           loc_14022|0-240-25-130
80880|code|LDRB            R3, [R5,#0x1C]|43-127
80882|code|CMP             R3, #0|0-43
80884|code|BEQ.W           loc_13F74|0-240-190-129
80888|code|LDRB.W          R1, [R5,#0x27]; char|149-248-39-16
80892|code|MOV             R0, #_ZSt4cout; this|78-242-0-48-192-242-2-0
80900|code|BLX             _ZNSo3putEc; std::ostream::put(char)|254-247-222-236
80904|code|BLX             _ZNSo5flushEv; std::ostream::flush(void)|254-247-126-237
80908|code|LDR             R3, [R0]|3-104
80910|code|MOV             R6, R0|6-70
80912|code|LDR.W           R3, [R3,#-0xC]|83-248-12-60
80916|code|ADD             R3, R0|3-68
80918|code|LDR             R5, [R3,#0x7C]|221-111
80920|code|CMP             R5, #0|0-45
80922|code|BEQ.W           loc_14022|0-240-2-130
80926|code|LDRB            R3, [R5,#0x1C]|43-127
80928|code|CMP             R3, #0|0-43
80930|code|BEQ.W           loc_13F9A|0-240-186-129
80934|code|LDRB.W          R1, [R5,#0x27]; char|149-248-39-16
80938|code|MOV             R0, R6; this|48-70
80940|code|BLX             _ZNSo3putEc; std::ostream::put(char)|254-247-202-236
80944|code|BLX             _ZNSo5flushEv; std::ostream::flush(void)|254-247-106-237
80948|code|MOVW            R0, #0xE300|78-242-0-48
80952|code|MOVW            R1, #0xB968|75-246-104-17
80956|code|MOVT.W          R0, #2|192-242-2-0
80960|code|MOVT.W          R1, #1|192-242-1-1
80964|code|MOVS            R2, #0x31 ; '1'|49-34
80966|code|BLX             _ZSt16__ostream_insertIcSt11char_traitsIcEERSt13basic_ostreamIT_T0_ES6_PKS3_i; std::__ostream_insert<char,std::char_traits<char>>(std::basic_ostream<char,std::char_traits<char>> &,char const*,int)|254-247-66-238
80970|code|LDR             R3, [R4]; std::cout|35-104
80972|code|LDR.W           R3, [R3,#-0xC]|83-248-12-60
80976|code|ADD             R4, R3|28-68
80978|code|LDR             R4, [R4,#0x7C]|228-111
80980|code|CMP             R4, #0|0-44
80982|code|BEQ.W           loc_14022|0-240-228-129
80986|code|LDRB            R3, [R4,#0x1C]|35-127
80988|code|CMP             R3, #0|0-43
80990|code|BEQ.W           loc_13FC0|0-240-175-129
80994|code|LDRB.W          R1, [R4,#0x27]; char|148-248-39-16
80998|code|MOV             R0, #_ZSt4cout; this|78-242-0-48-192-242-2-0
81006|code|BLX             _ZNSo3putEc; std::ostream::put(char)|254-247-170-236
81010|code|BLX             _ZNSo5flushEv; std::ostream::flush(void)|254-247-74-237
81014|code|LDR             R3, [R0]|3-104
81016|code|MOV             R5, R0|5-70
81018|code|LDR.W           R3, [R3,#-0xC]|83-248-12-60
81022|code|ADD             R3, R0|3-68
81024|code|LDR             R4, [R3,#0x7C]|220-111
81026|code|CMP             R4, #0|0-44
81028|code|BEQ.W           loc_14022|0-240-205-129
81032|code|LDRB            R3, [R4,#0x1C]|35-127
81034|code|CMP             R3, #0|0-43
81036|code|BEQ.W           loc_13FE6|0-240-171-129
81040|code|LDRB.W          R1, [R4,#0x27]; char|148-248-39-16
81044|code|MOV             R0, R5; this|40-70
81046|code|BLX             _ZNSo3putEc; std::ostream::put(char)|254-247-150-236
81050|code|POP.W           {R4-R6,LR}|189-232-112-64
81054|code|B.W             j__ZNSo5flushEv; std::ostream::flush(void)|254-247-49-189
81058|code|MOV             R0, R5|40-70
81060|code|BLX             _ZNKSt5ctypeIcE13_M_widen_initEv; std::ctype<char>::_M_widen_init(void)|254-247-232-237
81064|code|LDR             R2, [R5]|42-104
81066|code|MOV             R3, #0x14029|68-242-41-3-192-242-1-3
81074|code|LDR             R2, [R2,#0x18]|146-105
81076|code|CMP             R2, R3|154-66
81078|code|IT EQ|8-191
81080|code|MOVEQ           R1, #0xA|10-33
81082|code|BEQ.W           loc_137E0|63-244-145-173
81086|code|MOVS            R1, #0xA|10-33
81088|code|MOV             R0, R5|40-70
81090|code|BLX             R2|144-71
81092|code|MOV             R1, R0|1-70
81094|code|B               loc_137E0|139-229
81096|code|MOV             R0, R5|40-70
81098|code|BLX             _ZNKSt5ctypeIcE13_M_widen_initEv; std::ctype<char>::_M_widen_init(void)|254-247-214-237
81102|code|LDR             R2, [R5]|42-104
81104|code|MOV             R3, #0x14029|68-242-41-3-192-242-1-3
81112|code|LDR             R2, [R2,#0x18]|146-105
81114|code|CMP             R2, R3|154-66
81116|code|IT EQ|8-191
81118|code|MOVEQ           R1, #0xA|10-33
81120|code|BEQ.W           loc_13840|63-244-174-173
81124|code|MOVS            R1, #0xA|10-33
81126|code|MOV             R0, R5|40-70
81128|code|BLX             R2|144-71
81130|code|MOV             R1, R0|1-70
81132|code|B               loc_13840|168-229
81134|code|MOV             R0, R5|40-70
81136|code|BLX             _ZNKSt5ctypeIcE13_M_widen_initEv; std::ctype<char>::_M_widen_init(void)|254-247-194-237
81140|code|LDR             R2, [R5]|42-104
81142|code|MOV             R3, #0x14029|68-242-41-3-192-242-1-3
81150|code|LDR             R2, [R2,#0x18]|146-105
81152|code|CMP             R2, R3|154-66
81154|code|IT EQ|8-191
81156|code|MOVEQ           R1, #0xA|10-33
81158|code|BEQ.W           loc_1386E|63-244-178-173
81162|code|MOVS            R1, #0xA|10-33
81164|code|MOV             R0, R5|40-70
81166|code|BLX             R2|144-71
81168|code|MOV             R1, R0|1-70
81170|code|B               loc_1386E|172-229
81172|code|MOV             R0, R5|40-70
81174|code|BLX             _ZNKSt5ctypeIcE13_M_widen_initEv; std::ctype<char>::_M_widen_init(void)|254-247-176-237
81178|code|LDR             R2, [R5]|42-104
81180|code|MOV             R3, #0x14029|68-242-41-3-192-242-1-3
81188|code|LDR             R2, [R2,#0x18]|146-105
81190|code|CMP             R2, R3|154-66
81192|code|IT EQ|8-191
81194|code|MOVEQ           R1, #0xA|10-33
81196|code|BEQ.W           loc_138AA|63-244-189-173
81200|code|MOVS            R1, #0xA|10-33
81202|code|MOV             R0, R5|40-70
81204|code|BLX             R2|144-71
81206|code|MOV             R1, R0|1-70
81208|code|B               loc_138AA|183-229
81210|code|MOV             R0, R5|40-70
81212|code|BLX             _ZNKSt5ctypeIcE13_M_widen_initEv; std::ctype<char>::_M_widen_init(void)|254-247-156-237
81216|code|LDR             R2, [R5]|42-104
81218|code|MOV             R3, #0x14029|68-242-41-3-192-242-1-3
81226|code|LDR             R2, [R2,#0x18]|146-105
81228|code|CMP             R2, R3|154-66
81230|code|IT EQ|8-191
81232|code|MOVEQ           R1, #0xA|10-33
81234|code|BEQ.W           loc_138D8|63-244-193-173
81238|code|MOVS            R1, #0xA|10-33
81240|code|MOV             R0, R5|40-70
81242|code|BLX             R2|144-71
81244|code|MOV             R1, R0|1-70
81246|code|B               loc_138D8|187-229
81248|code|MOV             R0, R5|40-70
81250|code|BLX             _ZNKSt5ctypeIcE13_M_widen_initEv; std::ctype<char>::_M_widen_init(void)|254-247-138-237
81254|code|LDR             R2, [R5]|42-104
81256|code|MOV             R3, #0x14029|68-242-41-3-192-242-1-3
81264|code|LDR             R2, [R2,#0x18]|146-105
81266|code|CMP             R2, R3|154-66
81268|code|IT EQ|8-191
81270|code|MOVEQ           R1, #0xA|10-33
81272|code|BEQ.W           loc_13914|63-244-204-173
81276|code|MOVS            R1, #0xA|10-33
81278|code|MOV             R0, R5|40-70
81280|code|BLX             R2|144-71
81282|code|MOV             R1, R0|1-70
81284|code|B               loc_13914|198-229
81286|code|MOV             R0, R5|40-70
81288|code|BLX             _ZNKSt5ctypeIcE13_M_widen_initEv; std::ctype<char>::_M_widen_init(void)|254-247-118-237
81292|code|LDR             R2, [R5]|42-104
81294|code|MOV             R3, #0x14029|68-242-41-3-192-242-1-3
81302|code|LDR             R2, [R2,#0x18]|146-105
81304|code|CMP             R2, R3|154-66
81306|code|IT EQ|8-191
81308|code|MOVEQ           R1, #0xA|10-33
81310|code|BEQ.W           loc_13942|63-244-208-173
81314|code|MOVS            R1, #0xA|10-33
81316|code|MOV             R0, R5|40-70
81318|code|BLX             R2|144-71
81320|code|MOV             R1, R0|1-70
81322|code|B               loc_13942|202-229
81324|code|MOV             R0, R5|40-70
81326|code|BLX             _ZNKSt5ctypeIcE13_M_widen_initEv; std::ctype<char>::_M_widen_init(void)|254-247-100-237
81330|code|LDR             R2, [R5]|42-104
81332|code|MOV             R3, #0x14029|68-242-41-3-192-242-1-3
81340|code|LDR             R2, [R2,#0x18]|146-105
81342|code|CMP             R2, R3|154-66
81344|code|IT EQ|8-191
81346|code|MOVEQ           R1, #0xA|10-33
81348|code|BEQ.W           loc_1397E|63-244-219-173
81352|code|MOVS            R1, #0xA|10-33
81354|code|MOV             R0, R5|40-70
81356|code|BLX             R2|144-71
81358|code|MOV             R1, R0|1-70
81360|code|B               loc_1397E|213-229
81362|code|MOV             R0, R5|40-70
81364|code|BLX             _ZNKSt5ctypeIcE13_M_widen_initEv; std::ctype<char>::_M_widen_init(void)|254-247-80-237
81368|code|LDR             R2, [R5]|42-104
81370|code|MOV             R3, #0x14029|68-242-41-3-192-242-1-3
81378|code|LDR             R2, [R2,#0x18]|146-105
81380|code|CMP             R2, R3|154-66
81382|code|IT EQ|8-191
81384|code|MOVEQ           R1, #0xA|10-33
81386|code|BEQ.W           loc_139BA|63-244-230-173
81390|code|MOVS            R1, #0xA|10-33
81392|code|MOV             R0, R5|40-70
81394|code|BLX             R2|144-71
81396|code|MOV             R1, R0|1-70
81398|code|B               loc_139BA|224-229
81400|code|MOV             R0, R5|40-70
81402|code|BLX             _ZNKSt5ctypeIcE13_M_widen_initEv; std::ctype<char>::_M_widen_init(void)|254-247-62-237
81406|code|LDR             R2, [R5]|42-104
81408|code|MOV             R3, #0x14029|68-242-41-3-192-242-1-3
81416|code|LDR             R2, [R2,#0x18]|146-105
81418|code|CMP             R2, R3|154-66
81420|code|IT EQ|8-191
81422|code|MOVEQ           R1, #0xA|10-33
81424|code|BEQ.W           loc_139E2|63-244-231-173
81428|code|MOVS            R1, #0xA|10-33
81430|code|MOV             R0, R5|40-70
81432|code|BLX             R2|144-71
81434|code|MOV             R1, R0|1-70
81436|code|B               loc_139E2|225-229
81438|code|MOV             R0, R5|40-70
81440|code|BLX             _ZNKSt5ctypeIcE13_M_widen_initEv; std::ctype<char>::_M_widen_init(void)|254-247-42-237
81444|code|LDR             R2, [R5]|42-104
81446|code|MOV             R3, #0x14029|68-242-41-3-192-242-1-3
81454|code|LDR             R2, [R2,#0x18]|146-105
81456|code|CMP             R2, R3|154-66
81458|code|IT EQ|8-191
81460|code|MOVEQ           R1, #0xA|10-33
81462|code|BEQ.W           loc_13A1E|63-244-242-173
81466|code|MOVS            R1, #0xA|10-33
81468|code|MOV             R0, R5|40-70
81470|code|BLX             R2|144-71
81472|code|MOV             R1, R0|1-70
81474|code|B               loc_13A1E|236-229
81476|code|MOV             R0, R5|40-70
81478|code|BLX             _ZNKSt5ctypeIcE13_M_widen_initEv; std::ctype<char>::_M_widen_init(void)|254-247-24-237
81482|code|LDR             R2, [R5]|42-104
81484|code|MOV             R3, #0x14029|68-242-41-3-192-242-1-3
81492|code|LDR             R2, [R2,#0x18]|146-105
81494|code|CMP             R2, R3|154-66
81496|code|IT EQ|8-191
81498|code|MOVEQ           R1, #0xA|10-33
81500|code|BEQ.W           loc_13A4C|63-244-246-173
81504|code|MOVS            R1, #0xA|10-33
81506|code|MOV             R0, R5|40-70
81508|code|BLX             R2|144-71
81510|code|MOV             R1, R0|1-70
81512|code|B               loc_13A4C|240-229
81514|code|MOV             R0, R5|40-70
81516|code|BLX             _ZNKSt5ctypeIcE13_M_widen_initEv; std::ctype<char>::_M_widen_init(void)|254-247-4-237
81520|code|LDR             R2, [R5]|42-104
81522|code|MOV             R3, #0x14029|68-242-41-3-192-242-1-3
81530|code|LDR             R2, [R2,#0x18]|146-105
81532|code|CMP             R2, R3|154-66
81534|code|IT EQ|8-191
81536|code|MOVEQ           R1, #0xA|10-33
81538|code|BEQ.W           loc_13A88|63-244-1-174
81542|code|MOVS            R1, #0xA|10-33
81544|code|MOV             R0, R5|40-70
81546|code|BLX             R2|144-71
81548|code|MOV             R1, R0|1-70
81550|code|B               loc_13A88|251-229
81552|code|MOV             R0, R5|40-70
81554|code|BLX             _ZNKSt5ctypeIcE13_M_widen_initEv; std::ctype<char>::_M_widen_init(void)|254-247-242-236
81558|code|LDR             R2, [R5]|42-104
81560|code|MOV             R3, #0x14029|68-242-41-3-192-242-1-3
81568|code|LDR             R2, [R2,#0x18]|146-105
81570|code|CMP             R2, R3|154-66
81572|code|IT EQ|8-191
81574|code|MOVEQ           R1, #0xA|10-33
81576|code|BEQ.W           loc_13AC4|63-244-12-174
81580|code|MOVS            R1, #0xA|10-33
81582|code|MOV             R0, R5|40-70
81584|code|BLX             R2|144-71
81586|code|MOV             R1, R0|1-70
81588|code|B               loc_13AC4|6-230
81590|code|MOV             R0, R5|40-70
81592|code|BLX             _ZNKSt5ctypeIcE13_M_widen_initEv; std::ctype<char>::_M_widen_init(void)|254-247-222-236
81596|code|LDR             R2, [R5]|42-104
81598|code|MOV             R3, #0x14029|68-242-41-3-192-242-1-3
81606|code|LDR             R2, [R2,#0x18]|146-105
81608|code|CMP             R2, R3|154-66
81610|code|IT EQ|8-191
81612|code|MOVEQ           R1, #0xA|10-33
81614|code|BEQ.W           loc_13AEC|63-244-13-174
81618|code|MOVS            R1, #0xA|10-33
81620|code|MOV             R0, R5|40-70
81622|code|BLX             R2|144-71
81624|code|MOV             R1, R0|1-70
81626|code|B               loc_13AEC|7-230
81628|code|MOV             R0, R5|40-70
81630|code|BLX             _ZNKSt5ctypeIcE13_M_widen_initEv; std::ctype<char>::_M_widen_init(void)|254-247-204-236
81634|code|LDR             R2, [R5]|42-104
81636|code|MOV             R3, #0x14029|68-242-41-3-192-242-1-3
81644|code|LDR             R2, [R2,#0x18]|146-105
81646|code|CMP             R2, R3|154-66
81648|code|IT EQ|8-191
81650|code|MOVEQ           R1, #0xA|10-33
81652|code|BEQ.W           loc_13B28|63-244-24-174
81656|code|MOVS            R1, #0xA|10-33
81658|code|MOV             R0, R5|40-70
81660|code|BLX             R2|144-71
81662|code|MOV             R1, R0|1-70
81664|code|B               loc_13B28|18-230
81666|code|MOV             R0, R5|40-70
81668|code|BLX             _ZNKSt5ctypeIcE13_M_widen_initEv; std::ctype<char>::_M_widen_init(void)|254-247-184-236
81672|code|LDR             R2, [R5]|42-104
81674|code|MOV             R3, #0x14029|68-242-41-3-192-242-1-3
81682|code|LDR             R2, [R2,#0x18]|146-105
81684|code|CMP             R2, R3|154-66
81686|code|IT EQ|8-191
81688|code|MOVEQ           R1, #0xA|10-33
81690|code|BEQ.W           loc_13B56|63-244-28-174
81694|code|MOVS            R1, #0xA|10-33
81696|code|MOV             R0, R5|40-70
81698|code|BLX             R2|144-71
81700|code|MOV             R1, R0|1-70
81702|code|B               loc_13B56|22-230
81704|code|MOV             R0, R5|40-70
81706|code|BLX             _ZNKSt5ctypeIcE13_M_widen_initEv; std::ctype<char>::_M_widen_init(void)|254-247-166-236
81710|code|LDR             R2, [R5]|42-104
81712|code|MOV             R3, #0x14029|68-242-41-3-192-242-1-3
81720|code|LDR             R2, [R2,#0x18]|146-105
81722|code|CMP             R2, R3|154-66
81724|code|IT EQ|8-191
81726|code|MOVEQ           R1, #0xA|10-33
81728|code|BEQ.W           loc_13B92|63-244-39-174
81732|code|MOVS            R1, #0xA|10-33
81734|code|MOV             R0, R5|40-70
81736|code|BLX             R2|144-71
81738|code|MOV             R1, R0|1-70
81740|code|B               loc_13B92|33-230
81742|code|MOV             R0, R5|40-70
81744|code|BLX             _ZNKSt5ctypeIcE13_M_widen_initEv; std::ctype<char>::_M_widen_init(void)|254-247-146-236
81748|code|LDR             R2, [R5]|42-104
81750|code|MOV             R3, #0x14029|68-242-41-3-192-242-1-3
81758|code|LDR             R2, [R2,#0x18]|146-105
81760|code|CMP             R2, R3|154-66
81762|code|IT EQ|8-191
81764|code|MOVEQ           R1, #0xA|10-33
81766|code|BEQ.W           loc_13BC0|63-244-43-174
81770|code|MOVS            R1, #0xA|10-33
81772|code|MOV             R0, R5|40-70
81774|code|BLX             R2|144-71
81776|code|MOV             R1, R0|1-70
81778|code|B               loc_13BC0|37-230
81780|code|MOV             R0, R5|40-70
81782|code|BLX             _ZNKSt5ctypeIcE13_M_widen_initEv; std::ctype<char>::_M_widen_init(void)|254-247-128-236
81786|code|LDR             R2, [R5]|42-104
81788|code|MOV             R3, #0x14029|68-242-41-3-192-242-1-3
81796|code|LDR             R2, [R2,#0x18]|146-105
81798|code|CMP             R2, R3|154-66
81800|code|IT EQ|8-191
81802|code|MOVEQ           R1, #0xA|10-33
81804|code|BEQ.W           loc_13BFC|63-244-54-174
81808|code|MOVS            R1, #0xA|10-33
81810|code|MOV             R0, R5|40-70
81812|code|BLX             R2|144-71
81814|code|MOV             R1, R0|1-70
81816|code|B               loc_13BFC|48-230
81818|code|MOV             R0, R5|40-70
81820|code|BLX             _ZNKSt5ctypeIcE13_M_widen_initEv; std::ctype<char>::_M_widen_init(void)|254-247-108-236
81824|code|LDR             R2, [R5]|42-104
81826|code|MOV             R3, #0x14029|68-242-41-3-192-242-1-3
81834|code|LDR             R2, [R2,#0x18]|146-105
81836|code|CMP             R2, R3|154-66
81838|code|IT EQ|8-191
81840|code|MOVEQ           R1, #0xA|10-33
81842|code|BEQ.W           loc_13C2A|63-244-58-174
81846|code|MOVS            R1, #0xA|10-33
81848|code|MOV             R0, R5|40-70
81850|code|BLX             R2|144-71
81852|code|MOV             R1, R0|1-70
81854|code|B               loc_13C2A|52-230
81856|code|MOV             R0, R4|32-70
81858|code|BLX             _ZNKSt5ctypeIcE13_M_widen_initEv; std::ctype<char>::_M_widen_init(void)|254-247-90-236
81862|code|LDR             R2, [R4]|34-104
81864|code|MOV             R3, #0x14029|68-242-41-3-192-242-1-3
81872|code|LDR             R2, [R2,#0x18]|146-105
81874|code|CMP             R2, R3|154-66
81876|code|IT EQ|8-191
81878|code|MOVEQ           R1, #0xA|10-33
81880|code|BEQ.W           loc_13C66|63-244-69-174
81884|code|MOVS            R1, #0xA|10-33
81886|code|MOV             R0, R4|32-70
81888|code|BLX             R2|144-71
81890|code|MOV             R1, R0|1-70
81892|code|B               loc_13C66|63-230
81894|code|MOV             R0, R4|32-70
81896|code|BLX             _ZNKSt5ctypeIcE13_M_widen_initEv; std::ctype<char>::_M_widen_init(void)|254-247-70-236
81900|code|LDR             R2, [R4]|34-104
81902|code|MOV             R3, #0x14029|68-242-41-3-192-242-1-3
81910|code|LDR             R2, [R2,#0x18]|146-105
81912|code|CMP             R2, R3|154-66
81914|code|IT EQ|8-191
81916|code|MOVEQ           R1, #0xA|10-33
81918|code|BEQ.W           loc_13C94|63-244-73-174
81922|code|MOVS            R1, #0xA|10-33
81924|code|MOV             R0, R4|32-70
81926|code|BLX             R2|144-71
81928|code|MOV             R1, R0|1-70
81930|code|B               loc_13C94|67-230
81932|code|LDR             R3, [R5]; std::cout|43-104
81934|code|LDR.W           R0, [R3,#-0xC]|83-248-12-12
81938|code|ADD             R0, R5|40-68
81940|code|LDR             R1, [R0,#0x14]|65-105
81942|code|ORR.W           R1, R1, #1|65-240-1-1
81946|code|BLX             _ZNSt9basic_iosIcSt11char_traitsIcEE5clearESt12_Ios_Iostate; std::basic_ios<char,std::char_traits<char>>::clear(std::_Ios_Iostate)|254-247-250-236
81950|code|B.W             loc_1380E|255-247-246-187
81954|code|BLX             _ZSt16__throw_bad_castv; std::__throw_bad_cast(void)|254-247-60-236
81958|data|ALIGN 4|0-191
81960|code|MOV             R0, R1|8-70
81962|code|BX              LR|112-71
81964|code|PUSH.W          {R4-R9,LR}|45-233-240-67
81968|code|MOV             R6, R0|6-70
81970|code|MOVW            R7, #0xE250|78-242-80-39
81974|code|LDR.W           R4, [R6,#0x10]!|86-248-16-79
81978|code|MOVT.W          R7, #2|192-242-2-7
81982|code|SUB             SP, SP, #0x14|133-176
81984|code|CMP             R6, R4|166-66
81986|code|LDR             R3, [R7]|59-104
81988|code|MOVW            R5, #0xE240|78-242-64-37
81992|code|MOV             R8, R0|128-70
81994|code|ITT NE|28-191
81996|code|MOVNEW          R9, #0|64-242-0-9
82000|code|MOVTNE.W        R5, #2|192-242-2-5
82004|code|STR             R3, [SP,#0x30+var_24]|3-147
82006|code|IT NE|24-191
82008|code|MOVTNE.W        R9, #0|192-242-0-9
82012|code|BNE             loc_1406C|6-209
82014|code|B               loc_14146|114-224
82016|code|MOV             R0, R4; void *|32-70
82018|code|MOV             R4, R2|20-70
82020|code|BLX             _ZdlPv; operator delete(void *)|254-247-168-235
82024|code|CMP             R6, R4|166-66
82026|code|BEQ             loc_140B4|35-208
82028|code|LDR             R3, [R4,#0xC]|227-104
82030|code|LDR             R2, [R4]|34-104
82032|code|SUB.W           R0, R3, #0xC|163-241-12-0
82036|code|CMP             R0, R5|168-66
82038|code|BEQ             loc_14060|243-208
82040|code|CMP.W           R9, #0|185-241-0-15
82044|code|BEQ             loc_140DC|46-208
82046|code|SUBS            R3, #4|4-59
82048|code|DMB.W           SY|191-243-95-143
82052|code|LDREX.W         R1, [R3]|83-232-0-31
82056|code|ADD.W           LR, R1, #0xFFFFFFFF|1-241-255-62
82060|code|STREX.W         R12, LR, [R3]|67-232-0-236
82064|code|CMP.W           R12, #0|188-241-0-15
82068|code|BNE             loc_14084|246-209
82070|code|DMB.W           SY|191-243-95-143
82074|code|CMP             R1, #0|0-41
82076|code|BGT             loc_14060|224-220
82078|code|ADD             R1, SP, #0x30+var_28|2-169
82080|code|STR             R2, [SP,#0x30+var_2C]|1-146
82082|code|BLX             _ZNSs4_Rep10_M_destroyERKSaIcE; std::string::_Rep::_M_destroy(std::allocator<char> const&)|254-247-100-235
82086|code|LDR             R2, [SP,#0x30+var_2C]|1-154
82088|code|MOV             R0, R4; void *|32-70
82090|code|MOV             R4, R2|20-70
82092|code|BLX             _ZdlPv; operator delete(void *)|254-247-132-235
82096|code|CMP             R6, R4|166-66
82098|code|BNE             loc_1406C|219-209
82100|code|LDR.W           R3, [R8,#4]|216-248-4-48
82104|code|SUB.W           R0, R3, #0xC|163-241-12-0
82108|code|CMP             R0, R5|168-66
82110|code|BNE             loc_140EA|20-209
82112|code|LDR.W           R3, [R8]|216-248-0-48
82116|code|SUB.W           R0, R3, #0xC|163-241-12-0
82120|code|CMP             R0, R5|168-66
82122|code|BNE             loc_14118|37-209
82124|code|LDR             R2, [SP,#0x30+var_24]|3-154
82126|code|MOV             R0, R8|64-70
82128|code|LDR             R3, [R7]|59-104
82130|code|CMP             R2, R3|154-66
82132|code|BNE             loc_14164|70-209
82134|code|ADD             SP, SP, #0x14|5-176
82136|code|POP.W           {R4-R9,PC}|189-232-240-131
82140|code|LDR.W           R1, [R3,#-4]|83-248-4-28
82144|code|ADD.W           LR, R1, #0xFFFFFFFF|1-241-255-62
82148|code|STR.W           LR, [R3,#-4]|67-248-4-236
82152|code|B               loc_1409A|215-231
82154|code|MOV             R2, #0|64-242-0-2-192-242-0-2
82162|code|CBZ             R2, loc_14158|138-179
82164|code|SUBS            R3, #4|4-59
82166|code|DMB.W           SY|191-243-95-143
82170|code|LDREX.W         R2, [R3]|83-232-0-47
82174|code|SUBS            R1, R2, #1|81-30
82176|code|STREX.W         R4, R1, [R3]|67-232-0-20
82180|code|CMP             R4, #0|0-44
82182|code|BNE             loc_140FA|248-209
82184|code|DMB.W           SY|191-243-95-143
82188|code|CMP             R2, #0|0-42
82190|code|BGT             loc_140C0|215-220
82192|code|ADD             R1, SP, #0x30+var_28|2-169
82194|code|BLX             _ZNSs4_Rep10_M_destroyERKSaIcE; std::string::_Rep::_M_destroy(std::allocator<char> const&)|254-247-44-235
82198|code|B               loc_140C0|211-231
82200|code|MOV             R2, #0|64-242-0-2-192-242-0-2
82208|code|CBZ             R2, loc_1414C|162-177
82210|code|SUBS            R3, #4|4-59
82212|code|DMB.W           SY|191-243-95-143
82216|code|LDREX.W         R2, [R3]|83-232-0-47
82220|code|SUBS            R1, R2, #1|81-30
82222|code|STREX.W         R4, R1, [R3]|67-232-0-20
82226|code|CMP             R4, #0|0-44
82228|code|BNE             loc_14128|248-209
82230|code|DMB.W           SY|191-243-95-143
82234|code|CMP             R2, #0|0-42
82236|code|BGT             loc_140CC|198-220
82238|code|ADD             R1, SP, #0x30+var_28|2-169
82240|code|BLX             _ZNSs4_Rep10_M_destroyERKSaIcE; std::string::_Rep::_M_destroy(std::allocator<char> const&)|254-247-20-235
82244|code|B               loc_140CC|194-231
82246|code|MOVT.W          R5, #2|192-242-2-5
82250|code|B               loc_140B4|179-231
82252|code|LDR.W           R2, [R3,#-4]|83-248-4-44
82256|code|SUBS            R1, R2, #1|81-30
82258|code|STR.W           R1, [R3,#-4]|67-248-4-28
82262|code|B               loc_1413A|240-231
82264|code|LDR.W           R2, [R3,#-4]|83-248-4-44
82268|code|SUBS            R1, R2, #1|81-30
82270|code|STR.W           R1, [R3,#-4]|67-248-4-28
82274|code|B               loc_1410C|211-231
82276|code|BLX             __stack_chk_fail|254-247-112-235
82280|code|PUSH            {R3-R5,LR}|56-181
82282|code|MOV             R5, R0|5-70
82284|code|LDR             R3, [R0]|3-104
82286|code|LDR.W           R2, [R3,#-0xC]|83-248-12-44
82290|code|CMP             R2, #0|0-42
82292|code|BEQ             loc_1426E|123-208
82294|code|LDR.W           R1, [R3,#-4]|83-248-4-28
82298|code|CMP             R1, #0|0-41
82300|code|BLT             loc_14188|4-219
82302|code|BLX             _ZNSs12_M_leak_hardEv; std::string::_M_leak_hard(void)|254-247-72-234
82306|code|LDR             R3, [R5]|43-104
82308|code|LDR.W           R2, [R3,#-0xC]|83-248-12-44
82312|code|LDRB            R1, [R3]|25-120
82314|code|CMP             R1, #0x22 ; '"'|34-41
82316|code|BEQ             loc_141F4|50-208
82318|code|SUBS            R4, R2, #1|84-30
82320|code|CMP             R2, #0|0-42
82322|code|BEQ             loc_14260|101-208
82324|code|LDR.W           R2, [R3,#-4]|83-248-4-44
82328|code|CMP             R2, #0|0-42
82330|code|BLT             loc_141A4|3-219
82332|code|MOV             R0, R5; this|40-70
82334|code|BLX             _ZNSs12_M_leak_hardEv; std::string::_M_leak_hard(void)|254-247-56-234
82338|code|LDR             R3, [R5]|43-104
82340|code|LDRB            R2, [R3,R4]|26-93
82342|code|CMP             R2, #0x22 ; '"'|34-42
82344|code|BEQ             loc_14216|53-208
82346|code|MOVS            R4, #0|0-36
82348|code|B               loc_141DA|21-224
82350|code|LDR             R3, [R5]|43-104
82352|code|LDR.W           R3, [R3,#-0xC]|83-248-12-60
82356|code|CMP             R3, R4|163-66
82358|code|BCC             loc_14236|62-211
82360|code|SUBS            R2, R3, R4|26-27
82362|code|MOV             R1, R4; unsigned int|33-70
82364|code|CMP             R2, #1|1-42
82366|code|MOV.W           R3, #0; unsigned int|79-240-0-3
82370|code|MOV             R0, R5; this|40-70
82372|code|IT CS|40-191
82374|code|MOVCS           R2, #1; unsigned int|1-34
82376|code|BLX             _ZNSs9_M_mutateEjjj; std::string::_M_mutate(uint,uint,uint)|254-247-100-236
82380|code|LDR             R2, [R5]|42-104
82382|code|ADDS            R3, R4, #1|99-28
82384|code|LDR.W           R2, [R2,#-0xC]|82-248-12-44
82388|code|CMP             R3, R2|147-66
82390|code|IT CC|56-191
82392|code|MOVCC           R4, R3|28-70
82394|code|MOVW            R1, #0xBBC0|75-246-192-49
82398|code|MOV             R2, R4; unsigned int|34-70
82400|code|MOVS            R3, #2; unsigned int|2-35
82402|code|MOVT.W          R1, #1; char *|192-242-1-1
82406|code|MOV             R0, R5; this|40-70
82408|code|BLX             _ZNKSs4findEPKcjj; std::string::find(char const*,uint,uint)|254-247-242-234
82412|code|ADDS            R3, R0, #1|67-28
82414|code|MOV             R4, R0|4-70
82416|code|BNE             loc_141AE|221-209
82418|code|POP             {R3-R5,PC}|56-189
82420|code|CMP             R2, #1|1-42
82422|code|MOV.W           R1, #0; unsigned int|79-240-0-1
82426|code|MOV             R3, R1; unsigned int|11-70
82428|code|MOV             R0, R5; this|40-70
82430|code|IT CS|40-191
82432|code|MOVCS           R2, #1; unsigned int|1-34
82434|code|BLX             _ZNSs9_M_mutateEjjj; std::string::_M_mutate(uint,uint,uint)|254-247-72-236
82438|code|MOV             R0, R5; this|40-70
82440|code|MOV             R1, R5; std::string *|41-70
82442|code|BLX             _ZNSs6assignERKSs; std::string::assign(std::string const&)|254-247-102-235
82446|code|LDR             R3, [R5]|43-104
82448|code|LDR.W           R2, [R3,#-0xC]|83-248-12-44
82452|code|B               loc_1418E|187-231
82454|code|LDR.W           R3, [R3,#-0xC]|83-248-12-60
82458|code|SUBS            R2, R3, #1|90-30
82460|code|CMP             R3, R2|147-66
82462|code|BCC             loc_1424C|21-211
82464|code|MOV             R1, R2; unsigned int|17-70
82466|code|MOV             R0, R5; this|40-70
82468|code|MOVS            R2, #1; unsigned int|1-34
82470|code|MOVS            R3, #0; unsigned int|0-35
82472|code|BLX             _ZNSs9_M_mutateEjjj; std::string::_M_mutate(uint,uint,uint)|254-247-52-236
82476|code|MOV             R0, R5; this|40-70
82478|code|MOV             R1, R5; std::string *|41-70
82480|code|BLX             _ZNSs6assignERKSs; std::string::assign(std::string const&)|254-247-82-235
82484|code|B               loc_141AA|185-231
82486|code|MOVW            R0, #0xBB74|75-246-116-48
82490|code|MOVW            R1, #0xBBAC|75-246-172-49
82494|code|MOV             R2, R4|34-70
82496|code|MOVT.W          R0, #1; char *|192-242-1-0
82500|code|MOVT.W          R1, #1|192-242-1-1
82504|code|BLX             _ZSt24__throw_out_of_range_fmtPKcz; std::__throw_out_of_range_fmt(char const*,...)|254-247-148-235
82508|code|MOVW            R0, #0xBB74|75-246-116-48
82512|code|MOVW            R1, #0xBBAC|75-246-172-49
82516|code|MOVT.W          R0, #1; char *|192-242-1-0
82520|code|MOVT.W          R1, #1|192-242-1-1
82524|code|BLX             _ZSt24__throw_out_of_range_fmtPKcz; std::__throw_out_of_range_fmt(char const*,...)|254-247-138-235
82528|code|MOVW            R0, #0xBB30|75-246-48-48
82532|code|MOV             R1, R4|33-70
82534|code|MOVT.W          R0, #1; char *|192-242-1-0
82538|code|BLX             _ZSt24__throw_out_of_range_fmtPKcz; std::__throw_out_of_range_fmt(char const*,...)|254-247-132-235
82542|code|MOVW            R0, #0xBB30|75-246-48-48
82546|code|MOV             R1, R2|17-70
82548|code|MOVT.W          R0, #1; char *|192-242-1-0
82552|code|BLX             _ZSt24__throw_out_of_range_fmtPKcz; std::__throw_out_of_range_fmt(char const*,...)|254-247-124-235
82556|code|LDR             R3, [R1]|11-104
82558|code|LDR.W           R3, [R3,#-0xC]|83-248-12-60
82562|code|CBNZ            R3, loc_14286|3-185
82564|code|BX              LR|112-71
82566|code|MOV             R0, R1; this|8-70
82568|code|B               sub_14168|110-231
82570|data|ALIGN 4|0-191
82572|code|PUSH            {R4-R7,LR}|240-181
82574|code|MOV             R5, #0x2E250|78-242-80-37-192-242-2-5
82582|code|MOV             R4, R0|4-70
82584|code|LDRB            R3, [R0,#9]|67-122
82586|code|SUB             SP, SP, #0x14|133-176
82588|code|LDR             R0, [R5]|40-104
82590|code|MOV             R6, R1|14-70
82592|code|MOV             R7, R2|23-70
82594|code|STR             R0, [SP,#0x28+var_1C]|3-144
82596|code|CBNZ            R3, loc_142FE|91-187
82598|code|LDR             R3, =0x2E24C|58-75
82600|code|MOV             R1, R7; std::string *|57-70
82602|code|ADD             R0, SP, #0x28+var_20; this|2-168
82604|code|STR             R6, [SP,#0x28+var_24]|1-150
82606|code|STR             R3, [SP,#0x28+var_20]|2-147
82608|code|BLX             _ZNSs6assignERKSs; std::string::assign(std::string const&)|254-247-18-235
82612|code|MOVS            R0, #0x10; unsigned int|16-32
82614|code|ADDS            R7, R4, R0|39-24
82616|code|BLX             _Znwj; operator new(uint)|254-247-138-233
82620|code|LDR             R3, [SP,#0x28+var_24]|1-155
82622|code|MOV             R6, R0|6-70
82624|code|ADD             R1, SP, #0x28+var_20; std::string *|2-169
82626|code|ADDS            R0, #0xC; this|12-48
82628|code|STR             R3, [R6,#8]|179-96
82630|code|BLX             _ZNSsC1ERKSs; std::string::string(std::string const&)|254-247-0-234
82634|code|MOV             R0, R6|48-70
82636|code|MOV             R1, R7|57-70
82638|code|BLX             _ZNSt8__detail15_List_node_base7_M_hookEPS0_; std::__detail::_List_node_base::_M_hook(std::__detail::_List_node_base*)|254-247-134-233
82642|code|LDR             R1, [SP,#0x28+var_20]|2-153
82644|code|MOVW            R3, #0xE240|78-242-64-35
82648|code|LDR             R2, [R4,#0xC]|226-104
82650|code|SUB.W           R0, R1, #0xC|161-241-12-0
82654|code|MOVT.W          R3, #2|192-242-2-3
82658|code|CMP             R0, R3|152-66
82660|code|ADD.W           R2, R2, #1|2-241-1-2
82664|code|MOV.W           R6, #1|79-240-1-6
82668|code|STR             R2, [R4,#0xC]|226-96
82670|code|STRB            R6, [R4,#0xA]|166-114
82672|code|BNE             loc_14322|23-209
82674|code|LDR             R2, [SP,#0x28+var_1C]|3-154
82676|code|LDR             R3, [R5]|43-104
82678|code|CMP             R2, R3|154-66
82680|code|BNE             loc_1435C|48-209
82682|code|ADD             SP, SP, #0x14|5-176
82684|code|POP             {R4-R7,PC}|240-189
82686|code|ADD             R1, SP, #0x28+var_18|4-169
82688|code|MOVW            R0, #0xE300|78-242-0-48
82692|code|MOVS            R3, #0x65 ; 'e'|101-35
82694|code|MOVS            R2, #1|1-34
82696|code|STRB.W          R3, [R1,#-0xD]!|1-248-13-61
82700|code|MOVT.W          R0, #2|192-242-2-0
82704|code|BLX             _ZSt16__ostream_insertIcSt11char_traitsIcEERSt13basic_ostreamIT_T0_ES6_PKS3_i; std::__ostream_insert<char,std::char_traits<char>>(std::basic_ostream<char,std::char_traits<char>> &,char const*,int)|254-247-220-234
82708|code|MOV             R0, #_ZSt4cout; this|78-242-0-48-192-242-2-0
82716|code|BLX             _ZNSo5flushEv; std::ostream::flush(void)|254-247-244-233
82720|code|B               loc_142A6|193-231
82722|code|MOV             R3, #0|64-242-0-3-192-242-0-3
82730|code|CBZ             R3, loc_14350|139-177
82732|code|SUBS            R1, #4|4-57
82734|code|DMB.W           SY|191-243-95-143
82738|code|LDREX.W         R3, [R1]|81-232-0-63
82742|code|SUBS            R2, R3, #1|90-30
82744|code|STREX.W         R4, R2, [R1]|65-232-0-36
82748|code|CMP             R4, #0|0-44
82750|code|BNE             loc_14332|248-209
82752|code|DMB.W           SY|191-243-95-143
82756|code|CMP             R3, #0|0-43
82758|code|BGT             loc_142F2|212-220
82760|code|MOV             R1, SP|105-70
82762|code|BLX             _ZNSs4_Rep10_M_destroyERKSaIcE; std::string::_Rep::_M_destroy(std::allocator<char> const&)|254-247-16-234
82766|code|B               loc_142F2|208-231
82768|code|LDR.W           R3, [R1,#-4]|81-248-4-60
82772|code|SUBS            R2, R3, #1|90-30
82774|code|STR.W           R2, [R1,#-4]|65-248-4-44
82778|code|B               loc_14344|243-231
82780|code|BLX             __stack_chk_fail|254-247-116-234
82784|code|BLX             __cxa_begin_catch|254-247-130-233
82788|code|MOV             R0, R6; void *|48-70
82790|code|BLX             _ZdlPv; operator delete(void *)|254-247-40-234
82794|code|BLX             __cxa_rethrow|254-247-242-234
82798|code|LDR             R0, [SP,#0x28+var_20]|2-152
82800|code|MOV             R3, #0x2E240|78-242-64-35-192-242-2-3
82808|code|SUBS            R0, #0xC|12-56
82810|code|CMP             R0, R3|152-66
82812|code|BEQ             loc_14384|2-208
82814|code|MOV             R1, SP|105-70
82816|code|BL              sub_12AE8|254-247-178-251
82820|code|BLX             __cxa_end_cleanup|254-247-102-234
82824|code|BLX             __cxa_end_catch|254-247-42-235
82828|code|B               loc_1436E|239-231
82830|data|ALIGN 0x10|0-191
82832|data|DCD 0x2E24C|76-226-2-0
82836|code|PUSH            {R3-R7,LR}|248-181
82838|code|MOV             R7, R0|7-70
82840|code|LDR.W           R4, [R7,#0x10]!|87-248-16-79
82844|code|CMP             R4, R7|188-66
82846|code|BNE             loc_143B6|10-209
82848|code|B               locret_1442E|69-224
82850|code|LDRB.W          R1, [R5,#0x27]; char|149-248-39-16
82854|code|MOV             R0, R6; this|48-70
82856|code|BLX             _ZNSo3putEc; std::ostream::put(char)|254-247-12-233
82860|code|BLX             _ZNSo5flushEv; std::ostream::flush(void)|254-247-172-233
82864|code|LDR             R4, [R4]|36-104
82866|code|CMP             R7, R4|167-66
82868|code|BEQ             locret_1442E|59-208
82870|code|MOVW            R0, #0xE300|78-242-0-48
82874|code|MOVW            R1, #0xBBC4|75-246-196-49
82878|code|MOVS            R2, #5|5-34
82880|code|MOVT.W          R1, #1|192-242-1-1
82884|code|MOVT.W          R0, #2|192-242-2-0
82888|code|BLX             _ZSt16__ostream_insertIcSt11char_traitsIcEERSt13basic_ostreamIT_T0_ES6_PKS3_i; std::__ostream_insert<char,std::char_traits<char>>(std::basic_ostream<char,std::char_traits<char>> &,char const*,int)|254-247-128-234
82892|code|MOVW            R0, #0xE300|78-242-0-48
82896|code|LDR             R1, [R4,#8]|161-104
82898|code|MOVT.W          R0, #2|192-242-2-0
82902|code|BLX             _ZNSo9_M_insertImEERSoT_; std::ostream::_M_insert<ulong>(ulong)|254-247-144-233
82906|code|MOVW            R1, #0xBA2C|75-246-44-33
82910|code|MOVS            R2, #2|2-34
82912|code|MOVT.W          R1, #1|192-242-1-1
82916|code|MOV             R5, R0|5-70
82918|code|BLX             _ZSt16__ostream_insertIcSt11char_traitsIcEERSt13basic_ostreamIT_T0_ES6_PKS3_i; std::__ostream_insert<char,std::char_traits<char>>(std::basic_ostream<char,std::char_traits<char>> &,char const*,int)|254-247-114-234
82922|code|LDR             R1, [R4,#0xC]|225-104
82924|code|MOV             R0, R5|40-70
82926|code|LDR.W           R2, [R1,#-0xC]|81-248-12-44
82930|code|BLX             _ZSt16__ostream_insertIcSt11char_traitsIcEERSt13basic_ostreamIT_T0_ES6_PKS3_i; std::__ostream_insert<char,std::char_traits<char>>(std::basic_ostream<char,std::char_traits<char>> &,char const*,int)|254-247-108-234
82934|code|LDR             R3, [R0]|3-104
82936|code|MOV             R6, R0|6-70
82938|code|LDR.W           R3, [R3,#-0xC]|83-248-12-60
82942|code|ADD             R3, R0|3-68
82944|code|LDR             R5, [R3,#0x7C]|221-111
82946|code|CBZ             R5, loc_14430|173-177
82948|code|LDRB            R3, [R5,#0x1C]|43-127
82950|code|CMP             R3, #0|0-43
82952|code|BNE             loc_143A2|203-209
82954|code|MOV             R0, R5|40-70
82956|code|BLX             _ZNKSt5ctypeIcE13_M_widen_initEv; std::ctype<char>::_M_widen_init(void)|254-247-52-234
82960|code|LDR             R2, [R5]|42-104
82962|code|MOV             R3, #0x14029|68-242-41-3-192-242-1-3
82970|code|LDR             R2, [R2,#0x18]|146-105
82972|code|CMP             R2, R3|154-66
82974|code|IT EQ|8-191
82976|code|MOVEQ           R1, #0xA|10-33
82978|code|BEQ             loc_143A6|192-208
82980|code|MOVS            R1, #0xA|10-33
82982|code|MOV             R0, R5|40-70
82984|code|BLX             R2|144-71
82986|code|MOV             R1, R0|1-70
82988|code|B               loc_143A6|187-231
82990|code|POP             {R3-R7,PC}|248-189
82992|code|BLX             _ZSt16__throw_bad_castv; std::__throw_bad_cast(void)|254-247-52-234
82996|code|PUSH.W          {R4-R11,LR}|45-233-240-79
83000|code|MOV             R5, #0x2E250|78-242-80-37-192-242-2-5
83008|code|MOV             R7, R3|31-70
83010|code|LDR             R3, [R5]|43-104
83012|code|SUB             SP, SP, #0x14|133-176
83014|code|MOV             R8, R2|144-70
83016|code|MOV             R4, R0|4-70
83018|code|LDRB.W          R6, [SP,#0x38+arg_0]|157-248-56-96
83022|code|STR             R3, [SP,#0x38+var_2C]|3-147
83024|code|BLX             _ZNSsC1ERKSs; std::string::string(std::string const&)|254-247-58-233
83028|code|MOV             R1, R8; std::string *|65-70
83030|code|ADDS            R0, R4, #4; this|32-29
83032|code|BLX             _ZNSsC1ERKSs; std::string::string(std::string const&)|254-247-54-233
83036|code|MOVS            R3, #0|0-35
83038|code|STRB            R6, [R4,#9]|102-114
83040|code|STRB            R7, [R4,#8]|39-114
83042|code|ADD.W           R6, R4, #0x10|4-241-16-6
83046|code|STRB            R3, [R4,#0xA]|163-114
83048|code|MOVS            R1, #4; type|4-33
83050|code|STR             R3, [R4,#0xC]|227-96
83052|code|STR             R6, [R4,#0x10]|38-97
83054|code|STR             R6, [R4,#0x14]|102-97
83056|code|LDR             R0, [R4]; name|32-104
83058|code|BLX             access|254-247-8-234
83062|code|ADDS            R0, #1|1-48
83064|code|BEQ             loc_1448A|7-208
83066|code|LDR             R2, [SP,#0x38+var_2C]|3-154
83068|code|MOV             R0, R4|32-70
83070|code|LDR             R3, [R5]|43-104
83072|code|CMP             R2, R3|154-66
83074|code|BNE             loc_144FE|60-209
83076|code|ADD             SP, SP, #0x14|5-176
83078|code|POP.W           {R4-R11,PC}|189-232-240-143
83082|code|MOVS            R0, #8; thrown_size|8-32
83084|code|BLX             __cxa_allocate_exception|254-247-4-233
83088|code|MOV             R1, #0x1BBCC|75-246-204-49-192-242-1-1
83096|code|MOV             R2, R4|34-70
83098|code|MOV             R9, R0|129-70
83100|code|ADD             R0, SP, #0x38+var_30|2-168
83102|code|BL              _ZStplIcSt11char_traitsIcESaIcEESbIT_T0_T1_EPKS3_RKS6_; std::operator+<char,std::char_traits<char>,std::allocator<char>>(char const*,std::basic_string<char,std::char_traits<char>,std::allocator<char>> const&)|0-240-219-254
83106|code|MOV             R0, R9; this|72-70
83108|code|ADD             R1, SP, #0x38+var_30; std::string *|2-169
83110|code|BLX             _ZNSt13runtime_errorC1ERKSs; std::runtime_error::runtime_error(std::string const&)|254-247-54-233
83114|code|LDR             R0, [SP,#0x38+var_30]|2-152
83116|code|MOV             R5, #0x2E240|78-242-64-37-192-242-2-5
83124|code|SUBS            R0, #0xC|12-56
83126|code|CMP             R0, R5|168-66
83128|code|BNE             loc_1450A|39-209
83130|code|MOVW            R1, #0xE538|78-242-56-81
83134|code|MOVW            R2, #0x27E8|66-242-232-114
83138|code|MOV             R0, R9; void *|72-70
83140|code|MOVT.W          R1, #2; lptinfo|192-242-2-1
83144|code|MOVT.W          R2, #1; void (__cdecl *)(void *)|192-242-1-2
83148|code|BLX             __cxa_throw|254-247-172-234
83152|code|MOV             R7, R0|7-70
83154|code|MOV             R8, R1|136-70
83156|code|LDR.W           R9, [R4,#0x10]|212-248-16-144
83160|code|MOV             R10, #0|64-242-0-10-192-242-0-10
83168|code|CMP             R6, R9|78-69
83170|code|BEQ             loc_14594|87-208
83172|code|LDR.W           R2, [R9,#0xC]|217-248-12-32
83176|code|LDR.W           R11, [R9]|217-248-0-176
83180|code|SUB.W           R0, R2, #0xC|162-241-12-0
83184|code|CMP             R0, R5|168-66
83186|code|BNE             loc_14568|57-209
83188|code|MOV             R0, R9; void *|72-70
83190|code|MOV             R9, R11|217-70
83192|code|BLX             _ZdlPv; operator delete(void *)|254-247-94-233
83196|code|B               loc_144E0|240-231
83198|code|BLX             __stack_chk_fail|254-247-164-233
83202|code|ADDS            R1, #1|1-49
83204|code|BEQ             loc_14536|23-208
83206|code|BLX             __cxa_end_cleanup|254-247-166-233
83210|code|ADD             R1, SP, #0x38+var_34|1-169
83212|code|BL              sub_12AE8|254-247-236-250
83216|code|B               loc_144BA|211-231
83218|code|LDR             R3, [SP,#0x38+var_30]|2-155
83220|code|MOVW            R5, #0xE240|78-242-64-37
83224|code|MOV             R7, R0|7-70
83226|code|MOVT.W          R5, #2|192-242-2-5
83230|code|SUB.W           R0, R3, #0xC|163-241-12-0
83234|code|MOV             R8, R1|136-70
83236|code|CMP             R0, R5|168-66
83238|code|BEQ             loc_1452E|2-208
83240|code|ADD             R1, SP, #0x38+var_34|1-169
83242|code|BL              sub_12AE8|254-247-221-250
83246|code|MOV             R0, R9; void *|72-70
83248|code|BLX             __cxa_free_exception|254-247-252-232
83252|code|B               loc_144D4|206-231
83254|code|BLX             __cxa_call_unexpected|254-247-190-233
83258|code|MOVW            R5, #0xE240|78-242-64-37
83262|code|MOV             R7, R0|7-70
83264|code|MOV             R8, R1|136-70
83266|code|MOVT.W          R5, #2|192-242-2-5
83270|code|B               loc_1452E|242-231
83272|code|MOVW            R5, #0xE240|78-242-64-37
83276|code|MOV             R7, R0|7-70
83278|code|MOV             R8, R1|136-70
83280|code|MOVT.W          R5, #2|192-242-2-5
83284|code|LDR             R0, [R4]|32-104
83286|code|SUBS            R0, #0xC|12-56
83288|code|CMP             R0, R5|168-66
83290|code|BEQ             loc_14562|2-208
83292|code|ADD             R1, SP, #0x38+var_34|1-169
83294|code|BL              sub_12AE8|254-247-195-250
83298|code|MOV             R0, R7; void *|56-70
83300|code|MOV             R1, R8|65-70
83302|code|B               loc_14502|204-231
83304|code|SUBS            R1, R2, #4|17-31
83306|code|CMP.W           R10, #0|186-241-0-15
83310|code|BEQ             loc_145A4|25-208
83312|code|DMB.W           SY|191-243-95-143
83316|code|LDREX.W         R3, [R1]|81-232-0-63
83320|code|SUBS            R2, R3, #1|90-30
83322|code|STREX.W         LR, R2, [R1]|65-232-0-46
83326|code|CMP.W           LR, #0|190-241-0-15
83330|code|BNE             loc_14574|247-209
83332|code|DMB.W           SY|191-243-95-143
83336|code|CMP             R3, #0|0-43
83338|code|BGT             loc_144F4|179-220
83340|code|ADD             R1, SP, #0x38+var_34|1-169
83342|code|BLX             _ZNSs4_Rep10_M_destroyERKSaIcE; std::string::_Rep::_M_destroy(std::allocator<char> const&)|254-247-238-232
83346|code|B               loc_144F4|175-231
83348|code|LDR             R0, [R4,#4]|96-104
83350|code|SUBS            R0, #0xC|12-56
83352|code|CMP             R0, R5|168-66
83354|code|BEQ             loc_14554|219-208
83356|code|ADD             R1, SP, #0x38+var_34|1-169
83358|code|BL              sub_12AE8|254-247-163-250
83362|code|B               loc_14554|215-231
83364|code|LDR.W           R3, [R2,#-4]|82-248-4-60
83368|code|SUBS            R1, R3, #1|89-30
83370|code|STR.W           R1, [R2,#-4]|66-248-4-28
83374|code|B               loc_14588|235-231
83376|code|PUSH.W          {R4-R11,LR}|45-233-240-79
83380|code|MOVW            R3, #0xE250|78-242-80-35
83384|code|SUBW            SP, SP, #0x7F4|173-242-244-125
83388|code|MOVT.W          R3, #2|192-242-2-3
83392|code|MOVW            R2, #0xE528|78-242-40-82
83396|code|MOV             R5, R0|5-70
83398|code|STR             R3, [SP,#0x818+var_7EC]|11-147
83400|code|MOVT.W          R2, #2|192-242-2-2
83404|code|LDR             R3, [R3]|27-104
83406|code|MOV             R4, R2|20-70
83408|code|STR             R0, [SP,#0x818+var_80C]|3-144
83410|code|ADD             R0, SP, #0x818+var_640; this|118-168
83412|code|STR             R2, [SP,#0x818+var_7F0]|10-146
83414|code|MOV             R6, R1|14-70
83416|code|LDR             R7, [R5]|47-104
83418|code|STR.W           R3, [SP,#0x818+var_2C]|205-248-236-55
83422|code|BLX             _ZNSt8ios_baseC2Ev; std::ios_base::ios_base(void)|254-247-50-232
83426|code|MOV             R2, R4|34-70
83428|code|LDR             R4, [R4,#(dword_2E52C - 0x2E528)]|100-104
83430|code|LDR             R0, =0x2E238|171-72
83432|code|MOVS            R3, #0|0-35
83434|code|LDR             R5, [R2,#(dword_2E530 - 0x2E528)]|149-104
83436|code|MOV             R1, R3|25-70
83438|code|STRB.W          R3, [SP,#0x818+var_5CC]|141-248-76-50
83442|code|LDR.W           R2, [R4,#-0xC]|84-248-12-44
83446|code|STR             R0, [SP,#0x818+var_640]|118-144
83448|code|ADD             R0, SP, #0x818+var_6D0|82-168
83450|code|STR             R3, [SP,#0x818+var_5D0]|146-147
83452|code|STRB.W          R3, [SP,#0x818+var_5CB]|141-248-77-50
83456|code|STR             R3, [SP,#0x818+var_5C8]|148-147
83458|code|STR             R3, [SP,#0x818+var_5C4]|149-147
83460|code|STR             R3, [SP,#0x818+var_5C0]|150-147
83462|code|STR             R3, [SP,#0x818+var_5BC]|151-147
83464|code|STR             R4, [SP,#0x818+var_6D0]|82-148
83466|code|STR             R5, [R0,R2]|133-80
83468|code|STR             R3, [SP,#0x818+var_6CC]|83-147
83470|code|ADD             R3, SP, #0x818+var_6D0|82-171
83472|code|LDR.W           R0, [R4,#-0xC]|84-248-12-12
83476|code|ADD             R0, R3|24-68
83478|code|BLX             _ZNSt9basic_iosIcSt11char_traitsIcEE4initEPSt15basic_streambufIcS1_E; std::basic_ios<char,std::char_traits<char>>::init(std::basic_streambuf<char,std::char_traits<char>> *)|254-247-114-233
83482|code|LDR             R3, =unk_2E2DC|159-75
83484|code|ADD             R0, SP, #0x818+var_6C8|84-168
83486|code|STR             R3, [SP,#0x818+var_6D0]|82-147
83488|code|ADDS            R3, #0x14|20-51
83490|code|STR             R3, [SP,#0x818+var_640]|118-147
83492|code|BLX             _ZNSt13basic_filebufIcSt11char_traitsIcEEC1Ev; std::basic_filebuf<char,std::char_traits<char>>::basic_filebuf(void)|254-247-236-232
83496|code|ADD             R0, SP, #0x818+var_640|118-168
83498|code|ADD             R1, SP, #0x818+var_6C8|84-169
83500|code|BLX             _ZNSt9basic_iosIcSt11char_traitsIcEE4initEPSt15basic_streambufIcS1_E; std::basic_ios<char,std::char_traits<char>>::init(std::basic_streambuf<char,std::char_traits<char>> *)|254-247-102-233
83504|code|ADD             R0, SP, #0x818+var_6C8|84-168
83506|code|MOV             R1, R7|57-70
83508|code|MOVS            R2, #8|8-34
83510|code|BLX             _ZNSt13basic_filebufIcSt11char_traitsIcEE4openEPKcSt13_Ios_Openmode; std::basic_filebuf<char,std::char_traits<char>>::open(char const*,std::_Ios_Openmode)|254-247-172-232
83514|code|LDR             R3, [SP,#0x818+var_6D0]|82-155
83516|code|CMP             R0, #0|0-40
83518|code|BEQ.W           loc_14D32|0-240-120-131
83522|code|LDR.W           R0, [R3,#-0xC]|83-248-12-12
83526|code|ADD             R3, SP, #0x818+var_6D0|82-171
83528|code|MOVS            R1, #0|0-33
83530|code|ADD             R0, R3|24-68
83532|code|BLX             _ZNSt9basic_iosIcSt11char_traitsIcEE5clearESt12_Ios_Iostate; std::basic_ios<char,std::char_traits<char>>::clear(std::_Ios_Iostate)|254-247-224-233
83536|code|LDR             R3, [SP,#0x818+var_62C]|123-155
83538|code|TST.W           R3, #5|19-240-5-15
83542|code|BNE.W           loc_15080|64-240-19-133
83546|code|MOVS            R1, #5|5-33
83548|code|MOV             R3, #0x1BBEC|75-246-236-51-192-242-1-3
83556|code|STR             R1, [SP,#0x818+var_814]|1-145
83558|code|STR             R3, [SP,#0x818+var_818]|0-147
83560|code|ADD             R0, SP, #0x818+s|152-168
83562|code|MOV             R3, R1|11-70
83564|code|MOVS            R2, #1|1-34
83566|code|BLX             __snprintf_chk|254-247-148-233
83570|code|MOV             R1, R6|49-70
83572|code|ADD             R0, SP, #0x818+var_798|32-168
83574|code|BL              sub_15324|0-240-85-254
83578|code|MOVS            R2, #1|1-34
83580|code|STR             R2, [SP,#0x818+var_818]|0-146
83582|code|MOV             R3, R2|19-70
83584|code|LDR             R2, [SP,#0x818+var_80C]|3-154
83586|code|ADD             R0, SP, #0x818+var_7B0|26-168
83588|code|ADDS            R1, R2, #4|17-29
83590|code|ADD             R2, SP, #0x818+var_798|32-170
83592|code|BL              sub_18004|3-240-188-252
83596|code|ADD.W           R11, SP, #0x818+var_7C4|13-241-84-11
83600|code|LDR             R3, =0x2E24C|130-75
83602|code|ADD             R1, SP, #0x818+var_7D8|16-169
83604|code|STR             R1, [SP,#0x818+var_7D8]|16-145
83606|code|MOV             R2, R11|90-70
83608|code|STR             R1, [SP,#0x818+var_7D4]|17-145
83610|code|ADD             R1, SP, #0x818+var_7B0|26-169
83612|code|STR.W           R3, [R2],#4|66-248-4-59
83616|code|CMP             R2, R1|138-66
83618|code|BNE             loc_1469A|250-209
83620|code|MOVS            R3, #0|0-35
83622|code|STR             R2, [SP,#0x818+var_7F4]|9-146
83624|code|MOVW            R1, #0|64-242-0-1
83628|code|MOVW            R2, #0x4029|68-242-41-2
83632|code|MOVW            R0, #0xE240|78-242-64-32
83636|code|MOV             R8, R3|152-70
83638|code|MOV             R10, R3|154-70
83640|code|MOVT.W          R2, #1|192-242-1-2
83644|code|MOVT.W          R1, #0|192-242-0-1
83648|code|MOVT.W          R0, #2|192-242-2-0
83652|code|STR             R3, [SP,#0x818+var_800]|6-147
83654|code|STR             R3, [SP,#0x818+var_808]|4-147
83656|code|STR             R3, [SP,#0x818+var_804]|5-147
83658|code|STR             R2, [SP,#0x818+var_7F8]|8-146
83660|code|STR             R1, [SP,#0x818+var_7FC]|7-145
83662|code|STR             R0, [SP,#0x818+var_810]|2-144
83664|code|LDR             R3, [SP,#0x818+var_6D0]|82-155
83666|code|ADD             R2, SP, #0x818+var_6D0|82-170
83668|code|LDR.W           R3, [R3,#-0xC]|83-248-12-60
83672|code|ADD             R3, R2|19-68
83674|code|LDR             R4, [R3,#0x7C]|220-111
83676|code|CMP             R4, #0|0-44
83678|code|BEQ.W           loc_14FE2|0-240-128-132
83682|code|LDRB            R3, [R4,#0x1C]|35-127
83684|code|CMP             R3, #0|0-43
83686|code|BEQ             loc_14750|51-208
83688|code|LDRB.W          R3, [R4,#0x27]; char|148-248-39-48
83692|code|ADD             R0, SP, #0x818+var_6D0; this|82-168
83694|code|MOVW            R2, #0x584; int|64-242-132-82
83698|code|ADD             R1, SP, #0x818+var_5B0; char *|154-169
83700|code|BLX             _ZNSi7getlineEPcic; std::istream::getline(char *,int,char)|253-247-244-239
83704|code|LDR             R3, [R0]|3-104
83706|code|LDR.W           R3, [R3,#-0xC]|83-248-12-60
83710|code|ADD             R0, R3|24-68
83712|code|LDR             R1, [R0,#0x14]|65-105
83714|code|ANDS.W          R1, R1, #2|17-240-2-1
83718|code|BNE.W           loc_14BC8|64-240-95-130
83722|code|LDR             R3, [SP,#0x818+var_62C]|123-155
83724|code|TST.W           R3, #5|19-240-5-15
83728|code|BNE.W           loc_1492C|64-240-12-129
83732|code|LDR             R3, [SP,#0x818+var_800]|6-155
83734|code|ADD             R7, SP, #0x818+var_7E4|13-175
83736|code|CBZ             R3, loc_1476E|75-179
83738|code|LDR             R3, [SP,#0x818+var_804]|5-155
83740|code|MOV             R1, #0x1BBF0|75-246-240-49-192-242-1-1
83748|code|ADD             R2, SP, #0x818+var_7DC|15-170
83750|code|ADDS            R3, #1|1-51
83752|code|MOV             R0, R7|56-70
83754|code|STR             R3, [SP,#0x818+var_804]|5-147
83756|code|MOV             R4, R3|28-70
83758|code|BLX             _ZNSsC1EPKcRKSaIcE; std::string::string(char const*,std::allocator<char> const&)|254-247-158-232
83762|code|LDR             R0, [SP,#0x818+var_80C]|3-152
83764|code|MOV             R1, R4|33-70
83766|code|MOV             R2, R7|58-70
83768|code|BL              sub_1428C|255-247-168-253
83772|code|LDR             R3, [R7]|59-104
83774|code|LDR             R2, [SP,#0x818+var_810]|2-154
83776|code|SUB.W           R0, R3, #0xC|163-241-12-0
83780|code|CMP             R0, R2|144-66
83782|code|BNE.W           loc_14B9A|64-240-40-130
83786|code|MOVS            R3, #0|0-35
83788|code|STR             R3, [SP,#0x818+var_800]|6-147
83790|code|B               loc_146D0|191-231
83792|code|MOV             R0, R4|32-70
83794|code|BLX             _ZNKSt5ctypeIcE13_M_widen_initEv; std::ctype<char>::_M_widen_init(void)|254-247-146-232
83798|code|LDR             R3, [R4]|35-104
83800|code|LDR             R2, [SP,#0x818+var_7F8]|8-154
83802|code|LDR             R3, [R3,#0x18]|155-105
83804|code|CMP             R3, R2|147-66
83806|code|IT EQ|8-191
83808|code|MOVEQ           R3, #0xA|10-35
83810|code|BEQ             loc_146EC|195-208
83812|code|MOV             R0, R4|32-70
83814|code|MOVS            R1, #0xA|10-33
83816|code|BLX             R3|152-71
83818|code|MOV             R3, R0|3-70
83820|code|B               loc_146EC|190-231
83822|code|LDR             R3, [SP,#0x818+var_804]|5-155
83824|code|ADD             R1, SP, #0x818+var_5B0|154-169
83826|code|MOV             R0, R7|56-70
83828|code|ADD             R2, SP, #0x818+var_7D0|18-170
83830|code|ADDS            R3, #1|1-51
83832|code|STR             R3, [SP,#0x818+var_804]|5-147
83834|code|BLX             _ZNSsC1EPKcRKSaIcE; std::string::string(char const*,std::allocator<char> const&)|254-247-120-232
83838|code|CMP.W           R10, #0|186-241-0-15
83842|code|BNE.W           loc_14938|64-240-217-128
83846|code|MOV             R5, R11|93-70
83848|code|LDR             R2, [R5]|42-104
83850|code|MOVS            R1, #0; unsigned int|0-33
83852|code|MOV             R0, R5; this|40-70
83854|code|MOVW            R4, #0xE240|78-242-64-36
83858|code|MOV             R3, R1; unsigned int|11-70
83860|code|ADDS            R5, #4|4-53
83862|code|LDR.W           R2, [R2,#-0xC]; unsigned int|82-248-12-44
83866|code|MOVT.W          R4, #2|192-242-2-4
83870|code|BLX             _ZNSs9_M_mutateEjjj; std::string::_M_mutate(uint,uint,uint)|254-247-122-233
83874|code|ADD             R3, SP, #0x818+var_7B0|26-171
83876|code|CMP             R5, R3|157-66
83878|code|BNE             loc_14788|239-209
83880|code|LDR             R3, [R7]|59-104
83882|code|LDR.W           R2, [R3,#-0xC]|83-248-12-44
83886|code|CMP             R2, #0|0-42
83888|code|BEQ.W           loc_14A46|0-240-73-129
83892|code|MOV.W           R8, #0|79-240-0-8
83896|code|STR.W           R8, [SP,#0x818+var_808]|205-248-16-128
83900|code|MOVS            R5, #1|1-37
83902|code|MOV.W           R9, #0|79-240-0-9
83906|code|LDR.W           R3, [R3,#-4]|83-248-4-60
83910|code|SUBS            R6, R5, #1|110-30
83912|code|CMP             R3, #0|0-43
83914|code|BLT             loc_147DA|6-219
83916|code|MOVW            R4, #0xE240|78-242-64-36
83920|code|MOV             R0, R7; this|56-70
83922|code|MOVT.W          R4, #2|192-242-2-4
83926|code|BLX             _ZNSs12_M_leak_hardEv; std::string::_M_leak_hard(void)|253-247-28-239
83930|code|LDR             R3, [R7]|59-104
83932|code|LDRB            R1, [R3,R6]|153-93
83934|code|CMP             R1, #0x22 ; '"'|34-41
83936|code|BEQ             loc_147F6|9-208
83938|code|CMP.W           R10, #0|186-241-0-15
83942|code|BEQ             loc_14800|11-208
83944|code|LDR.W           R2, [R3,#-0xC]|83-248-12-44
83948|code|CMP             R2, R5|170-66
83950|code|BLS.W           loc_149E6|64-242-250-128
83954|code|ADDS            R5, #1|1-53
83956|code|B               loc_147C2|229-231
83958|code|EOR.W           R10, R10, #1|138-240-1-10
83962|code|CMP.W           R10, #0|186-241-0-15
83966|code|BNE             loc_147E8|243-209
83968|code|LDR.W           R2, [R3,#-0xC]|83-248-12-44
83972|code|CMP             R6, R2|150-66
83974|code|BCS.W           loc_14DB8|128-240-215-130
83978|code|LDR.W           R2, [R3,#-4]|83-248-4-44
83982|code|CMP             R2, #0|0-42
83984|code|BLT             loc_14824|8-219
83986|code|MOVW            R4, #0xE240|78-242-64-36
83990|code|MOV             R0, R7; this|56-70
83992|code|MOVT.W          R4, #2|192-242-2-4
83996|code|BLX             _ZNSs12_M_leak_hardEv; std::string::_M_leak_hard(void)|253-247-248-238
84000|code|LDR             R3, [R7]|59-104
84002|code|LDRB            R1, [R3,R6]|153-93
84004|code|LDR             R2, [SP,#0x818+var_80C]|3-154
84006|code|LDRB            R2, [R2,#8]|18-122
84008|code|CMP             R2, R1|138-66
84010|code|BNE             loc_147E8|221-209
84012|code|LDR             R2, [SP,#0x818+var_808]|4-154
84014|code|ADDS            R2, #1|1-50
84016|code|STR             R2, [SP,#0x818+var_808]|4-146
84018|code|CMP             R2, #4|4-42
84020|code|BGT.W           loc_14952|0-243-141-128
84024|code|LDR.W           R4, [R3,#-0xC]|83-248-12-76
84028|code|RSB.W           R3, R9, R6; unsigned int|201-235-6-3
84032|code|ADD.W           R6, R11, R8,LSL#2|11-235-136-6
84036|code|CMP             R9, R4|161-69
84038|code|BHI.W           loc_14D98|0-242-167-130
84042|code|MOVW            R4, #0xE240|78-242-64-36
84046|code|MOV             R2, R9; unsigned int|74-70
84048|code|ADD             R0, SP, #0x818+var_7E0; this|14-168
84050|code|MOV             R1, R7; std::string *|57-70
84052|code|MOVT.W          R4, #2|192-242-2-4
84056|code|BLX             _ZNSsC1ERKSsjj; std::string::string(std::string const&,uint,uint)|253-247-166-239
84060|code|MOV             R0, R6; this|48-70
84062|code|ADD             R1, SP, #0x818+var_7E0; std::string *|14-169
84064|code|BLX             _ZNSs6assignERKSs; std::string::assign(std::string const&)|254-247-58-232
84068|code|LDR             R3, [SP,#0x818+var_7E0]|14-155
84070|code|MOVW            R4, #0xE240|78-242-64-36
84074|code|LDR             R2, [SP,#0x818+var_810]|2-154
84076|code|MOVT.W          R4, #2|192-242-2-4
84080|code|SUB.W           R0, R3, #0xC|163-241-12-0
84084|code|CMP             R0, R2|144-66
84086|code|BNE             loc_14902|68-209
84088|code|LDR.W           R3, [R11,R8,LSL#2]|91-248-40-48
84092|code|LDR.W           R3, [R3,#-0xC]|83-248-12-60
84096|code|CBNZ            R3, loc_148A0|115-185
84098|code|LDR             R3, [R7]|59-104
84100|code|ADD.W           R8, R8, #1|8-241-1-8
84104|code|LDR.W           R2, [R3,#-0xC]|83-248-12-44
84108|code|CMP             R2, R5|170-66
84110|code|BLS             loc_148B4|17-217
84112|code|MOV             R9, R5|169-70
84114|code|B               loc_147F2|174-231
84116|data|DCD 0x2E238|56-226-2-0
84120|data|DCD unk_2E2DC|220-226-2-0
84124|data|DCD 0x2E24C|76-226-2-0
84128|code|MOV             R0, R6|48-70
84130|code|BL              sub_14168|255-247-97-252
84134|code|LDR             R3, [R7]|59-104
84136|code|ADD.W           R8, R8, #1|8-241-1-8
84140|code|LDR.W           R2, [R3,#-0xC]|83-248-12-44
84144|code|CMP             R2, R5|170-66
84146|code|BHI             loc_14890|237-216
84148|code|LDR             R3, [SP,#0x818+var_808]|4-155
84150|code|CMP             R3, #3|3-43
84152|code|ITE GT|204-191
84154|code|MOVGT           R3, #0|0-35
84156|code|MOVLE           R3, #1|1-35
84158|code|CMP             R3, R10|83-69
84160|code|BHI.W           loc_14A4A|0-242-195-128
84164|code|LDR             R3, [SP,#0x818+var_808]|4-155
84166|code|SUB.W           R3, R3, #4|163-241-4-3
84170|code|CLZ.W           R3, R3|179-250-131-243
84174|code|LSRS            R3, R3, #5|91-9
84176|code|CMP             R3, R10|83-69
84178|code|BHI.W           loc_14AD0|0-242-253-128
84182|code|LDR             R3, [R7]|59-104
84184|code|LDR             R2, [SP,#0x818+var_810]|2-154
84186|code|SUB.W           R0, R3, #0xC|163-241-12-0
84190|code|CMP             R0, R2|144-66
84192|code|BEQ.W           loc_146D0|63-244-246-174
84196|code|LDR             R2, [SP,#0x818+var_7FC]|7-154
84198|code|CMP             R2, #0|0-42
84200|code|BEQ.W           loc_14CC6|0-240-237-129
84204|code|SUBS            R3, #4|4-59
84206|code|DMB.W           SY|191-243-95-143
84210|code|LDREX.W         R2, [R3]|83-232-0-47
84214|code|SUBS            R1, R2, #1|81-30
84216|code|STREX.W         R4, R1, [R3]|67-232-0-20
84220|code|CMP             R4, #0|0-44
84222|code|BEQ             loc_149D4|105-208
84224|code|B               loc_148F2|247-231
84226|code|LDR             R2, [SP,#0x818+var_7FC]|7-154
84228|code|CBZ             R2, loc_14946|250-177
84230|code|SUBS            R3, #4|4-59
84232|code|DMB.W           SY|191-243-95-143
84236|code|LDREX.W         R2, [R3]|83-232-0-47
84240|code|SUBS            R1, R2, #1|81-30
84242|code|STREX.W         LR, R1, [R3]|67-232-0-30
84246|code|CMP.W           LR, #0|190-241-0-15
84250|code|BNE             loc_1490C|247-209
84252|code|DMB.W           SY|191-243-95-143
84256|code|CMP             R2, #0|0-42
84258|code|BGT             loc_14878|169-220
84260|code|ADD             R1, SP, #0x818+var_7D0|18-169
84262|code|BLX             _ZNSs4_Rep10_M_destroyERKSaIcE; std::string::_Rep::_M_destroy(std::allocator<char> const&)|253-247-34-239
84266|code|B               loc_14878|165-231
84268|code|ADD             R0, SP, #0x818+var_640|118-168
84270|code|BLX             _ZNSt9basic_iosIcSt11char_traitsIcEE5clearESt12_Ios_Iostate; std::basic_ios<char,std::char_traits<char>>::clear(std::_Ios_Iostate)|254-247-112-232
84274|code|MOVS            R3, #1|1-35
84276|code|STR             R3, [SP,#0x818+var_800]|6-147
84278|code|B               loc_146D0|203-230
84280|code|LDR             R3, [R7]|59-104
84282|code|LDR.W           R2, [R3,#-0xC]|83-248-12-44
84286|code|CMP             R2, #0|0-42
84288|code|BNE.W           loc_147BC|127-244-60-175
84292|code|B               loc_148B4|182-231
84294|code|LDR.W           R2, [R3,#-4]|83-248-4-44
84298|code|SUBS            R1, R2, #1|81-30
84300|code|STR.W           R1, [R3,#-4]|67-248-4-28
84304|code|B               loc_14920|230-231
84306|code|ADD             R5, SP, #0x818+var_7DC|15-173
84308|code|MOVW            R1, #0xBC18|75-246-24-65
84312|code|MOVW            R4, #0xE240|78-242-64-36
84316|code|MOVT.W          R1, #1|192-242-1-1
84320|code|MOV             R2, R5|42-70
84322|code|ADD             R0, SP, #0x818+var_7D0|18-168
84324|code|MOVT.W          R4, #2|192-242-2-4
84328|code|BLX             _ZNSsC1EPKcRKSaIcE; std::string::string(char const*,std::allocator<char> const&)|253-247-128-239
84332|code|ADD             R0, SP, #0x818+s; s|152-168
84334|code|BLX             strlen|254-247-8-232
84338|code|ADD             R1, SP, #0x818+s; char *|152-169
84340|code|MOV             R2, R0; unsigned int|2-70
84342|code|ADD             R0, SP, #0x818+var_7D0; this|18-168
84344|code|BLX             _ZNSs6appendEPKcj; std::string::append(char const*,uint)|253-247-114-239
84348|code|MOVW            R1, #0xBC34|75-246-52-65
84352|code|ADD             R0, SP, #0x818+var_7D0; this|18-168
84354|code|MOVS            R2, #8; unsigned int|8-34
84356|code|MOVT.W          R1, #1; char *|192-242-1-1
84360|code|BLX             _ZNSs6appendEPKcj; std::string::append(char const*,uint)|253-247-106-239
84364|code|LDR             R0, [SP,#0x818+var_80C]|3-152
84366|code|ADD             R2, SP, #0x818+var_7D0|18-170
84368|code|LDR             R1, [SP,#0x818+var_804]|5-153
84370|code|BL              sub_1428C|255-247-123-252
84374|code|LDR             R3, [SP,#0x818+var_7D0]|18-155
84376|code|MOVW            R4, #0xE240|78-242-64-36
84380|code|LDR             R2, [SP,#0x818+var_810]|2-154
84382|code|MOVT.W          R4, #2|192-242-2-4
84386|code|SUB.W           R0, R3, #0xC|163-241-12-0
84390|code|CMP             R0, R2|144-66
84392|code|BNE.W           loc_14CA0|64-240-122-129
84396|code|LDR             R3, [R7]|59-104
84398|code|SUB.W           R0, R3, #0xC|163-241-12-0
84402|code|CMP             R0, R4|160-66
84404|code|BEQ.W           loc_146D0|63-244-140-174
84408|code|LDR             R2, [SP,#0x818+var_7FC]|7-154
84410|code|CMP             R2, #0|0-42
84412|code|BEQ.W           loc_14CC6|0-240-131-129
84416|code|SUBS            R3, #4|4-59
84418|code|DMB.W           SY|191-243-95-143
84422|code|LDREX.W         R2, [R3]|83-232-0-47
84426|code|SUBS            R1, R2, #1|81-30
84428|code|STREX.W         R4, R1, [R3]|67-232-0-20
84432|code|CMP             R4, #0|0-44
84434|code|BNE             loc_149C6|248-209
84436|code|DMB.W           SY|191-243-95-143
84440|code|CMP             R2, #0|0-42
84442|code|BGT.W           loc_146D0|63-247-121-174
84446|code|ADD             R1, SP, #0x818+var_7D0|18-169
84448|code|BLX             _ZNSs4_Rep10_M_destroyERKSaIcE; std::string::_Rep::_M_destroy(std::allocator<char> const&)|253-247-196-238
84452|code|B               loc_146D0|116-230
84454|code|CMP             R9, R5|169-69
84456|code|BCS.W           loc_148B4|191-244-100-175
84460|code|LDR             R2, [R7]|58-104
84462|code|RSB.W           R3, R9, R5; unsigned int|201-235-5-3
84466|code|ADD.W           R6, R11, R8,LSL#2|11-235-136-6
84470|code|LDR.W           R4, [R2,#-0xC]|82-248-12-76
84474|code|CMP             R9, R4|161-69
84476|code|BHI.W           loc_15060|0-242-48-131
84480|code|MOVW            R4, #0xE240|78-242-64-36
84484|code|MOV             R2, R9; unsigned int|74-70
84486|code|ADD             R0, SP, #0x818+var_7D0; this|18-168
84488|code|MOV             R1, R7; std::string *|57-70
84490|code|MOVT.W          R4, #2|192-242-2-4
84494|code|BLX             _ZNSsC1ERKSsjj; std::string::string(std::string const&,uint,uint)|253-247-204-238
84498|code|MOV             R0, R6; this|48-70
84500|code|ADD             R1, SP, #0x818+var_7D0; std::string *|18-169
84502|code|BLX             _ZNSs6assignERKSs; std::string::assign(std::string const&)|253-247-96-239
84506|code|LDR             R3, [SP,#0x818+var_7D0]|18-155
84508|code|MOVW            R4, #0xE240|78-242-64-36
84512|code|LDR             R2, [SP,#0x818+var_810]|2-154
84514|code|MOVT.W          R4, #2|192-242-2-4
84518|code|SUB.W           R0, R3, #0xC|163-241-12-0
84522|code|CMP             R0, R2|144-66
84524|code|BNE.W           loc_14D06|64-240-107-129
84528|code|LDR.W           R3, [R11,R8,LSL#2]|91-248-40-48
84532|code|LDR.W           R3, [R3,#-0xC]|83-248-12-60
84536|code|CMP             R3, #0|0-43
84538|code|BEQ.W           loc_148B4|63-244-59-175
84542|code|MOV             R0, R6|48-70
84544|code|BL              sub_14168|255-247-146-251
84548|code|B               loc_148B4|54-231
84550|code|MOV             R8, R2|144-70
84552|code|STR             R2, [SP,#0x818+var_808]|4-146
84554|code|ADD             R5, SP, #0x818+var_7DC|15-173
84556|code|MOVW            R1, #0xBC58|75-246-88-65
84560|code|MOVW            R4, #0xE240|78-242-64-36
84564|code|MOVT.W          R1, #1|192-242-1-1
84568|code|MOV             R2, R5|42-70
84570|code|ADD             R0, SP, #0x818+var_7D0|18-168
84572|code|MOVT.W          R4, #2|192-242-2-4
84576|code|BLX             _ZNSsC1EPKcRKSaIcE; std::string::string(char const*,std::allocator<char> const&)|253-247-4-239
84580|code|ADD             R0, SP, #0x818+s; s|152-168
84582|code|BLX             strlen|253-247-140-239
84586|code|ADD             R1, SP, #0x818+s; char *|152-169
84588|code|MOV             R2, R0; unsigned int|2-70
84590|code|ADD             R0, SP, #0x818+var_7D0; this|18-168
84592|code|BLX             _ZNSs6appendEPKcj; std::string::append(char const*,uint)|253-247-246-238
84596|code|MOVW            R1, #0xBC34|75-246-52-65
84600|code|ADD             R0, SP, #0x818+var_7D0; this|18-168
84602|code|MOVS            R2, #8; unsigned int|8-34
84604|code|MOVT.W          R1, #1; char *|192-242-1-1
84608|code|BLX             _ZNSs6appendEPKcj; std::string::append(char const*,uint)|253-247-238-238
84612|code|LDR             R0, [SP,#0x818+var_80C]|3-152
84614|code|ADD             R2, SP, #0x818+var_7D0|18-170
84616|code|LDR             R1, [SP,#0x818+var_804]|5-153
84618|code|BL              sub_1428C|255-247-255-251
84622|code|LDR             R3, [SP,#0x818+var_7D0]|18-155
84624|code|MOVW            R4, #0xE240|78-242-64-36
84628|code|LDR             R2, [SP,#0x818+var_810]|2-154
84630|code|MOVT.W          R4, #2|192-242-2-4
84634|code|SUB.W           R0, R3, #0xC|163-241-12-0
84638|code|CMP             R0, R2|144-66
84640|code|BEQ             loc_149AC|132-208
84642|code|LDR             R1, [SP,#0x818+var_7FC]|7-153
84644|code|SUBS            R2, R3, #4|26-31
84646|code|CMP             R1, #0|0-41
84648|code|BEQ.W           loc_14DDC|0-240-152-129
84652|code|DMB.W           SY|191-243-95-143
84656|code|LDREX.W         R3, [R2]|82-232-0-63
84660|code|SUBS            R1, R3, #1|89-30
84662|code|STREX.W         R6, R1, [R2]|66-232-0-22
84666|code|CMP             R6, #0|0-46
84668|code|BNE             loc_14AB0|248-209
84670|code|DMB.W           SY|191-243-95-143
84674|code|CMP             R3, #0|0-43
84676|code|BGT.W           loc_149AC|63-247-114-175
84680|code|MOV             R1, R5|41-70
84682|code|BLX             _ZNSs4_Rep10_M_destroyERKSaIcE; std::string::_Rep::_M_destroy(std::allocator<char> const&)|253-247-80-238
84686|code|B               loc_149AC|109-231
84688|code|LDR             R5, =off_1BB28|198-77
84690|code|MOV.W           R0, #0x580; size|79-244-176-96
84694|code|STR             R5, [SP,#0x818+var_7D0]|18-149
84696|code|BLX             malloc|253-247-70-239
84700|code|MOV             R4, R0|4-70
84702|code|STR             R0, [SP,#0x818+ptr]|20-144
84704|code|CMP             R0, #0|0-40
84706|code|BEQ.W           loc_14F0C|0-240-19-130
84710|code|LDR.W           R1, [R11]; src|219-248-0-16
84714|code|MOVS            R2, #0x80; n|128-34
84716|code|MOV.W           R3, #0x580|79-244-176-99
84720|code|STR             R3, [SP,#0x818+n]|19-147
84722|code|BLX             strncpy|253-247-172-239
84726|code|LDR.W           R1, [R11,#4]; src|219-248-4-16
84730|code|MOV.W           R2, #0x100; n|79-244-128-114
84734|code|ADD.W           R0, R4, #0x80; dest|4-241-128-0
84738|code|BLX             strncpy|253-247-164-239
84742|code|LDR.W           R1, [R11,#8]; src|219-248-8-16
84746|code|MOV.W           R2, #0x100; n|79-244-128-114
84750|code|ADD.W           R0, R4, #0x180; dest|4-245-192-112
84754|code|BLX             strncpy|253-247-156-239
84758|code|LDR.W           R1, [R11,#0xC]; src|219-248-12-16
84762|code|MOV.W           R2, #0x100; n|79-244-128-114
84766|code|ADD.W           R0, R4, #0x280; dest|4-245-32-112
84770|code|BLX             strncpy|253-247-148-239
84774|code|LDR.W           R1, [R11,#0x10]; src|219-248-16-16
84778|code|MOV.W           R2, #0x200; n|79-244-0-114
84782|code|ADD.W           R0, R4, #0x380; dest|4-245-96-112
84786|code|BLX             strncpy|253-247-140-239
84790|code|ADD             R0, SP, #0x818+var_758|48-168
84792|code|ADD             R1, SP, #0x818+var_7D0|18-169
84794|code|ADD             R2, SP, #0x818+var_798|32-170
84796|code|BL              sub_1B368|6-240-20-252
84800|code|MOVS            R0, #0x90; unsigned int|144-32
84802|code|BLX             _Znwj; operator new(uint)|253-247-70-237
84806|code|MOV             R4, R0|4-70
84808|code|ADD             R1, SP, #0x818+var_758|48-169
84810|code|ADDS            R0, #8|8-48
84812|code|BL              sub_1AE80|6-240-152-249
84816|code|MOV             R0, R4|32-70
84818|code|ADD             R1, SP, #0x818+var_7D8|16-169
84820|code|BLX             _ZNSt8__detail15_List_node_base7_M_hookEPS0_; std::__detail::_List_node_base::_M_hook(std::__detail::_List_node_base*)|253-247-66-237
84824|code|ADD             R0, SP, #0x818+var_758|48-168
84826|code|BL              sub_1AE9C|6-240-159-249
84830|code|LDR             R3, [SP,#0x818+var_80C]|3-155
84832|code|LDRB            R3, [R3,#9]|91-122
84834|code|CBZ             R3, loc_14B86|131-177
84836|code|MOVW            R0, #0xE300|78-242-0-48
84840|code|MOVW            R1, #0xB900|75-246-0-17
84844|code|MOVT.W          R0, #2|192-242-2-0
84848|code|MOVT.W          R1, #1|192-242-1-1
84852|code|MOVS            R2, #1|1-34
84854|code|BLX             _ZSt16__ostream_insertIcSt11char_traitsIcEERSt13basic_ostreamIT_T0_ES6_PKS3_i; std::__ostream_insert<char,std::char_traits<char>>(std::basic_ostream<char,std::char_traits<char>> &,char const*,int)|253-247-170-238
84858|code|MOV             R0, #_ZSt4cout; this|78-242-0-48-192-242-2-0
84866|code|BLX             _ZNSo5flushEv; std::ostream::flush(void)|253-247-194-237
84870|code|LDR             R0, [SP,#0x818+ptr]; s|20-152
84872|code|MOVS            R1, #0; c|0-33
84874|code|LDR             R2, [SP,#0x818+n]; n|19-154
84876|code|STR             R5, [SP,#0x818+var_7D0]|18-149
84878|code|BLX             memset|253-247-174-237
84882|code|LDR             R0, [SP,#0x818+ptr]; ptr|20-152
84884|code|BLX             free|253-247-80-237
84888|code|B               loc_148D6|157-230
84890|code|LDR             R2, [SP,#0x818+var_7FC]|7-154
84892|code|CMP             R2, #0|0-42
84894|code|BEQ.W           loc_14CD2|0-240-152-128
84898|code|SUBS            R3, #4|4-59
84900|code|DMB.W           SY|191-243-95-143
84904|code|LDREX.W         R2, [R3]|83-232-0-47
84908|code|SUBS            R1, R2, #1|81-30
84910|code|STREX.W         R4, R1, [R3]|67-232-0-20
84914|code|CMP             R4, #0|0-44
84916|code|BNE             loc_14BA8|248-209
84918|code|DMB.W           SY|191-243-95-143
84922|code|CMP             R2, #0|0-42
84924|code|BGT.W           loc_1474A|63-247-197-173
84928|code|ADD             R1, SP, #0x818+var_7D0|18-169
84930|code|BLX             _ZNSs4_Rep10_M_destroyERKSaIcE; std::string::_Rep::_M_destroy(std::allocator<char> const&)|253-247-212-237
84934|code|B               loc_1474A|192-229
84936|code|LDR             R3, [SP,#0x818+var_80C]|3-155
84938|code|LDRB            R3, [R3,#9]|91-122
84940|code|CMP             R3, #0|0-43
84942|code|BNE             loc_14C6C|77-209
84944|code|ADD             R0, SP, #0x818+var_7B0|26-168
84946|code|ADD             R1, SP, #0x818+var_7D8|16-169
84948|code|MOVS            R2, #0|0-34
84950|code|BL              sub_172D0|2-240-123-251
84954|code|ADD             R0, SP, #0x818+var_6C8|84-168
84956|code|BLX             _ZNSt13basic_filebufIcSt11char_traitsIcEE5closeEv; std::basic_filebuf<char,std::char_traits<char>>::close(void)|253-247-30-237
84960|code|CMP             R0, #0|0-40
84962|code|BEQ.W           loc_14D82|0-240-206-128
84966|code|LDR             R6, [SP,#0x818+var_7F4]|9-158
84968|code|MOVW            R4, #0xE240|78-242-64-36
84972|code|MOVW            R5, #0|64-242-0-5
84976|code|MOVT.W          R4, #2|192-242-2-4
84980|code|MOVT.W          R5, #0|192-242-0-5
84984|code|LDR.W           R3, [R6,#-4]!|86-248-4-61
84988|code|SUB.W           R0, R3, #0xC|163-241-12-0
84992|code|CMP             R0, R4|160-66
84994|code|BNE             loc_14CDE|108-209
84996|code|CMP             R6, R11|94-69
84998|code|BNE             loc_14BF8|247-209
85000|code|ADD             R0, SP, #0x818+var_7D8|16-168
85002|code|BL              sub_152D0|0-240-97-251
85006|code|ADD             R0, SP, #0x818+var_7B0|26-168
85008|code|BL              sub_1616C|1-240-172-250
85012|code|ADD             R0, SP, #0x818+var_798|32-168
85014|code|BL              sub_15DB4|1-240-205-248
85018|code|LDR             R2, =unk_2E2DC|117-74
85020|code|ADD             R0, SP, #0x818+var_6C8|84-168
85022|code|LDR             R3, =unk_2E3C8|117-75
85024|code|STR             R2, [SP,#0x818+var_6D0]|82-146
85026|code|ADDS            R2, #0x14|20-50
85028|code|STR             R3, [SP,#0x818+var_6C8]|84-147
85030|code|STR             R2, [SP,#0x818+var_640]|118-146
85032|code|BLX             _ZNSt13basic_filebufIcSt11char_traitsIcEE5closeEv; std::basic_filebuf<char,std::char_traits<char>>::close(void)|253-247-248-236
85036|code|ADD             R0, SP, #0x818+var_690|98-168
85038|code|BLX             _ZNSt12__basic_fileIcED1Ev; std::__basic_file<char>::~__basic_file()|253-247-44-239
85042|code|LDR             R3, =unk_2E268|113-75
85044|code|ADD             R0, SP, #0x818+var_6AC; this|91-168
85046|code|STR             R3, [SP,#0x818+var_6C8]|84-147
85048|code|BLX             _ZNSt6localeD1Ev; std::locale::~locale()|253-247-114-238
85052|code|LDR             R2, [SP,#0x818+var_7F0]|10-154
85054|code|ADD             R0, SP, #0x818+var_640; this|118-168
85056|code|LDR             R3, [R2,#4]|83-104
85058|code|LDR             R1, [R2,#8]|145-104
85060|code|LDR.W           R2, [R3,#-0xC]|83-248-12-44
85064|code|STR             R3, [SP,#0x818+var_6D0]|82-147
85066|code|ADD             R3, SP, #0x818+var_6D0|82-171
85068|code|STR             R1, [R3,R2]|153-80
85070|code|LDR             R3, =0x2E238|107-75
85072|code|STR             R3, [SP,#0x818+var_640]|118-147
85074|code|BLX             _ZNSt8ios_baseD2Ev; std::ios_base::~ios_base()|253-247-4-237
85078|code|LDR             R3, [SP,#0x818+var_7EC]|11-155
85080|code|LDR.W           R2, [SP,#0x818+var_2C]|221-248-236-39
85084|code|LDR             R3, [R3]|27-104
85086|code|CMP             R2, R3|154-66
85088|code|BNE.W           loc_14E8C|64-240-20-129
85092|code|ADDW            SP, SP, #0x7F4|13-242-244-125
85096|code|POP.W           {R4-R11,PC}|189-232-240-143
85100|code|MOV             R3, #0x2E300|78-242-0-51-192-242-2-3
85108|code|LDR             R2, [R3]; std::cout|26-104
85110|code|LDR.W           R2, [R2,#-0xC]|82-248-12-44
85114|code|ADD             R3, R2|19-68
85116|code|LDR             R4, [R3,#0x7C]|220-111
85118|code|CMP             R4, #0|0-44
85120|code|BEQ.W           loc_1505C|0-240-236-129
85124|code|LDRB            R3, [R4,#0x1C]|35-127
85126|code|CMP             R3, #0|0-43
85128|code|BEQ             loc_14D46|93-208
85130|code|LDRB.W          R1, [R4,#0x27]; char|148-248-39-16
85134|code|MOV             R0, #_ZSt4cout; this|78-242-0-48-192-242-2-0
85142|code|BLX             _ZNSo3putEc; std::ostream::put(char)|253-247-150-236
85146|code|BLX             _ZNSo5flushEv; std::ostream::flush(void)|253-247-54-237
85150|code|B               loc_14BD0|151-231
85152|code|LDR             R2, [SP,#0x818+var_7FC]|7-154
85154|code|CMP             R2, #0|0-42
85156|code|BEQ             loc_14D76|103-208
85158|code|SUBS            R3, #4|4-59
85160|code|DMB.W           SY|191-243-95-143
85164|code|LDREX.W         R2, [R3]|83-232-0-47
85168|code|SUBS            R1, R2, #1|81-30
85170|code|STREX.W         R6, R1, [R3]|67-232-0-22
85174|code|CMP             R6, #0|0-46
85176|code|BNE             loc_14CAC|248-209
85178|code|DMB.W           SY|191-243-95-143
85182|code|CMP             R2, #0|0-42
85184|code|BGT.W           loc_149AC|63-247-116-174
85188|code|B               loc_14AC8|0-231
85190|code|LDR.W           R2, [R3,#-4]|83-248-4-44
85194|code|SUBS            R1, R2, #1|81-30
85196|code|STR.W           R1, [R3,#-4]|67-248-4-28
85200|code|B               loc_149D8|130-230
85202|code|LDR.W           R2, [R3,#-4]|83-248-4-44
85206|code|SUBS            R1, R2, #1|81-30
85208|code|STR.W           R1, [R3,#-4]|67-248-4-28
85212|code|B               loc_14BBA|109-231
85214|code|CMP             R5, #0|0-45
85216|code|BEQ             loc_14D6A|67-208
85218|code|SUBS            R3, #4|4-59
85220|code|DMB.W           SY|191-243-95-143
85224|code|LDREX.W         R2, [R3]|83-232-0-47
85228|code|SUBS            R1, R2, #1|81-30
85230|code|STREX.W         R7, R1, [R3]|67-232-0-23
85234|code|CMP             R7, #0|0-47
85236|code|BNE             loc_14CE8|248-209
85238|code|DMB.W           SY|191-243-95-143
85242|code|CMP             R2, #0|0-42
85244|code|BGT             loc_14C04|130-220
85246|code|ADD             R1, SP, #0x818+var_7D0|18-169
85248|code|BLX             _ZNSs4_Rep10_M_destroyERKSaIcE; std::string::_Rep::_M_destroy(std::allocator<char> const&)|253-247-52-237
85252|code|B               loc_14C04|126-231
85254|code|LDR             R1, [SP,#0x818+var_7FC]|7-153
85256|code|SUBS            R2, R3, #4|26-31
85258|code|CMP             R1, #0|0-41
85260|code|BEQ             loc_14DCE|95-208
85262|code|DMB.W           SY|191-243-95-143
85266|code|LDREX.W         R3, [R2]|82-232-0-63
85270|code|SUBS            R1, R3, #1|89-30
85272|code|STREX.W         R5, R1, [R2]|66-232-0-21
85276|code|CMP             R5, #0|0-45
85278|code|BNE             loc_14D12|248-209
85280|code|DMB.W           SY|191-243-95-143
85284|code|CMP             R3, #0|0-43
85286|code|BGT.W           loc_14A30|63-247-131-174
85290|code|ADD             R1, SP, #0x818+var_7DC|15-169
85292|code|BLX             _ZNSs4_Rep10_M_destroyERKSaIcE; std::string::_Rep::_M_destroy(std::allocator<char> const&)|253-247-30-237
85296|code|B               loc_14A30|126-230
85298|code|LDR.W           R0, [R3,#-0xC]|83-248-12-12
85302|code|ADD             R3, SP, #0x818+var_6D0|82-171
85304|code|ADD             R0, R3|24-68
85306|code|LDR             R1, [R0,#0x14]|65-105
85308|code|ORR.W           R1, R1, #4|65-240-4-1
85312|code|BLX             _ZNSt9basic_iosIcSt11char_traitsIcEE5clearESt12_Ios_Iostate; std::basic_ios<char,std::char_traits<char>>::clear(std::_Ios_Iostate)|253-247-102-238
85316|code|B               loc_14650|132-228
85318|code|MOV             R0, R4|32-70
85320|code|BLX             _ZNKSt5ctypeIcE13_M_widen_initEv; std::ctype<char>::_M_widen_init(void)|253-247-150-237
85324|code|LDR             R2, [R4]|34-104
85326|code|MOV             R3, #0x14029|68-242-41-3-192-242-1-3
85334|code|LDR             R2, [R2,#0x18]|146-105
85336|code|CMP             R2, R3|154-66
85338|code|IT EQ|8-191
85340|code|MOVEQ           R1, #0xA|10-33
85342|code|BEQ             loc_14C8E|150-208
85344|code|MOV             R0, R4|32-70
85346|code|MOVS            R1, #0xA|10-33
85348|code|BLX             R2|144-71
85350|code|MOV             R1, R0|1-70
85352|code|B               loc_14C8E|145-231
85354|code|LDR.W           R2, [R3,#-4]|83-248-4-44
85358|code|SUBS            R1, R2, #1|81-30
85360|code|STR.W           R1, [R3,#-4]|67-248-4-28
85364|code|B               loc_14CFA|193-231
85366|code|LDR.W           R2, [R3,#-4]|83-248-4-44
85370|code|SUBS            R1, R2, #1|81-30
85372|code|STR.W           R1, [R3,#-4]|67-248-4-28
85376|code|B               loc_14CBE|157-231
85378|code|LDR             R3, [SP,#0x818+var_6D0]|82-155
85380|code|LDR.W           R0, [R3,#-0xC]|83-248-12-12
85384|code|ADD             R3, SP, #0x818+var_6D0|82-171
85386|code|ADD             R0, R3|24-68
85388|code|LDR             R1, [R0,#0x14]|65-105
85390|code|ORR.W           R1, R1, #4|65-240-4-1
85394|code|BLX             _ZNSt9basic_iosIcSt11char_traitsIcEE5clearESt12_Ios_Iostate; std::basic_ios<char,std::char_traits<char>>::clear(std::_Ios_Iostate)|253-247-62-238
85398|code|B               loc_14BE6|38-231
85400|code|MOVW            R0, #0xBB74|75-246-116-48
85404|code|MOVW            R1, #0xBC40|75-246-64-65
85408|code|MOV             R3, R4|35-70
85410|code|MOV             R2, R9|74-70
85412|code|MOVW            R4, #0xE240|78-242-64-36
85416|code|MOVT.W          R0, #1; char *|192-242-1-0
85420|code|MOVT.W          R1, #1|192-242-1-1
85424|code|MOVT.W          R4, #2|192-242-2-4
85428|code|BLX             _ZSt24__throw_out_of_range_fmtPKcz; std::__throw_out_of_range_fmt(char const*,...)|253-247-222-237
85432|code|MOVW            R0, #0xBB30|75-246-48-48
85436|code|MOVW            R4, #0xE240|78-242-64-36
85440|code|MOV             R1, R6|49-70
85442|code|MOVT.W          R0, #1; char *|192-242-1-0
85446|code|MOVT.W          R4, #2|192-242-2-4
85450|code|BLX             _ZSt24__throw_out_of_range_fmtPKcz; std::__throw_out_of_range_fmt(char const*,...)|253-247-212-237
85454|code|LDR.W           R2, [R3,#-4]|83-248-4-44
85458|code|SUBS            R1, R2, #1|81-30
85460|code|STR.W           R1, [R3,#-4]|67-248-4-28
85464|code|MOV             R3, R2|19-70
85466|code|B               loc_14D24|163-231
85468|code|LDR.W           R2, [R3,#-4]|83-248-4-44
85472|code|SUBS            R1, R2, #1|81-30
85474|code|STR.W           R1, [R3,#-4]|67-248-4-28
85478|code|MOV             R3, R2|19-70
85480|code|B               loc_14AC2|107-230
85482|data|ALIGN 4|0-191
85484|data|DCD off_1BB28|40-187-1-0
85488|data|DCD unk_2E2DC|220-226-2-0
85492|data|DCD unk_2E3C8|200-227-2-0
85496|data|DCD unk_2E268|104-226-2-0
85500|data|DCD 0x2E238|56-226-2-0
85504|code|MOV             R6, R0|6-70
85506|code|MOV             R5, R1|13-70
85508|code|LDR             R0, [R7]|56-104
85510|code|SUBS            R0, #0xC|12-56
85512|code|CMP             R0, R4|160-66
85514|code|BEQ             loc_14E12|2-208
85516|code|ADD             R1, SP, #0x818+var_7E8|12-169
85518|code|BL              sub_12AE8|253-247-107-254
85522|code|LDR             R7, [SP,#0x818+var_7F4]|9-159
85524|code|LDR.W           R0, [R7,#-4]!|87-248-4-13
85528|code|SUBS            R0, #0xC|12-56
85530|code|CMP             R0, R4|160-66
85532|code|BEQ             loc_14E24|2-208
85534|code|ADD             R1, SP, #0x818+var_7E8|12-169
85536|code|BL              sub_12AE8|253-247-98-254
85540|code|CMP             R7, R11|95-69
85542|code|BNE             loc_14E14|245-209
85544|code|ADD             R0, SP, #0x818+var_7D8|16-168
85546|code|MOV             R4, R5|44-70
85548|code|BL              sub_152D0|0-240-80-250
85552|code|B               loc_14E54|16-224
85554|code|LDR             R3, [R7]|59-104
85556|code|MOVW            R4, #0xE240|78-242-64-36
85560|code|MOV             R6, R0|6-70
85562|code|MOVT.W          R4, #2|192-242-2-4
85566|code|SUB.W           R0, R3, #0xC|163-241-12-0
85570|code|MOV             R5, R1|13-70
85572|code|CMP             R0, R4|160-66
85574|code|BEQ             loc_14E12|228-208
85576|code|ADD             R1, SP, #0x818+var_7D0|18-169
85578|code|BL              sub_12AE8|253-247-77-254
85582|code|B               loc_14E12|224-231
85584|code|MOV             R6, R0|6-70
85586|code|MOV             R4, R1|12-70
85588|code|ADD             R0, SP, #0x818+var_7B0|26-168
85590|code|MOV             R5, R6|53-70
85592|code|BL              sub_1616C|1-240-136-249
85596|code|ADD             R0, SP, #0x818+var_798|32-168
85598|code|BL              sub_15DB4|0-240-169-255
85602|code|ADD             R0, SP, #0x818+var_6D0|82-168
85604|code|BLX             _ZNSt14basic_ifstreamIcSt11char_traitsIcEED1Ev; std::basic_ifstream<char,std::char_traits<char>>::~basic_ifstream()|253-247-224-235
85608|code|MOV             R0, R5; void *|40-70
85610|code|MOV             R1, R4|33-70
85612|code|ADDS            R1, #1|1-49
85614|code|BEQ             loc_14E88|11-208
85616|code|BLX             __cxa_end_cleanup|253-247-240-236
85620|code|MOV             R6, R0|6-70
85622|code|MOV             R4, R1|12-70
85624|code|LDR             R3, =0x2E238|159-75
85626|code|ADD             R0, SP, #0x818+var_640; this|118-168
85628|code|STR             R3, [SP,#0x818+var_640]|118-147
85630|code|BLX             _ZNSt8ios_baseD2Ev; std::ios_base::~ios_base()|253-247-238-235
85634|code|MOV             R0, R6|48-70
85636|code|MOV             R1, R4|33-70
85638|code|B               loc_14E6C|241-231
85640|code|BLX             __cxa_call_unexpected|253-247-20-237
85644|code|BLX             __stack_chk_fail|253-247-220-236
85648|code|B               loc_14E6C|236-231
85650|code|LDR.W           R3, [R4,#-0xC]|84-248-12-60
85654|code|ADD             R2, SP, #0x818+var_6D0|82-170
85656|code|STR             R4, [SP,#0x818+var_6D0]|82-148
85658|code|MOV             R6, R0|6-70
85660|code|MOV             R4, R1|12-70
85662|code|STR             R5, [R2,R3]|213-80
85664|code|B               loc_14E78|234-231
85666|code|MOV             R5, R0|5-70
85668|code|ADD             R0, SP, #0x818+var_690|98-168
85670|code|MOV             R4, R1|12-70
85672|code|BLX             _ZNSt12__basic_fileIcED1Ev; std::__basic_file<char>::~__basic_file()|253-247-238-237
85676|code|LDR             R3, =unk_2E268|147-75
85678|code|ADD             R0, SP, #0x818+var_6AC; this|91-168
85680|code|STR             R3, [SP,#0x818+var_6C8]|84-147
85682|code|BLX             _ZNSt6localeD1Ev; std::locale::~locale()|253-247-54-237
85686|code|LDR             R2, [SP,#0x818+var_7F0]|10-154
85688|code|ADD             R0, SP, #0x818+var_640; this|118-168
85690|code|LDR             R3, [R2,#4]|83-104
85692|code|LDR             R1, [R2,#8]|145-104
85694|code|LDR.W           R2, [R3,#-0xC]|83-248-12-44
85698|code|STR             R3, [SP,#0x818+var_6D0]|82-147
85700|code|ADD             R3, SP, #0x818+var_6D0|82-171
85702|code|STR             R1, [R3,R2]|153-80
85704|code|LDR             R3, =0x2E238|139-75
85706|code|STR             R3, [SP,#0x818+var_640]|118-147
85708|code|BLX             _ZNSt8ios_baseD2Ev; std::ios_base::~ios_base()|253-247-198-235
85712|code|MOV             R0, R5|40-70
85714|code|MOV             R1, R4|33-70
85716|code|B               loc_14E6C|202-231
85718|code|MOV             R7, R0|7-70
85720|code|MOV             R6, R1|14-70
85722|code|ADD             R0, SP, #0x818+var_6C8|84-168
85724|code|BLX             _ZNSt13basic_filebufIcSt11char_traitsIcEED1Ev; std::basic_filebuf<char,std::char_traits<char>>::~basic_filebuf()|253-247-110-237
85728|code|MOV             R0, R7|56-70
85730|code|MOV             R1, R6|49-70
85732|code|B               loc_14E92|213-231
85734|code|MOV             R5, R0|5-70
85736|code|MOV             R4, R1|12-70
85738|code|B               loc_14EAC|223-231
85740|code|LDR             R3, [SP,#0x818+var_7D0]|18-155
85742|code|MOVW            R4, #0xE240|78-242-64-36
85746|code|MOV             R6, R0|6-70
85748|code|MOVT.W          R4, #2|192-242-2-4
85752|code|SUB.W           R0, R3, #0xC|163-241-12-0
85756|code|MOV             R8, R1|136-70
85758|code|CMP             R0, R4|160-66
85760|code|BEQ             loc_14F08|2-208
85762|code|MOV             R1, R5|41-70
85764|code|BL              sub_12AE8|253-247-240-253
85768|code|MOV             R5, R8|69-70
85770|code|B               loc_14E04|123-231
85772|code|MOVS            R0, #0xC; thrown_size|12-32
85774|code|ADD             R5, SP, #0x818+var_7DC|15-173
85776|code|BLX             __cxa_allocate_exception|253-247-194-235
85780|code|MOV             R1, #aMemoryExhauste; msgid|75-246-124-65-192-242-1-1
85788|code|MOV             R6, R0|6-70
85790|code|MOV             R0, #aYapet; domainname|75-246-116-64-192-242-1-0
85798|code|BLX             dgettext|253-247-206-237
85802|code|ADD             R2, SP, #0x818+var_7E0|14-170
85804|code|MOV             R1, R0|1-70
85806|code|MOV             R0, R5|40-70
85808|code|BLX             _ZNSsC1EPKcRKSaIcE; std::string::string(char const*,std::allocator<char> const&)|253-247-156-236
85812|code|LDR             R3, =off_1BB10|114-75
85814|code|MOVS            R2, #0xFF|255-34
85816|code|ADD.W           R0, R6, #8; this|6-241-8-0
85820|code|MOV             R1, R5; std::string *|41-70
85822|code|STR             R2, [R6,#4]|114-96
85824|code|STR             R3, [R6]|51-96
85826|code|BLX             _ZNSsC1ERKSs; std::string::string(std::string const&)|253-247-194-235
85830|code|LDR             R0, [R5]|40-104
85832|code|MOV             R4, #0x2E240|78-242-64-36-192-242-2-4
85840|code|SUBS            R0, #0xC|12-56
85842|code|CMP             R0, R4|160-66
85844|code|BEQ             loc_14F5C|2-208
85846|code|ADD             R1, SP, #0x818+var_7E8|12-169
85848|code|BL              sub_12AE8|253-247-198-253
85852|code|MOVW            R1, #0xBAAC|75-246-172-33
85856|code|MOVW            R2, #0x5151|69-242-81-18
85860|code|MOV             R0, R6; void *|48-70
85862|code|MOVT.W          R1, #1; lptinfo|192-242-1-1
85866|code|MOVT.W          R2, #1; void (__cdecl *)(void *)|192-242-1-2
85870|code|BLX             __cxa_throw|253-247-92-237
85874|code|MOV             R4, R0|4-70
85876|code|MOV             R0, R6; this|48-70
85878|code|MOV             R5, R1|13-70
85880|code|BLX             _ZNSt9exceptionD2Ev; std::exception::~exception()|253-247-128-237
85884|code|ADDS            R5, #5|5-53
85886|code|BNE.W           loc_14E70|127-244-119-175
85890|code|MOV             R0, R4; void *|32-70
85892|code|BLX             __cxa_call_unexpected|253-247-150-236
85896|code|ADDS            R2, R1, #3|202-28
85898|code|BEQ             loc_14FD8|37-208
85900|code|ADDS            R3, R1, #3|203-28
85902|code|BNE.W           loc_14E00|127-244-55-175
85906|code|BLX             __cxa_call_unexpected|253-247-144-236
85910|code|MOV             R5, R0|5-70
85912|code|MOV             R8, R1|136-70
85914|code|MOV             R0, R6; void *|48-70
85916|code|MOVW            R4, #0xE240|78-242-64-36
85920|code|BLX             __cxa_free_exception|253-247-196-235
85924|code|MOVT.W          R4, #2|192-242-2-4
85928|code|MOV             R0, R5; void *|40-70
85930|code|MOV             R1, R8|65-70
85932|code|B               loc_14F88|236-231
85934|code|MOV             R6, R0|6-70
85936|code|MOV             R4, R1|12-70
85938|code|ADD             R0, SP, #0x818+var_758|48-168
85940|code|MOV             R8, R4|160-70
85942|code|BL              sub_1AE9C|5-240-113-255
85946|code|MOVS            R1, #0; c|0-33
85948|code|LDR             R2, [SP,#0x818+n]; n|19-154
85950|code|LDR             R0, [SP,#0x818+ptr]; s|20-152
85952|code|MOVW            R4, #0xE240|78-242-64-36
85956|code|STR             R5, [SP,#0x818+var_7D0]|18-149
85958|code|BLX             memset|253-247-146-235
85962|code|LDR             R0, [SP,#0x818+ptr]; ptr|20-152
85964|code|MOV             R5, R8|69-70
85966|code|BLX             free|253-247-52-235
85970|code|MOVT.W          R4, #2|192-242-2-4
85974|code|B               loc_14E04|21-231
85976|code|BLX             __cxa_call_unexpected|253-247-108-236
85980|code|MOV             R6, R0|6-70
85982|code|MOV             R8, R1|136-70
85984|code|B               loc_14FBA|235-231
85986|code|BLX             _ZSt16__throw_bad_castv; std::__throw_bad_cast(void)|253-247-92-236
85990|code|MOV             R5, R0|5-70
85992|code|MOV             R4, R1|12-70
85994|code|B               loc_14E5C|55-231
85996|code|MOVW            R4, #0xE240|78-242-64-36
86000|code|MOV             R6, R0|6-70
86002|code|MOV             R5, R1|13-70
86004|code|MOVT.W          R4, #2|192-242-2-4
86008|code|B               loc_14E12|11-231
86010|code|B               loc_14F8C|199-231
86012|code|B               loc_14EEC|118-231
86014|code|LDR             R3, [SP,#0x818+var_7D0]|18-155
86016|code|MOVW            R4, #0xE240|78-242-64-36
86020|code|MOV             R6, R0|6-70
86022|code|MOVT.W          R4, #2|192-242-2-4
86026|code|SUB.W           R0, R3, #0xC|163-241-12-0
86030|code|MOV             R5, R1|13-70
86032|code|CMP             R0, R4|160-66
86034|code|BEQ.W           loc_14E04|63-244-247-174
86038|code|ADD             R1, SP, #0x818+var_7DC|15-169
86040|code|BL              sub_12AE8|253-247-102-253
86044|code|B               loc_14E04|242-230
86046|code|BLX             __cxa_begin_catch|253-247-36-235
86050|code|MOV             R0, R4; void *|32-70
86052|code|BLX             _ZdlPv; operator delete(void *)|253-247-200-235
86056|code|BLX             __cxa_rethrow|253-247-146-236
86060|code|LDR             R3, [SP,#0x818+var_7E0]|14-155
86062|code|MOVW            R4, #0xE240|78-242-64-36
86066|code|MOV             R6, R0|6-70
86068|code|MOVT.W          R4, #2|192-242-2-4
86072|code|SUB.W           R0, R3, #0xC|163-241-12-0
86076|code|MOV             R5, R1|13-70
86078|code|CMP             R0, R4|160-66
86080|code|BEQ.W           loc_14E04|63-244-224-174
86084|code|ADD             R1, SP, #0x818+var_7D0|18-169
86086|code|BL              sub_12AE8|253-247-79-253
86090|code|B               loc_14E04|219-230
86092|code|MOV             R6, R0|6-70
86094|code|MOV             R4, R1|12-70
86096|code|BLX             __cxa_end_catch|253-247-198-236
86100|code|B               loc_14FB2|173-231
86102|code|MOV             R5, R0|5-70
86104|code|MOV             R4, R1|12-70
86106|code|B               loc_14E62|2-231
86108|code|BLX             _ZSt16__throw_bad_castv; std::__throw_bad_cast(void)|253-247-30-236
86112|code|MOVW            R0, #0xBB74|75-246-116-48
86116|code|MOVW            R1, #0xBC40|75-246-64-65
86120|code|MOV             R3, R4|35-70
86122|code|MOV             R2, R9|74-70
86124|code|MOVW            R4, #0xE240|78-242-64-36
86128|code|MOVT.W          R0, #1; char *|192-242-1-0
86132|code|MOVT.W          R1, #1|192-242-1-1
86136|code|MOVT.W          R4, #2|192-242-2-4
86140|code|BLX             _ZSt24__throw_out_of_range_fmtPKcz; std::__throw_out_of_range_fmt(char const*,...)|253-247-122-236
86144|code|MOVS            R0, #8; thrown_size|8-32
86146|code|BLX             __cxa_allocate_exception|253-247-10-235
86150|code|MOVW            R1, #0xBBDC|75-246-220-49
86154|code|LDR             R2, [SP,#0x818+var_80C]|3-154
86156|code|MOVT.W          R1, #1|192-242-1-1
86160|code|MOV             R6, R0|6-70
86162|code|ADD             R0, SP, #0x818+var_7E8|12-168
86164|code|BL              _ZStplIcSt11char_traitsIcESaIcEESbIT_T0_T1_EPKS3_RKS6_; std::operator+<char,std::char_traits<char>,std::allocator<char>>(char const*,std::basic_string<char,std::char_traits<char>,std::allocator<char>> const&)|0-240-224-248
86168|code|MOV             R0, R6; this|48-70
86170|code|ADD             R1, SP, #0x818+var_7E8; std::string *|12-169
86172|code|BLX             _ZNSt13runtime_errorC1ERKSs; std::runtime_error::runtime_error(std::string const&)|253-247-58-235
86176|code|LDR             R0, [SP,#0x818+var_7E8]|12-152
86178|code|MOV             R3, #0x2E240|78-242-64-35-192-242-2-3
86186|code|SUBS            R0, #0xC|12-56
86188|code|CMP             R0, R3|152-66
86190|code|BEQ             loc_150B6|2-208
86192|code|ADD             R1, SP, #0x818+var_7B0|26-169
86194|code|BL              sub_12AE8|253-247-25-253
86198|code|MOVW            R1, #0xE538|78-242-56-81
86202|code|MOVW            R2, #0x27E8|66-242-232-114
86206|code|MOV             R0, R6; void *|48-70
86208|code|MOVT.W          R1, #2; lptinfo|192-242-2-1
86212|code|MOVT.W          R2, #1; void (__cdecl *)(void *)|192-242-1-2
86216|code|BLX             __cxa_throw|253-247-174-236
86220|code|LDR             R3, [SP,#0x818+var_7E8]|12-155
86222|code|MOVW            R2, #0xE240|78-242-64-34
86226|code|MOV             R5, R0|5-70
86228|code|MOVT.W          R2, #2|192-242-2-2
86232|code|SUB.W           R0, R3, #0xC|163-241-12-0
86236|code|MOV             R4, R1|12-70
86238|code|CMP             R0, R2|144-66
86240|code|BEQ             loc_150E8|2-208
86242|code|ADD             R1, SP, #0x818+var_7B0|26-169
86244|code|BL              sub_12AE8|253-247-0-253
86248|code|MOV             R0, R6; void *|48-70
86250|code|BLX             __cxa_free_exception|253-247-32-235
86254|code|B               loc_14E62|184-230
86256|code|MOV             R5, R0|5-70
86258|code|MOV             R4, R1|12-70
86260|code|B               loc_150E8|248-231
86262|data|ALIGN 4|0-191
86264|data|DCD 0x2E238|56-226-2-0
86268|data|DCD unk_2E268|104-226-2-0
86272|data|DCD off_1BB10|16-187-1-0
86276|code|LDR             R0, [R0,#8]|128-104
86278|code|BX              LR|112-71
86280|code|LDR             R3, =off_1BB28|6-75
86282|code|MOVS            R1, #0; c|0-33
86284|code|PUSH            {R4,LR}|16-181
86286|code|MOV             R4, R0|4-70
86288|code|LDR             R2, [R4,#4]; n|98-104
86290|code|LDR             R0, [R0,#8]; s|128-104
86292|code|STR             R3, [R4]|35-96
86294|code|BLX             memset|253-247-234-234
86298|code|LDR             R0, [R4,#8]; ptr|160-104
86300|code|BLX             free|253-247-140-234
86304|code|MOV             R0, R4|32-70
86306|code|POP             {R4,PC}|16-189
86308|data|DCD off_1BB28|40-187-1-0
86312|code|LDR             R3, =off_1BB28|8-75
86314|code|MOVS            R1, #0; c|0-33
86316|code|PUSH            {R4,LR}|16-181
86318|code|MOV             R4, R0|4-70
86320|code|LDR             R2, [R4,#4]; n|98-104
86322|code|LDR             R0, [R0,#8]; s|128-104
86324|code|STR             R3, [R4]|35-96
86326|code|BLX             memset|253-247-218-234
86330|code|LDR             R0, [R4,#8]; ptr|160-104
86332|code|BLX             free|253-247-124-234
86336|code|MOV             R0, R4; void *|32-70
86338|code|BLX             _ZdlPv; operator delete(void *)|253-247-58-235
86342|code|MOV             R0, R4|32-70
86344|code|POP             {R4,PC}|16-189
86346|data|ALIGN 4|0-191
86348|data|DCD off_1BB28|40-187-1-0
86352|code|PUSH            {R4,R5,LR}|48-181
86354|code|MOV             R5, R0|5-70
86356|code|LDR             R0, =off_1BB10|29-72
86358|code|MOVW            R4, #0xE250|78-242-80-36
86362|code|LDR             R2, [R5,#8]|170-104
86364|code|MOVT.W          R4, #2|192-242-2-4
86368|code|LDR             R1, [R4]|33-104
86370|code|MOVW            R3, #0xE240|78-242-64-35
86374|code|STR             R0, [R5]|40-96
86376|code|SUB.W           R0, R2, #0xC|162-241-12-0
86380|code|SUB             SP, SP, #0xC|131-176
86382|code|MOVT.W          R3, #2|192-242-2-3
86386|code|CMP             R0, R3|152-66
86388|code|STR             R1, [SP,#0x18+var_14]|1-145
86390|code|BNE             loc_1518C|9-209
86392|code|MOV             R0, R5; this|40-70
86394|code|BLX             _ZNSt9exceptionD2Ev; std::exception::~exception()|253-247-128-236
86398|code|LDR             R2, [SP,#0x18+var_14]|1-154
86400|code|LDR             R3, [R4]|35-104
86402|code|MOV             R0, R5|40-70
86404|code|CMP             R2, R3|154-66
86406|code|BNE             loc_151C8|31-209
86408|code|ADD             SP, SP, #0xC|3-176
86410|code|POP             {R4,R5,PC}|48-189
86412|code|MOV             R3, #0|64-242-0-3-192-242-0-3
86420|code|CBZ             R3, loc_151BC|147-177
86422|code|SUBS            R2, #4|4-58
86424|code|DMB.W           SY|191-243-95-143
86428|code|LDREX.W         R3, [R2]|82-232-0-63
86432|code|SUBS            R1, R3, #1|89-30
86434|code|STREX.W         LR, R1, [R2]|66-232-0-30
86438|code|CMP.W           LR, #0|190-241-0-15
86442|code|BNE             loc_1519C|247-209
86444|code|DMB.W           SY|191-243-95-143
86448|code|CMP             R3, #0|0-43
86450|code|BGT             loc_15178|225-220
86452|code|MOV             R1, SP|105-70
86454|code|BLX             _ZNSs4_Rep10_M_destroyERKSaIcE; std::string::_Rep::_M_destroy(std::allocator<char> const&)|253-247-218-234
86458|code|B               loc_15178|221-231
86460|code|LDR.W           R3, [R2,#-4]|82-248-4-60
86464|code|SUBS            R1, R3, #1|89-30
86466|code|STR.W           R1, [R2,#-4]|66-248-4-28
86470|code|B               loc_151B0|243-231
86472|code|BLX             __stack_chk_fail|253-247-62-235
86476|data|DCD off_1BB10|16-187-1-0
86480|code|PUSH            {R4,R5,LR}|48-181
86482|code|MOV             R4, R0|4-70
86484|code|LDR             R0, =off_1BB10|31-72
86486|code|MOVW            R5, #0xE250|78-242-80-37
86490|code|LDR             R2, [R4,#8]|162-104
86492|code|MOVT.W          R5, #2|192-242-2-5
86496|code|LDR             R1, [R5]|41-104
86498|code|MOVW            R3, #0xE240|78-242-64-35
86502|code|STR             R0, [R4]|32-96
86504|code|SUB.W           R0, R2, #0xC|162-241-12-0
86508|code|SUB             SP, SP, #0xC|131-176
86510|code|MOVT.W          R3, #2|192-242-2-3
86514|code|CMP             R0, R3|152-66
86516|code|STR             R1, [SP,#0x18+var_14]|1-145
86518|code|BNE             loc_15212|12-209
86520|code|MOV             R0, R4; this|32-70
86522|code|BLX             _ZNSt9exceptionD2Ev; std::exception::~exception()|253-247-64-236
86526|code|MOV             R0, R4; void *|32-70
86528|code|BLX             _ZdlPv; operator delete(void *)|253-247-218-234
86532|code|LDR             R2, [SP,#0x18+var_14]|1-154
86534|code|LDR             R3, [R5]|43-104
86536|code|MOV             R0, R4|32-70
86538|code|CMP             R2, R3|154-66
86540|code|BNE             loc_1524E|31-209
86542|code|ADD             SP, SP, #0xC|3-176
86544|code|POP             {R4,R5,PC}|48-189
86546|code|MOV             R3, #0|64-242-0-3-192-242-0-3
86554|code|CBZ             R3, loc_15242|147-177
86556|code|SUBS            R2, #4|4-58
86558|code|DMB.W           SY|191-243-95-143
86562|code|LDREX.W         R3, [R2]|82-232-0-63
86566|code|SUBS            R1, R3, #1|89-30
86568|code|STREX.W         LR, R1, [R2]|66-232-0-30
86572|code|CMP.W           LR, #0|190-241-0-15
86576|code|BNE             loc_15222|247-209
86578|code|DMB.W           SY|191-243-95-143
86582|code|CMP             R3, #0|0-43
86584|code|BGT             loc_151F8|222-220
86586|code|MOV             R1, SP|105-70
86588|code|BLX             _ZNSs4_Rep10_M_destroyERKSaIcE; std::string::_Rep::_M_destroy(std::allocator<char> const&)|253-247-150-234
86592|code|B               loc_151F8|218-231
86594|code|LDR.W           R3, [R2,#-4]|82-248-4-60
86598|code|SUBS            R1, R3, #1|89-30
86600|code|STR.W           R1, [R2,#-4]|66-248-4-28
86604|code|B               loc_15236|243-231
86606|code|BLX             __stack_chk_fail|253-247-252-234
86610|data|ALIGN 4|0-191
86612|data|DCD off_1BB10|16-187-1-0
86616|code|PUSH.W          {R4-R8,LR}|45-233-240-65
86620|code|MOV             R5, #0x2E250|78-242-80-37-192-242-2-5
86628|code|SUB             SP, SP, #8|130-176
86630|code|LDR             R3, [R5]|43-104
86632|code|MOV             R4, R0|4-70
86634|code|MOV             R0, R1; s|8-70
86636|code|MOV             R8, R1|136-70
86638|code|MOV             R6, R2|22-70
86640|code|STR             R3, [SP,#0x20+var_1C]|1-147
86642|code|BLX             strlen|253-247-134-235
86646|code|LDR             R3, =0x2E24C|21-75
86648|code|STR             R3, [R4]|35-96
86650|code|LDR             R3, [R6]|51-104
86652|code|LDR.W           R1, [R3,#-0xC]|83-248-12-28
86656|code|MOV             R7, R0|7-70
86658|code|MOV             R0, R4; this|32-70
86660|code|ADD             R1, R7; unsigned int|57-68
86662|code|BLX             _ZNSs7reserveEj; std::string::reserve(uint)|253-247-94-234
86666|code|MOV             R0, R4; this|32-70
86668|code|MOV             R1, R8; char *|65-70
86670|code|MOV             R2, R7; unsigned int|58-70
86672|code|BLX             _ZNSs6appendEPKcj; std::string::append(char const*,uint)|253-247-230-234
86676|code|MOV             R0, R4; this|32-70
86678|code|MOV             R1, R6; std::string *|49-70
86680|code|BLX             _ZNSs6appendERKSs; std::string::append(std::string const&)|253-247-202-234
86684|code|LDR             R2, [SP,#0x20+var_1C]|1-154
86686|code|MOV             R0, R4|32-70
86688|code|LDR             R3, [R5]|43-104
86690|code|CMP             R2, R3|154-66
86692|code|BNE             loc_152AC|2-209
86694|code|ADD             SP, SP, #8|2-176
86696|code|POP.W           {R4-R8,PC}|189-232-240-129
86700|code|BLX             __stack_chk_fail|253-247-204-234
86704|code|LDR             R0, [R4]|32-104
86706|code|MOV             R3, #0x2E240|78-242-64-35-192-242-2-3
86714|code|SUBS            R0, #0xC|12-56
86716|code|CMP             R0, R3|152-66
86718|code|BEQ             loc_152C6|2-208
86720|code|MOV             R1, SP|105-70
86722|code|BL              sub_12AE8|253-247-17-252
86726|code|BLX             __cxa_end_cleanup|253-247-198-234
86730|data|ALIGN 4|0-191
86732|data|DCD 0x2E24C|76-226-2-0
86736|code|PUSH            {R4-R6,LR}|112-181
86738|code|MOV             R6, R0|6-70
86740|code|LDR             R4, [R0]|4-104
86742|code|CMP             R4, R0|132-66
86744|code|BEQ             locret_152F0|10-208
86746|code|MOV             R0, R4|32-70
86748|code|LDR.W           R5, [R0],#8|80-248-8-91
86752|code|BL              sub_1AE9C|5-240-220-253
86756|code|MOV             R0, R4; void *|32-70
86758|code|BLX             _ZdlPv; operator delete(void *)|253-247-104-234
86762|code|CMP             R5, R6|181-66
86764|code|MOV             R4, R5|44-70
86766|code|BNE             loc_152DA|244-209
86768|code|POP             {R4-R6,PC}|112-189
86770|data|ALIGN 4|0-191
86772|code|PUSH            {R4,LR}|16-181
86774|code|MOVS            R1, #0; c|0-33
86776|code|MOV             R4, R0|4-70
86778|code|MOVS            R2, #0x38 ; '8'; n|56-34
86780|code|BLX             memset|253-247-246-233
86784|code|MOVS            R3, #0|0-35
86786|code|STRB.W          R3, [R4,#0x38]|132-248-56-48
86790|code|STRB.W          R3, [R4,#0x39]|132-248-57-48
86794|code|STRB.W          R3, [R4,#0x3A]|132-248-58-48
86798|code|STRB.W          R3, [R4,#0x3B]|132-248-59-48
86802|code|STRB.W          R3, [R4,#0x3C]|132-248-60-48
86806|code|STRB.W          R3, [R4,#0x3D]|132-248-61-48
86810|code|STRB.W          R3, [R4,#0x3E]|132-248-62-48
86814|code|STRB.W          R3, [R4,#0x3F]|132-248-63-48
86818|code|POP             {R4,PC}|16-189
86820|code|PUSH.W          {R4-R9,LR}|45-233-240-67
86824|code|SUB             SP, SP, #0x7C|159-176
86826|code|LDR.W           R8, =(_GLOBAL_OFFSET_TABLE_ - 0x1533A)|223-248-136-137
86830|code|MOV             R5, R0|5-70
86832|code|LDR.W           R3, =(__stack_chk_guard_ptr - 0x2E000)|223-248-132-57
86836|code|MOV             R7, R1|15-70
86838|code|ADD             R8, PC; _GLOBAL_OFFSET_TABLE_|248-68
86840|code|LDR.W           R9, [R8,R3]; __stack_chk_guard|88-248-3-144
86844|code|LDR.W           R3, [R9]|217-248-0-48
86848|code|STR             R3, [SP,#0x98+var_24]|29-147
86850|code|BLX             EVP_sha1|253-247-152-233
86854|code|MOV             R6, R0|6-70
86856|code|CMP             R0, #0|0-40
86858|code|BEQ.W           loc_154B4|0-240-179-128
86862|code|ADD             R4, SP, #0x98+var_4C|19-172
86864|code|MOV             R0, R4|32-70
86866|code|BLX             EVP_MD_CTX_init|253-247-174-233
86870|code|MOV             R0, R4|32-70
86872|code|MOV             R1, R6|49-70
86874|code|MOVS            R2, #0|0-34
86876|code|BLX             EVP_DigestInit_ex|253-247-218-234
86880|code|CMP             R0, #0|0-40
86882|code|BEQ.W           loc_15B8C|0-240-19-132
86886|code|MOV             R0, R7; s|56-70
86888|code|BLX             strlen|253-247-10-235
86892|code|MOV             R1, R7|57-70
86894|code|MOV             R2, R0|2-70
86896|code|MOV             R0, R4|32-70
86898|code|BLX             EVP_DigestUpdate|253-247-226-233
86902|code|CMP             R0, #0|0-40
86904|code|BEQ.W           loc_15B3C|0-240-224-131
86908|code|ADD             R7, SP, #0x98+var_94|1-175
86910|code|MOV             R0, R4|32-70
86912|code|MOV             R1, R5|41-70
86914|code|MOV             R2, R7|58-70
86916|code|BLX             EVP_DigestFinal_ex|253-247-144-234
86920|code|CMP             R0, #0|0-40
86922|code|BEQ.W           loc_158E0|0-240-169-130
86926|code|LDR             R3, [SP,#0x98+var_94]|1-155
86928|code|MOV             R0, R4|32-70
86930|code|CMP             R3, #0x14|20-43
86932|code|BNE.W           loc_15882|64-240-117-130
86936|code|BLX             EVP_MD_CTX_cleanup|253-247-164-234
86940|code|BLX             EVP_md5|253-247-246-234
86944|code|MOV             R6, R0|6-70
86946|code|CMP             R0, #0|0-40
86948|code|BEQ.W           loc_15A42|0-240-77-131
86952|code|MOV             R0, R4|32-70
86954|code|BLX             EVP_MD_CTX_init|253-247-130-233
86958|code|MOV             R0, R4|32-70
86960|code|MOV             R1, R6|49-70
86962|code|MOVS            R2, #0|0-34
86964|code|BLX             EVP_DigestInit_ex|253-247-174-234
86968|code|CMP             R0, #0|0-40
86970|code|BEQ.W           loc_159EA|0-240-22-131
86974|code|MOV             R0, R4|32-70
86976|code|MOV             R1, R5|41-70
86978|code|MOVS            R2, #0x14|20-34
86980|code|BLX             EVP_DigestUpdate|253-247-184-233
86984|code|CMP             R0, #0|0-40
86986|code|BEQ.W           loc_1575C|0-240-199-129
86990|code|MOV             R0, R4|32-70
86992|code|ADD.W           R1, R5, #0x14|5-241-20-1
86996|code|MOV             R2, R7|58-70
86998|code|BLX             EVP_DigestFinal_ex|253-247-104-234
87002|code|CMP             R0, #0|0-40
87004|code|BEQ.W           loc_156FA|0-240-141-129
87008|code|LDR             R3, [SP,#0x98+var_94]|1-155
87010|code|MOV             R0, R4|32-70
87012|code|CMP             R3, #0x10|16-43
87014|code|BNE.W           loc_15AE6|64-240-126-131
87018|code|BLX             EVP_MD_CTX_cleanup|253-247-124-234
87022|code|BLX             EVP_ripemd160|253-247-38-234
87026|code|MOV             R6, R0|6-70
87028|code|CMP             R0, #0|0-40
87030|code|BEQ.W           loc_15A94|0-240-77-131
87034|code|MOV             R0, R4|32-70
87036|code|BLX             EVP_MD_CTX_init|253-247-88-233
87040|code|MOV             R0, R4|32-70
87042|code|MOV             R1, R6|49-70
87044|code|MOVS            R2, #0|0-34
87046|code|BLX             EVP_DigestInit_ex|253-247-134-234
87050|code|CMP             R0, #0|0-40
87052|code|BEQ.W           loc_15820|0-240-8-130
87056|code|MOV             R0, R4|32-70
87058|code|MOV             R1, R5|41-70
87060|code|MOVS            R2, #0x24 ; '$'|36-34
87062|code|BLX             EVP_DigestUpdate|253-247-144-233
87066|code|CMP             R0, #0|0-40
87068|code|BEQ.W           loc_157BE|0-240-207-129
87072|code|MOV             R0, R4|32-70
87074|code|ADD.W           R1, R5, #0x24 ; '$'|5-241-36-1
87078|code|MOV             R2, R7|58-70
87080|code|BLX             EVP_DigestFinal_ex|253-247-62-234
87084|code|CMP             R0, #0|0-40
87086|code|BEQ.W           loc_15992|0-240-176-130
87090|code|LDR             R3, [SP,#0x98+var_94]|1-155
87092|code|MOV             R0, R4|32-70
87094|code|CMP             R3, #0x14|20-43
87096|code|BNE.W           loc_1593C|64-240-128-130
87100|code|BLX             EVP_MD_CTX_cleanup|253-247-82-234
87104|code|BLX             EVP_md5|253-247-164-234
87108|code|MOV             R6, R0|6-70
87110|code|CMP             R0, #0|0-40
87112|code|BEQ.W           loc_1569E|0-240-41-129
87116|code|MOV             R0, R4|32-70
87118|code|BLX             EVP_MD_CTX_init|253-247-48-233
87122|code|MOV             R0, R4|32-70
87124|code|MOV             R1, R6|49-70
87126|code|MOVS            R2, #0|0-34
87128|code|BLX             EVP_DigestInit_ex|253-247-92-234
87132|code|CMP             R0, #0|0-40
87134|code|BEQ.W           loc_1563C|0-240-237-128
87138|code|MOV             R0, R4|32-70
87140|code|MOV             R1, R5|41-70
87142|code|MOVS            R2, #0x38 ; '8'|56-34
87144|code|BLX             EVP_DigestUpdate|253-247-102-233
87148|code|CMP             R0, #0|0-40
87150|code|BEQ.W           loc_1557A|0-240-132-128
87154|code|ADD             R6, SP, #0x98+var_34|25-174
87156|code|MOV             R2, R7|58-70
87158|code|MOV             R0, R4|32-70
87160|code|MOV             R1, R6|49-70
87162|code|BLX             EVP_DigestFinal_ex|253-247-22-234
87166|code|CMP             R0, #0|0-40
87168|code|BEQ             loc_15518|74-208
87170|code|LDR             R3, [SP,#0x98+var_94]|1-155
87172|code|MOV             R0, R4|32-70
87174|code|CMP             R3, #0x10|16-43
87176|code|BNE.W           loc_155DC|64-240-168-128
87180|code|BLX             EVP_MD_CTX_cleanup|253-247-42-234
87184|code|LDR             R4, [SP,#0x98+var_24]|29-156
87186|code|MOV             R3, R6|51-70
87188|code|LDR.W           R2, [R9]|217-248-0-32
87192|code|LDM             R3!, {R0,R1}|3-203
87194|code|MOVS            R3, #0|0-35
87196|code|CMP             R4, R2|148-66
87198|code|STR             R3, [SP,#0x98+var_34]|25-147
87200|code|STR             R3, [SP,#0x98+var_30]|26-147
87202|code|STR             R0, [R5,#0x38]|168-99
87204|code|MOV             R0, R5|40-70
87206|code|STR             R1, [R5,#0x3C]|233-99
87208|code|STR             R3, [SP,#0x98+var_2C]|27-147
87210|code|STR             R3, [SP,#0x98+var_28]|28-147
87212|code|BNE             loc_15514|50-209
87214|code|ADD             SP, SP, #0x7C ; '|'|31-176
87216|code|POP.W           {R4-R9,PC}|189-232-240-131
87220|code|MOVS            R0, #0xC; thrown_size|12-32
87222|code|ADD             R4, SP, #0x98+var_4C|19-172
87224|code|BLX             __cxa_allocate_exception|253-247-238-232
87228|code|LDR.W           R1, =(aRun1UnableToIn - 0x154C4); "Run 1: Unable to initialize the EVP_MD "...|223-248-252-23
87232|code|ADD             R1, PC; "Run 1: Unable to initialize the EVP_MD "...|121-68
87234|code|MOV             R5, R0|5-70
87236|code|LDR.W           R0, =(aYapet - 0x154CC); "yapet"|223-248-248-7
87240|code|ADD             R0, PC; "yapet"|120-68
87242|code|BLX             dgettext|253-247-252-234
87246|code|ADD             R2, SP, #0x98+var_54|17-170
87248|code|MOV             R1, R0|1-70
87250|code|MOV             R0, R4|32-70
87252|code|BLX             _ZNSsC1EPKcRKSaIcE; std::string::string(char const*,std::allocator<char> const&)|253-247-202-233
87256|code|MOV             R0, R5|40-70
87258|code|MOV             R1, R4|33-70
87260|code|BL              sub_15E40|0-240-176-252
87264|code|LDR.W           R2, =(_ZNSs4_Rep20_S_empty_rep_storageE_ptr - 0x2E000)|223-248-224-39
87268|code|LDR             R3, [SP,#0x98+var_4C]|19-155
87270|code|LDR.W           R2, [R8,R2]; _ZNSs4_Rep20_S_empty_rep_storageE_ptr ...|88-248-2-32
87274|code|SUB.W           R0, R3, #0xC|163-241-12-0
87278|code|CMP             R0, R2|144-66
87280|code|BNE.W           loc_15C14|64-240-144-131
87284|code|LDR.W           R2, =(_ZTIN5YAPET14YAPETExceptionE_ptr - 0x2E000)|223-248-208-39
87288|code|MOV             R0, R5; void *|40-70
87290|code|LDR.W           R3, =(off_2E21C - 0x2E000)|223-248-208-55
87294|code|LDR.W           R1, [R8,R2]; _ZTIN5YAPET14YAPETExceptionE_ptr ; lptinfo|88-248-2-16
87298|code|LDR.W           R2, [R8,R3]; YAPET::YAPETException::~YAPETException() ; void (__cdecl *)(void *)|88-248-3-32
87302|code|BLX             __cxa_throw|253-247-144-234
87306|code|ADDS            R1, #1|1-49
87308|code|BEQ.W           loc_15BDA|0-240-101-131
87312|code|BLX             __cxa_end_cleanup|253-247-160-233
87316|code|BLX             __stack_chk_fail|253-247-152-233
87320|code|MOV             R0, R4|32-70
87322|code|BLX             EVP_MD_CTX_cleanup|253-247-228-233
87326|code|MOV             R0, R5|40-70
87328|code|BL              sub_152F4|255-247-232-254
87332|code|MOVS            R0, #0xC; thrown_size|12-32
87334|code|ADD             R4, SP, #0x98+var_54|17-172
87336|code|BLX             __cxa_allocate_exception|253-247-182-232
87340|code|LDR.W           R1, =(aIvecUnableToFi - 0x15534); "IVec: Unable to finalize the digest"|223-248-160-23
87344|code|ADD             R1, PC; "IVec: Unable to finalize the digest"|121-68
87346|code|MOV             R5, R0|5-70
87348|code|LDR.W           R0, =(aYapet - 0x1553C); "yapet"|223-248-156-7
87352|code|ADD             R0, PC; "yapet"|120-68
87354|code|BLX             dgettext|253-247-196-234
87358|code|ADD             R2, SP, #0x98+var_58|16-170
87360|code|MOV             R1, R0|1-70
87362|code|MOV             R0, R4|32-70
87364|code|BLX             _ZNSsC1EPKcRKSaIcE; std::string::string(char const*,std::allocator<char> const&)|253-247-146-233
87368|code|MOV             R0, R5|40-70
87370|code|MOV             R1, R4|33-70
87372|code|BL              sub_15E40|0-240-120-252
87376|code|LDR.W           R2, =(_ZNSs4_Rep20_S_empty_rep_storageE_ptr - 0x2E000)|223-248-112-39
87380|code|LDR             R3, [SP,#0x98+var_54]|17-155
87382|code|LDR.W           R2, [R8,R2]; _ZNSs4_Rep20_S_empty_rep_storageE_ptr ...|88-248-2-32
87386|code|SUB.W           R0, R3, #0xC|163-241-12-0
87390|code|CMP             R0, R2|144-66
87392|code|BNE.W           loc_15C28|64-240-98-131
87396|code|LDR.W           R2, =(_ZTIN5YAPET14YAPETExceptionE_ptr - 0x2E000)|223-248-96-39
87400|code|MOV             R0, R5; void *|40-70
87402|code|LDR.W           R3, =(off_2E21C - 0x2E000)|223-248-96-55
87406|code|LDR.W           R1, [R8,R2]; _ZTIN5YAPET14YAPETExceptionE_ptr ; lptinfo|88-248-2-16
87410|code|LDR.W           R2, [R8,R3]; YAPET::YAPETException::~YAPETException() ; void (__cdecl *)(void *)|88-248-3-32
87414|code|BLX             __cxa_throw|253-247-88-234
87418|code|MOV             R0, R4|32-70
87420|code|BLX             EVP_MD_CTX_cleanup|253-247-178-233
87424|code|MOV             R0, R5|40-70
87426|code|BL              sub_152F4|255-247-183-254
87430|code|MOVS            R0, #0xC; thrown_size|12-32
87432|code|ADD             R4, SP, #0x98+var_58|16-172
87434|code|BLX             __cxa_allocate_exception|253-247-134-232
87438|code|LDR.W           R1, =(aIvecUnableToUp - 0x15596); "IVec: Unable to update the digest"|223-248-72-23
87442|code|ADD             R1, PC; "IVec: Unable to update the digest"|121-68
87444|code|MOV             R5, R0|5-70
87446|code|LDR.W           R0, =(aYapet - 0x1559E); "yapet"|223-248-68-7
87450|code|ADD             R0, PC; "yapet"|120-68
87452|code|BLX             dgettext|253-247-146-234
87456|code|ADD             R2, SP, #0x98+var_54|17-170
87458|code|MOV             R1, R0|1-70
87460|code|MOV             R0, R4|32-70
87462|code|BLX             _ZNSsC1EPKcRKSaIcE; std::string::string(char const*,std::allocator<char> const&)|253-247-98-233
87466|code|MOV             R0, R5|40-70
87468|code|MOV             R1, R4|33-70
87470|code|BL              sub_15E40|0-240-71-252
87474|code|LDR.W           R2, =(_ZNSs4_Rep20_S_empty_rep_storageE_ptr - 0x2E000)|223-248-16-39
87478|code|LDR             R3, [SP,#0x98+var_58]|16-155
87480|code|LDR.W           R2, [R8,R2]; _ZNSs4_Rep20_S_empty_rep_storageE_ptr ...|88-248-2-32
87484|code|SUB.W           R0, R3, #0xC|163-241-12-0
87488|code|CMP             R0, R2|144-66
87490|code|BNE.W           loc_15C1E|64-240-44-131
87494|code|LDR.W           R2, =(_ZTIN5YAPET14YAPETExceptionE_ptr - 0x2E000)|223-248-0-39
87498|code|MOV             R0, R5; void *|40-70
87500|code|LDR.W           R3, =(off_2E21C - 0x2E000)|223-248-252-54
87504|code|LDR.W           R1, [R8,R2]; _ZTIN5YAPET14YAPETExceptionE_ptr ; lptinfo|88-248-2-16
87508|code|LDR.W           R2, [R8,R3]; YAPET::YAPETException::~YAPETException() ; void (__cdecl *)(void *)|88-248-3-32
87512|code|BLX             __cxa_throw|253-247-38-234
87516|code|BLX             EVP_MD_CTX_cleanup|253-247-130-233
87520|code|MOV             R0, R5|40-70
87522|code|BL              sub_152F4|255-247-135-254
87526|code|MOVS            R0, #0xC; thrown_size|12-32
87528|code|ADD             R4, SP, #0x98+var_50|18-172
87530|code|BLX             __cxa_allocate_exception|253-247-86-232
87534|code|LDR.W           R1, =(aIvecDigestDoes - 0x155F6); "IVec: Digest does not have expected len"...|223-248-240-22
87538|code|ADD             R1, PC; "IVec: Digest does not have expected len"...|121-68
87540|code|MOV             R5, R0|5-70
87542|code|LDR.W           R0, =(aYapet - 0x155FE); "yapet"|223-248-236-6
87546|code|ADD             R0, PC; "yapet"|120-68
87548|code|BLX             dgettext|253-247-98-234
87552|code|ADD             R2, SP, #0x98+var_58|16-170
87554|code|MOV             R1, R0|1-70
87556|code|MOV             R0, R4|32-70
87558|code|BLX             _ZNSsC1EPKcRKSaIcE; std::string::string(char const*,std::allocator<char> const&)|253-247-50-233
87562|code|MOV             R0, R5|40-70
87564|code|MOV             R1, R4|33-70
87566|code|BL              sub_15E40|0-240-23-252
87570|code|LDR.W           R2, =(_ZNSs4_Rep20_S_empty_rep_storageE_ptr - 0x2E000)|223-248-176-38
87574|code|LDR             R3, [SP,#0x98+var_50]|18-155
87576|code|LDR.W           R2, [R8,R2]; _ZNSs4_Rep20_S_empty_rep_storageE_ptr ...|88-248-2-32
87580|code|SUB.W           R0, R3, #0xC|163-241-12-0
87584|code|CMP             R0, R2|144-66
87586|code|BNE.W           loc_15C64|64-240-31-131
87590|code|LDR.W           R2, =(_ZTIN5YAPET14YAPETExceptionE_ptr - 0x2E000)|223-248-160-38
87594|code|MOV             R0, R5; void *|40-70
87596|code|LDR.W           R3, =(off_2E21C - 0x2E000)|223-248-156-54
87600|code|LDR.W           R1, [R8,R2]; _ZTIN5YAPET14YAPETExceptionE_ptr ; lptinfo|88-248-2-16
87604|code|LDR.W           R2, [R8,R3]; YAPET::YAPETException::~YAPETException() ; void (__cdecl *)(void *)|88-248-3-32
87608|code|BLX             __cxa_throw|253-247-246-233
87612|code|MOV             R0, R4|32-70
87614|code|BLX             EVP_MD_CTX_cleanup|253-247-82-233
87618|code|MOV             R0, R5|40-70
87620|code|BL              sub_152F4|255-247-86-254
87624|code|MOVS            R0, #0xC; thrown_size|12-32
87626|code|ADD             R4, SP, #0x98+var_5C|15-172
87628|code|BLX             __cxa_allocate_exception|253-247-36-232
87632|code|LDR.W           R1, =(aIvecUnableToIn - 0x15658); "IVec: Unable to initialize the digest"|223-248-148-22
87636|code|ADD             R1, PC; "IVec: Unable to initialize the digest"|121-68
87638|code|MOV             R5, R0|5-70
87640|code|LDR.W           R0, =(aYapet - 0x15660); "yapet"|223-248-144-6
87644|code|ADD             R0, PC; "yapet"|120-68
87646|code|BLX             dgettext|253-247-50-234
87650|code|ADD             R2, SP, #0x98+var_54|17-170
87652|code|MOV             R1, R0|1-70
87654|code|MOV             R0, R4|32-70
87656|code|BLX             _ZNSsC1EPKcRKSaIcE; std::string::string(char const*,std::allocator<char> const&)|253-247-0-233
87660|code|MOV             R0, R5|40-70
87662|code|MOV             R1, R4|33-70
87664|code|BL              sub_15E40|0-240-230-251
87668|code|LDR.W           R2, =(_ZNSs4_Rep20_S_empty_rep_storageE_ptr - 0x2E000)|223-248-76-38
87672|code|LDR             R3, [SP,#0x98+var_5C]|15-155
87674|code|LDR.W           R2, [R8,R2]; _ZNSs4_Rep20_S_empty_rep_storageE_ptr ...|88-248-2-32
87678|code|SUB.W           R0, R3, #0xC|163-241-12-0
87682|code|CMP             R0, R2|144-66
87684|code|BNE.W           loc_15C32|64-240-213-130
87688|code|LDR.W           R2, =(_ZTIN5YAPET14YAPETExceptionE_ptr - 0x2E000)|223-248-60-38
87692|code|MOV             R0, R5; void *|40-70
87694|code|LDR.W           R3, =(off_2E21C - 0x2E000)|223-248-60-54
87698|code|LDR.W           R1, [R8,R2]; _ZTIN5YAPET14YAPETExceptionE_ptr ; lptinfo|88-248-2-16
87702|code|LDR.W           R2, [R8,R3]; YAPET::YAPETException::~YAPETException() ; void (__cdecl *)(void *)|88-248-3-32
87706|code|BLX             __cxa_throw|253-247-198-233
87710|code|MOV             R0, R5|40-70
87712|code|BL              sub_152F4|255-247-40-254
87716|code|MOVS            R0, #0xC; thrown_size|12-32
87718|code|ADD             R4, SP, #0x98+var_60|14-172
87720|code|BLX             __cxa_allocate_exception|252-247-246-239
87724|code|LDR.W           R1, =(aIvecUnableToIn_0 - 0x156B4); "IVec: Unable to initialize the EVP_MD s"...|223-248-64-22
87728|code|ADD             R1, PC; "IVec: Unable to initialize the EVP_MD s"...|121-68
87730|code|MOV             R5, R0|5-70
87732|code|LDR.W           R0, =(aYapet - 0x156BC); "yapet"|223-248-60-6
87736|code|ADD             R0, PC; "yapet"|120-68
87738|code|BLX             dgettext|253-247-4-234
87742|code|ADD             R2, SP, #0x98+var_54|17-170
87744|code|MOV             R1, R0|1-70
87746|code|MOV             R0, R4|32-70
87748|code|BLX             _ZNSsC1EPKcRKSaIcE; std::string::string(char const*,std::allocator<char> const&)|253-247-210-232
87752|code|MOV             R0, R5|40-70
87754|code|MOV             R1, R4|33-70
87756|code|BL              sub_15E40|0-240-184-251
87760|code|LDR.W           R2, =(_ZNSs4_Rep20_S_empty_rep_storageE_ptr - 0x2E000)|223-248-240-37
87764|code|LDR             R3, [SP,#0x98+var_60]|14-155
87766|code|LDR.W           R2, [R8,R2]; _ZNSs4_Rep20_S_empty_rep_storageE_ptr ...|88-248-2-32
87770|code|SUB.W           R0, R3, #0xC|163-241-12-0
87774|code|CMP             R0, R2|144-66
87776|code|BNE.W           loc_15C8C|64-240-212-130
87780|code|LDR.W           R2, =(_ZTIN5YAPET14YAPETExceptionE_ptr - 0x2E000)|223-248-224-37
87784|code|MOV             R0, R5; void *|40-70
87786|code|LDR.W           R3, =(off_2E21C - 0x2E000)|223-248-224-53
87790|code|LDR.W           R1, [R8,R2]; _ZTIN5YAPET14YAPETExceptionE_ptr ; lptinfo|88-248-2-16
87794|code|LDR.W           R2, [R8,R3]; YAPET::YAPETException::~YAPETException() ; void (__cdecl *)(void *)|88-248-3-32
87798|code|BLX             __cxa_throw|253-247-152-233
87802|code|MOV             R0, R4|32-70
87804|code|BLX             EVP_MD_CTX_cleanup|253-247-242-232
87808|code|MOV             R0, R5|40-70
87810|code|BL              sub_152F4|255-247-247-253
87814|code|MOVS            R0, #0xC; thrown_size|12-32
87816|code|ADD             R4, SP, #0x98+var_7C|7-172
87818|code|BLX             __cxa_allocate_exception|252-247-198-239
87822|code|LDR.W           R1, =(aRun2UnableToFi - 0x15716); "Run 2: Unable to finalize the digest"|223-248-232-21
87826|code|ADD             R1, PC; "Run 2: Unable to finalize the digest"|121-68
87828|code|MOV             R5, R0|5-70
87830|code|LDR.W           R0, =(aYapet - 0x1571E); "yapet"|223-248-228-5
87834|code|ADD             R0, PC; "yapet"|120-68
87836|code|BLX             dgettext|253-247-210-233
87840|code|ADD             R2, SP, #0x98+var_54|17-170
87842|code|MOV             R1, R0|1-70
87844|code|MOV             R0, R4|32-70
87846|code|BLX             _ZNSsC1EPKcRKSaIcE; std::string::string(char const*,std::allocator<char> const&)|253-247-162-232
87850|code|MOV             R0, R5|40-70
87852|code|MOV             R1, R4|33-70
87854|code|BL              sub_15E40|0-240-135-251
87858|code|LDR.W           R2, =(_ZNSs4_Rep20_S_empty_rep_storageE_ptr - 0x2E000)|223-248-144-37
87862|code|LDR             R3, [SP,#0x98+var_7C]|7-155
87864|code|LDR.W           R2, [R8,R2]; _ZNSs4_Rep20_S_empty_rep_storageE_ptr ...|88-248-2-32
87868|code|SUB.W           R0, R3, #0xC|163-241-12-0
87872|code|CMP             R0, R2|144-66
87874|code|BNE.W           loc_15C3C|64-240-123-130
87878|code|LDR.W           R2, =(_ZTIN5YAPET14YAPETExceptionE_ptr - 0x2E000)|223-248-128-37
87882|code|MOV             R0, R5; void *|40-70
87884|code|LDR.W           R3, =(off_2E21C - 0x2E000)|223-248-124-53
87888|code|LDR.W           R1, [R8,R2]; _ZTIN5YAPET14YAPETExceptionE_ptr ; lptinfo|88-248-2-16
87892|code|LDR.W           R2, [R8,R3]; YAPET::YAPETException::~YAPETException() ; void (__cdecl *)(void *)|88-248-3-32
87896|code|BLX             __cxa_throw|253-247-102-233
87900|code|MOV             R0, R4|32-70
87902|code|BLX             EVP_MD_CTX_cleanup|253-247-194-232
87906|code|MOV             R0, R5|40-70
87908|code|BL              sub_152F4|255-247-198-253
87912|code|MOVS            R0, #0xC; thrown_size|12-32
87914|code|ADD             R4, SP, #0x98+var_80|6-172
87916|code|BLX             __cxa_allocate_exception|252-247-148-239
87920|code|LDR.W           R1, =(aRun2UnableToUp - 0x15778); "Run 2: Unable to update the digest"|223-248-140-21
87924|code|ADD             R1, PC; "Run 2: Unable to update the digest"|121-68
87926|code|MOV             R5, R0|5-70
87928|code|LDR.W           R0, =(aYapet - 0x15780); "yapet"|223-248-136-5
87932|code|ADD             R0, PC; "yapet"|120-68
87934|code|BLX             dgettext|253-247-162-233
87938|code|ADD             R2, SP, #0x98+var_54|17-170
87940|code|MOV             R1, R0|1-70
87942|code|MOV             R0, R4|32-70
87944|code|BLX             _ZNSsC1EPKcRKSaIcE; std::string::string(char const*,std::allocator<char> const&)|253-247-112-232
87948|code|MOV             R0, R5|40-70
87950|code|MOV             R1, R4|33-70
87952|code|BL              sub_15E40|0-240-86-251
87956|code|LDR.W           R2, =(_ZNSs4_Rep20_S_empty_rep_storageE_ptr - 0x2E000)|223-248-44-37
87960|code|LDR             R3, [SP,#0x98+var_80]|6-155
87962|code|LDR.W           R2, [R8,R2]; _ZNSs4_Rep20_S_empty_rep_storageE_ptr ...|88-248-2-32
87966|code|SUB.W           R0, R3, #0xC|163-241-12-0
87970|code|CMP             R0, R2|144-66
87972|code|BNE.W           loc_15C78|64-240-104-130
87976|code|LDR.W           R2, =(_ZTIN5YAPET14YAPETExceptionE_ptr - 0x2E000)|223-248-28-37
87980|code|MOV             R0, R5; void *|40-70
87982|code|LDR.W           R3, =(off_2E21C - 0x2E000)|223-248-28-53
87986|code|LDR.W           R1, [R8,R2]; _ZTIN5YAPET14YAPETExceptionE_ptr ; lptinfo|88-248-2-16
87990|code|LDR.W           R2, [R8,R3]; YAPET::YAPETException::~YAPETException() ; void (__cdecl *)(void *)|88-248-3-32
87994|code|BLX             __cxa_throw|253-247-54-233
87998|code|MOV             R0, R4|32-70
88000|code|BLX             EVP_MD_CTX_cleanup|253-247-144-232
88004|code|MOV             R0, R5|40-70
88006|code|BL              sub_152F4|255-247-149-253
88010|code|MOVS            R0, #0xC; thrown_size|12-32
88012|code|ADD             R4, SP, #0x98+var_6C|11-172
88014|code|BLX             __cxa_allocate_exception|252-247-100-239
88018|code|LDR.W           R1, =(aRun3UnableToUp - 0x157DA); "Run 3: Unable to update the digest"|223-248-52-21
88022|code|ADD             R1, PC; "Run 3: Unable to update the digest"|121-68
88024|code|MOV             R5, R0|5-70
88026|code|LDR.W           R0, =(aYapet - 0x157E2); "yapet"|223-248-48-5
88030|code|ADD             R0, PC; "yapet"|120-68
88032|code|BLX             dgettext|253-247-112-233
88036|code|ADD             R2, SP, #0x98+var_54|17-170
88038|code|MOV             R1, R0|1-70
88040|code|MOV             R0, R4|32-70
88042|code|BLX             _ZNSsC1EPKcRKSaIcE; std::string::string(char const*,std::allocator<char> const&)|253-247-64-232
88046|code|MOV             R0, R5|40-70
88048|code|MOV             R1, R4|33-70
88050|code|BL              sub_15E40|0-240-37-251
88054|code|LDR.W           R2, =(_ZNSs4_Rep20_S_empty_rep_storageE_ptr - 0x2E000)|223-248-204-36
88058|code|LDR             R3, [SP,#0x98+var_6C]|11-155
88060|code|LDR.W           R2, [R8,R2]; _ZNSs4_Rep20_S_empty_rep_storageE_ptr ...|88-248-2-32
88064|code|SUB.W           R0, R3, #0xC|163-241-12-0
88068|code|CMP             R0, R2|144-66
88070|code|BNE.W           loc_15C46|64-240-30-130
88074|code|LDR.W           R2, =(_ZTIN5YAPET14YAPETExceptionE_ptr - 0x2E000)|223-248-188-36
88078|code|MOV             R0, R5; void *|40-70
88080|code|LDR.W           R3, =(off_2E21C - 0x2E000)|223-248-184-52
88084|code|LDR.W           R1, [R8,R2]; _ZTIN5YAPET14YAPETExceptionE_ptr ; lptinfo|88-248-2-16
88088|code|LDR.W           R2, [R8,R3]; YAPET::YAPETException::~YAPETException() ; void (__cdecl *)(void *)|88-248-3-32
88092|code|BLX             __cxa_throw|253-247-4-233
88096|code|MOV             R0, R4|32-70
88098|code|BLX             EVP_MD_CTX_cleanup|253-247-96-232
88102|code|MOV             R0, R5|40-70
88104|code|BL              sub_152F4|255-247-100-253
88108|code|MOVS            R0, #0xC; thrown_size|12-32
88110|code|ADD             R4, SP, #0x98+var_70|10-172
88112|code|BLX             __cxa_allocate_exception|252-247-50-239
88116|code|LDR.W           R1, =(aRun3UnableToIn - 0x1583C); "Run 3: Unable to initialize the digest"|223-248-216-20
88120|code|ADD             R1, PC; "Run 3: Unable to initialize the digest"|121-68
88122|code|MOV             R5, R0|5-70
88124|code|LDR.W           R0, =(aYapet - 0x15844); "yapet"|223-248-212-4
88128|code|ADD             R0, PC; "yapet"|120-68
88130|code|BLX             dgettext|253-247-64-233
88134|code|ADD             R2, SP, #0x98+var_54|17-170
88136|code|MOV             R1, R0|1-70
88138|code|MOV             R0, R4|32-70
88140|code|BLX             _ZNSsC1EPKcRKSaIcE; std::string::string(char const*,std::allocator<char> const&)|253-247-14-232
88144|code|MOV             R0, R5|40-70
88146|code|MOV             R1, R4|33-70
88148|code|BL              sub_15E40|0-240-244-250
88152|code|LDR.W           R2, =(_ZNSs4_Rep20_S_empty_rep_storageE_ptr - 0x2E000)|223-248-104-36
88156|code|LDR             R3, [SP,#0x98+var_70]|10-155
88158|code|LDR.W           R2, [R8,R2]; _ZNSs4_Rep20_S_empty_rep_storageE_ptr ...|88-248-2-32
88162|code|SUB.W           R0, R3, #0xC|163-241-12-0
88166|code|CMP             R0, R2|144-66
88168|code|BNE.W           loc_15CA0|64-240-26-130
88172|code|LDR.W           R2, =(_ZTIN5YAPET14YAPETExceptionE_ptr - 0x2E000)|223-248-88-36
88176|code|MOV             R0, R5; void *|40-70
88178|code|LDR.W           R3, =(off_2E21C - 0x2E000)|223-248-88-52
88182|code|LDR.W           R1, [R8,R2]; _ZTIN5YAPET14YAPETExceptionE_ptr ; lptinfo|88-248-2-16
88186|code|LDR.W           R2, [R8,R3]; YAPET::YAPETException::~YAPETException() ; void (__cdecl *)(void *)|88-248-3-32
88190|code|BLX             __cxa_throw|253-247-212-232
88194|code|BLX             EVP_MD_CTX_cleanup|253-247-48-232
88198|code|MOV             R0, R5|40-70
88200|code|BL              sub_152F4|255-247-52-253
88204|code|MOVS            R0, #0xC; thrown_size|12-32
88206|code|ADD.W           R4, SP, R0|13-235-0-4
88210|code|BLX             __cxa_allocate_exception|252-247-2-239
88214|code|LDR.W           R1, =(aRun1DigestDoes - 0x1589E); "Run 1: Digest does not have expected le"...|223-248-128-20
88218|code|ADD             R1, PC; "Run 1: Digest does not have expected le"...|121-68
88220|code|MOV             R5, R0|5-70
88222|code|LDR.W           R0, =(aYapet - 0x158A6); "yapet"|223-248-124-4
88226|code|ADD             R0, PC; "yapet"|120-68
88228|code|BLX             dgettext|253-247-14-233
88232|code|ADD             R2, SP, #0x98+var_54|17-170
88234|code|MOV             R1, R0|1-70
88236|code|MOV             R0, R4|32-70
88238|code|BLX             _ZNSsC1EPKcRKSaIcE; std::string::string(char const*,std::allocator<char> const&)|252-247-222-239
88242|code|MOV             R0, R5|40-70
88244|code|MOV             R1, R4|33-70
88246|code|BL              sub_15E40|0-240-195-250
88250|code|LDR.W           R2, =(_ZNSs4_Rep20_S_empty_rep_storageE_ptr - 0x2E000)|223-248-8-36
88254|code|LDR             R3, [SP,#0x98+var_8C]|3-155
88256|code|LDR.W           R2, [R8,R2]; _ZNSs4_Rep20_S_empty_rep_storageE_ptr ...|88-248-2-32
88260|code|SUB.W           R0, R3, #0xC|163-241-12-0
88264|code|CMP             R0, R2|144-66
88266|code|BNE.W           loc_15C50|64-240-193-129
88270|code|LDR             R2, =(_ZTIN5YAPET14YAPETExceptionE_ptr - 0x2E000)|254-74
88272|code|MOV             R0, R5; void *|40-70
88274|code|LDR             R3, =(off_2E21C - 0x2E000)|254-75
88276|code|LDR.W           R1, [R8,R2]; _ZTIN5YAPET14YAPETExceptionE_ptr ; lptinfo|88-248-2-16
88280|code|LDR.W           R2, [R8,R3]; YAPET::YAPETException::~YAPETException() ; void (__cdecl *)(void *)|88-248-3-32
88284|code|BLX             __cxa_throw|253-247-164-232
88288|code|MOV             R0, R4|32-70
88290|code|BLX             EVP_MD_CTX_cleanup|253-247-0-232
88294|code|MOV             R0, R5|40-70
88296|code|BL              sub_152F4|255-247-4-253
88300|code|MOVS            R0, #0xC; thrown_size|12-32
88302|code|ADD             R4, SP, #0x98+var_90|2-172
88304|code|BLX             __cxa_allocate_exception|252-247-210-238
88308|code|LDR.W           R1, =(aRun1UnableToFi - 0x158FC); "Run 1: Unable to finalize the digest"|223-248-40-20
88312|code|ADD             R1, PC; "Run 1: Unable to finalize the digest"|121-68
88314|code|MOV             R5, R0|5-70
88316|code|LDR.W           R0, =(aYapet - 0x15904); "yapet"|223-248-36-4
88320|code|ADD             R0, PC; "yapet"|120-68
88322|code|BLX             dgettext|253-247-224-232
88326|code|ADD             R2, SP, #0x98+var_54|17-170
88328|code|MOV             R1, R0|1-70
88330|code|MOV             R0, R4|32-70
88332|code|BLX             _ZNSsC1EPKcRKSaIcE; std::string::string(char const*,std::allocator<char> const&)|252-247-174-239
88336|code|MOV             R0, R5|40-70
88338|code|MOV             R1, R4|33-70
88340|code|BL              sub_15E40|0-240-148-250
88344|code|LDR             R2, =(_ZNSs4_Rep20_S_empty_rep_storageE_ptr - 0x2E000)|234-74
88346|code|LDR             R3, [SP,#0x98+var_90]|2-155
88348|code|LDR.W           R2, [R8,R2]; _ZNSs4_Rep20_S_empty_rep_storageE_ptr ...|88-248-2-32
88352|code|SUB.W           R0, R3, #0xC|163-241-12-0
88356|code|CMP             R0, R2|144-66
88358|code|BNE.W           loc_15C6E|64-240-162-129
88362|code|LDR             R2, =(_ZTIN5YAPET14YAPETExceptionE_ptr - 0x2E000)|231-74
88364|code|MOV             R0, R5; void *|40-70
88366|code|LDR             R3, =(off_2E21C - 0x2E000)|231-75
88368|code|LDR.W           R1, [R8,R2]; _ZTIN5YAPET14YAPETExceptionE_ptr ; lptinfo|88-248-2-16
88372|code|LDR.W           R2, [R8,R3]; YAPET::YAPETException::~YAPETException() ; void (__cdecl *)(void *)|88-248-3-32
88376|code|BLX             __cxa_throw|253-247-118-232
88380|code|BLX             EVP_MD_CTX_cleanup|252-247-210-239
88384|code|MOV             R0, R5|40-70
88386|code|BL              sub_152F4|255-247-215-252
88390|code|MOVS            R0, #0xC; thrown_size|12-32
88392|code|ADD             R4, SP, #0x98+var_64|13-172
88394|code|BLX             __cxa_allocate_exception|252-247-166-238
88398|code|LDR             R1, =(aRun3DigestDoes - 0x15954); "Run 3: Digest does not have expected le"...|246-73
88400|code|ADD             R1, PC; "Run 3: Digest does not have expected le"...|121-68
88402|code|MOV             R5, R0|5-70
88404|code|LDR             R0, =(aYapet - 0x1595A); "yapet"|245-72
88406|code|ADD             R0, PC; "yapet"|120-68
88408|code|BLX             dgettext|253-247-180-232
88412|code|ADD             R2, SP, #0x98+var_54|17-170
88414|code|MOV             R1, R0|1-70
88416|code|MOV             R0, R4|32-70
88418|code|BLX             _ZNSsC1EPKcRKSaIcE; std::string::string(char const*,std::allocator<char> const&)|252-247-132-239
88422|code|MOV             R0, R5|40-70
88424|code|MOV             R1, R4|33-70
88426|code|BL              sub_15E40|0-240-105-250
88430|code|LDR             R2, =(_ZNSs4_Rep20_S_empty_rep_storageE_ptr - 0x2E000)|213-74
88432|code|LDR             R3, [SP,#0x98+var_64]|13-155
88434|code|LDR.W           R2, [R8,R2]; _ZNSs4_Rep20_S_empty_rep_storageE_ptr ...|88-248-2-32
88438|code|SUB.W           R0, R3, #0xC|163-241-12-0
88442|code|CMP             R0, R2|144-66
88444|code|BNE.W           loc_15C5A|64-240-109-129
88448|code|LDR             R2, =(_ZTIN5YAPET14YAPETExceptionE_ptr - 0x2E000)|209-74
88450|code|MOV             R0, R5; void *|40-70
88452|code|LDR             R3, =(off_2E21C - 0x2E000)|209-75
88454|code|LDR.W           R1, [R8,R2]; _ZTIN5YAPET14YAPETExceptionE_ptr ; lptinfo|88-248-2-16
88458|code|LDR.W           R2, [R8,R3]; YAPET::YAPETException::~YAPETException() ; void (__cdecl *)(void *)|88-248-3-32
88462|code|BLX             __cxa_throw|253-247-76-232
88466|code|MOV             R0, R4|32-70
88468|code|BLX             EVP_MD_CTX_cleanup|252-247-166-239
88472|code|MOV             R0, R5|40-70
88474|code|BL              sub_152F4|255-247-171-252
88478|code|MOVS            R0, #0xC; thrown_size|12-32
88480|code|ADD             R4, SP, #0x98+var_68|12-172
88482|code|BLX             __cxa_allocate_exception|252-247-122-238
88486|code|LDR             R1, =(aRun3UnableToFi - 0x159AC); "Run 3: Unable to finalize the digest"|226-73
88488|code|ADD             R1, PC; "Run 3: Unable to finalize the digest"|121-68
88490|code|MOV             R5, R0|5-70
88492|code|LDR             R0, =(aYapet - 0x159B2); "yapet"|225-72
88494|code|ADD             R0, PC; "yapet"|120-68
88496|code|BLX             dgettext|253-247-136-232
88500|code|ADD             R2, SP, #0x98+var_54|17-170
88502|code|MOV             R1, R0|1-70
88504|code|MOV             R0, R4|32-70
88506|code|BLX             _ZNSsC1EPKcRKSaIcE; std::string::string(char const*,std::allocator<char> const&)|252-247-88-239
88510|code|MOV             R0, R5|40-70
88512|code|MOV             R1, R4|33-70
88514|code|BL              sub_15E40|0-240-61-250
88518|code|LDR             R2, =(_ZNSs4_Rep20_S_empty_rep_storageE_ptr - 0x2E000)|191-74
88520|code|LDR             R3, [SP,#0x98+var_68]|12-155
88522|code|LDR.W           R2, [R8,R2]; _ZNSs4_Rep20_S_empty_rep_storageE_ptr ...|88-248-2-32
88526|code|SUB.W           R0, R3, #0xC|163-241-12-0
88530|code|CMP             R0, R2|144-66
88532|code|BNE.W           loc_15C96|64-240-95-129
88536|code|LDR             R2, =(_ZTIN5YAPET14YAPETExceptionE_ptr - 0x2E000)|187-74
88538|code|MOV             R0, R5; void *|40-70
88540|code|LDR             R3, =(off_2E21C - 0x2E000)|187-75
88542|code|LDR.W           R1, [R8,R2]; _ZTIN5YAPET14YAPETExceptionE_ptr ; lptinfo|88-248-2-16
88546|code|LDR.W           R2, [R8,R3]; YAPET::YAPETException::~YAPETException() ; void (__cdecl *)(void *)|88-248-3-32
88550|code|BLX             __cxa_throw|253-247-32-232
88554|code|MOV             R0, R4|32-70
88556|code|BLX             EVP_MD_CTX_cleanup|252-247-122-239
88560|code|MOV             R0, R5|40-70
88562|code|BL              sub_152F4|255-247-127-252
88566|code|MOVS            R0, #0xC; thrown_size|12-32
88568|code|ADD             R4, SP, #0x98+var_84|5-172
88570|code|BLX             __cxa_allocate_exception|252-247-78-238
88574|code|LDR             R1, =(aRun2UnableToIn - 0x15A04); "Run 2: Unable to initialize the digest"|206-73
88576|code|ADD             R1, PC; "Run 2: Unable to initialize the digest"|121-68
88578|code|MOV             R5, R0|5-70
88580|code|LDR             R0, =(aYapet - 0x15A0A); "yapet"|205-72
88582|code|ADD             R0, PC; "yapet"|120-68
88584|code|BLX             dgettext|253-247-92-232
88588|code|ADD             R2, SP, #0x98+var_54|17-170
88590|code|MOV             R1, R0|1-70
88592|code|MOV             R0, R4|32-70
88594|code|BLX             _ZNSsC1EPKcRKSaIcE; std::string::string(char const*,std::allocator<char> const&)|252-247-44-239
88598|code|MOV             R0, R5|40-70
88600|code|MOV             R1, R4|33-70
88602|code|BL              sub_15E40|0-240-17-250
88606|code|LDR             R2, =(_ZNSs4_Rep20_S_empty_rep_storageE_ptr - 0x2E000)|169-74
88608|code|LDR             R3, [SP,#0x98+var_84]|5-155
88610|code|LDR.W           R2, [R8,R2]; _ZNSs4_Rep20_S_empty_rep_storageE_ptr ...|88-248-2-32
88614|code|SUB.W           R0, R3, #0xC|163-241-12-0
88618|code|CMP             R0, R2|144-66
88620|code|BNE.W           loc_15C00|64-240-232-128
88624|code|LDR             R2, =(_ZTIN5YAPET14YAPETExceptionE_ptr - 0x2E000)|165-74
88626|code|MOV             R0, R5; void *|40-70
88628|code|LDR             R3, =(off_2E21C - 0x2E000)|165-75
88630|code|LDR.W           R1, [R8,R2]; _ZTIN5YAPET14YAPETExceptionE_ptr ; lptinfo|88-248-2-16
88634|code|LDR.W           R2, [R8,R3]; YAPET::YAPETException::~YAPETException() ; void (__cdecl *)(void *)|88-248-3-32
88638|code|BLX             __cxa_throw|252-247-244-239
88642|code|MOV             R0, R5|40-70
88644|code|BL              sub_152F4|255-247-86-252
88648|code|MOVS            R0, #0xC; thrown_size|12-32
88650|code|ADD             R4, SP, #0x98+var_88|4-172
88652|code|BLX             __cxa_allocate_exception|252-247-36-238
88656|code|LDR             R1, =(aRun2UnableToIn_0 - 0x15A56); "Run 2: Unable to initialize the EVP_MD "...|187-73
88658|code|ADD             R1, PC; "Run 2: Unable to initialize the EVP_MD "...|121-68
88660|code|MOV             R5, R0|5-70
88662|code|LDR             R0, =(aYapet - 0x15A5C); "yapet"|187-72
88664|code|ADD             R0, PC; "yapet"|120-68
88666|code|BLX             dgettext|253-247-52-232
88670|code|ADD             R2, SP, #0x98+var_54|17-170
88672|code|MOV             R1, R0|1-70
88674|code|MOV             R0, R4|32-70
88676|code|BLX             _ZNSsC1EPKcRKSaIcE; std::string::string(char const*,std::allocator<char> const&)|252-247-2-239
88680|code|MOV             R0, R5|40-70
88682|code|MOV             R1, R4|33-70
88684|code|BL              sub_15E40|0-240-232-249
88688|code|LDR             R2, =(_ZNSs4_Rep20_S_empty_rep_storageE_ptr - 0x2E000)|148-74
88690|code|LDR             R3, [SP,#0x98+var_88]|4-155
88692|code|LDR.W           R2, [R8,R2]; _ZNSs4_Rep20_S_empty_rep_storageE_ptr ...|88-248-2-32
88696|code|SUB.W           R0, R3, #0xC|163-241-12-0
88700|code|CMP             R0, R2|144-66
88702|code|BNE.W           loc_15C82|64-240-0-129
88706|code|LDR             R2, =(_ZTIN5YAPET14YAPETExceptionE_ptr - 0x2E000)|145-74
88708|code|MOV             R0, R5; void *|40-70
88710|code|LDR             R3, =(off_2E21C - 0x2E000)|145-75
88712|code|LDR.W           R1, [R8,R2]; _ZTIN5YAPET14YAPETExceptionE_ptr ; lptinfo|88-248-2-16
88716|code|LDR.W           R2, [R8,R3]; YAPET::YAPETException::~YAPETException() ; void (__cdecl *)(void *)|88-248-3-32
88720|code|BLX             __cxa_throw|252-247-202-239
88724|code|MOV             R0, R5|40-70
88726|code|BL              sub_152F4|255-247-45-252
88730|code|MOVS            R0, #0xC; thrown_size|12-32
88732|code|ADD             R4, SP, #0x98+var_74|9-172
88734|code|BLX             __cxa_allocate_exception|252-247-252-237
88738|code|LDR             R1, =(aRun3UnableToIn_0 - 0x15AA8); "Run 3: Unable to initialize the EVP_MD "...|169-73
88740|code|ADD             R1, PC; "Run 3: Unable to initialize the EVP_MD "...|121-68
88742|code|MOV             R5, R0|5-70
88744|code|LDR             R0, =(aYapet - 0x15AAE); "yapet"|168-72
88746|code|ADD             R0, PC; "yapet"|120-68
88748|code|BLX             dgettext|253-247-10-232
88752|code|ADD             R2, SP, #0x98+var_54|17-170
88754|code|MOV             R1, R0|1-70
88756|code|MOV             R0, R4|32-70
88758|code|BLX             _ZNSsC1EPKcRKSaIcE; std::string::string(char const*,std::allocator<char> const&)|252-247-218-238
88762|code|MOV             R0, R5|40-70
88764|code|MOV             R1, R4|33-70
88766|code|BL              sub_15E40|0-240-191-249
88770|code|LDR             R2, =(_ZNSs4_Rep20_S_empty_rep_storageE_ptr - 0x2E000)|128-74
88772|code|LDR             R3, [SP,#0x98+var_74]|9-155
88774|code|LDR.W           R2, [R8,R2]; _ZNSs4_Rep20_S_empty_rep_storageE_ptr ...|88-248-2-32
88778|code|SUB.W           R0, R3, #0xC|163-241-12-0
88782|code|CMP             R0, R2|144-66
88784|code|BNE.W           loc_15C0A|64-240-155-128
88788|code|LDR             R2, =(_ZTIN5YAPET14YAPETExceptionE_ptr - 0x2E000)|124-74
88790|code|MOV             R0, R5; void *|40-70
88792|code|LDR             R3, =(off_2E21C - 0x2E000)|124-75
88794|code|LDR.W           R1, [R8,R2]; _ZTIN5YAPET14YAPETExceptionE_ptr ; lptinfo|88-248-2-16
88798|code|LDR.W           R2, [R8,R3]; YAPET::YAPETException::~YAPETException() ; void (__cdecl *)(void *)|88-248-3-32
88802|code|BLX             __cxa_throw|252-247-162-239
88806|code|BLX             EVP_MD_CTX_cleanup|252-247-254-238
88810|code|MOV             R0, R5|40-70
88812|code|BL              sub_152F4|255-247-2-252
88816|code|MOVS            R0, #0xC; thrown_size|12-32
88818|code|ADD             R4, SP, #0x98+var_78|8-172
88820|code|BLX             __cxa_allocate_exception|252-247-208-237
88824|code|LDR             R1, =(aRun2DigestDoes - 0x15AFE); "Run 2: Digest does not have expected le"...|149-73
88826|code|ADD             R1, PC; "Run 2: Digest does not have expected le"...|121-68
88828|code|MOV             R5, R0|5-70
88830|code|LDR             R0, =(aYapet - 0x15B04); "yapet"|149-72
88832|code|ADD             R0, PC; "yapet"|120-68
88834|code|BLX             dgettext|252-247-224-239
88838|code|ADD             R2, SP, #0x98+var_54|17-170
88840|code|MOV             R1, R0|1-70
88842|code|MOV             R0, R4|32-70
88844|code|BLX             _ZNSsC1EPKcRKSaIcE; std::string::string(char const*,std::allocator<char> const&)|252-247-174-238
88848|code|MOV             R0, R5|40-70
88850|code|MOV             R1, R4|33-70
88852|code|BL              sub_15E40|0-240-148-249
88856|code|LDR             R2, =(_ZNSs4_Rep20_S_empty_rep_storageE_ptr - 0x2E000)|106-74
88858|code|LDR             R3, [SP,#0x98+var_78]|8-155
88860|code|LDR.W           R2, [R8,R2]; _ZNSs4_Rep20_S_empty_rep_storageE_ptr ...|88-248-2-32
88864|code|SUB.W           R0, R3, #0xC|163-241-12-0
88868|code|CMP             R0, R2|144-66
88870|code|BNE.W           loc_15CAA|64-240-192-128
88874|code|LDR             R2, =(_ZTIN5YAPET14YAPETExceptionE_ptr - 0x2E000)|103-74
88876|code|MOV             R0, R5; void *|40-70
88878|code|LDR             R3, =(off_2E21C - 0x2E000)|103-75
88880|code|LDR.W           R1, [R8,R2]; _ZTIN5YAPET14YAPETExceptionE_ptr ; lptinfo|88-248-2-16
88884|code|LDR.W           R2, [R8,R3]; YAPET::YAPETException::~YAPETException() ; void (__cdecl *)(void *)|88-248-3-32
88888|code|BLX             __cxa_throw|252-247-118-239
88892|code|MOV             R0, R4|32-70
88894|code|BLX             EVP_MD_CTX_cleanup|252-247-210-238
88898|code|MOVS            R0, #0xC; thrown_size|12-32
88900|code|ADD             R7, SP, #0x98+var_94|1-175
88902|code|BLX             __cxa_allocate_exception|252-247-168-237
88906|code|LDR             R1, =(aRun1UnableToUp - 0x15B50); "Run 1: Unable to update the digest"|131-73
88908|code|ADD             R1, PC; "Run 1: Unable to update the digest"|121-68
88910|code|MOV             R5, R0|5-70
88912|code|LDR             R0, =(aYapet - 0x15B56); "yapet"|130-72
88914|code|ADD             R0, PC; "yapet"|120-68
88916|code|BLX             dgettext|252-247-182-239
88920|code|ADD             R2, SP, #0x98+var_54|17-170
88922|code|MOV             R1, R0|1-70
88924|code|MOV             R0, R7|56-70
88926|code|BLX             _ZNSsC1EPKcRKSaIcE; std::string::string(char const*,std::allocator<char> const&)|252-247-134-238
88930|code|MOV             R0, R5|40-70
88932|code|MOV             R1, R7|57-70
88934|code|BL              sub_15E40|0-240-107-249
88938|code|LDR             R2, =(_ZNSs4_Rep20_S_empty_rep_storageE_ptr - 0x2E000)|86-74
88940|code|LDR             R3, [SP,#0x98+var_94]|1-155
88942|code|LDR.W           R2, [R8,R2]; _ZNSs4_Rep20_S_empty_rep_storageE_ptr ...|88-248-2-32
88946|code|SUB.W           R0, R3, #0xC|163-241-12-0
88950|code|CMP             R0, R2|144-66
88952|code|BNE             loc_15BF6|61-209
88954|code|LDR             R2, =(_ZTIN5YAPET14YAPETExceptionE_ptr - 0x2E000)|83-74
88956|code|MOV             R0, R5; void *|40-70
88958|code|LDR             R3, =(off_2E21C - 0x2E000)|83-75
88960|code|LDR.W           R1, [R8,R2]; _ZTIN5YAPET14YAPETExceptionE_ptr ; lptinfo|88-248-2-16
88964|code|LDR.W           R2, [R8,R3]; YAPET::YAPETException::~YAPETException() ; void (__cdecl *)(void *)|88-248-3-32
88968|code|BLX             __cxa_throw|252-247-78-239
88972|code|MOV             R0, R4|32-70
88974|code|BLX             EVP_MD_CTX_cleanup|252-247-170-238
88978|code|MOVS            R0, #0xC; thrown_size|12-32
88980|code|BLX             __cxa_allocate_exception|252-247-128-237
88984|code|LDR             R1, =(aRun1UnableToIn_0 - 0x15B9E); "Run 1: Unable to initialize the digest"|113-73
88986|code|ADD             R1, PC; "Run 1: Unable to initialize the digest"|121-68
88988|code|MOV             R5, R0|5-70
88990|code|LDR             R0, =(aYapet - 0x15BA4); "yapet"|113-72
88992|code|ADD             R0, PC; "yapet"|120-68
88994|code|BLX             dgettext|252-247-144-239
88998|code|ADD             R2, SP, #0x98+var_54|17-170
89000|code|MOV             R1, R0|1-70
89002|code|MOV             R0, SP|104-70
89004|code|BLX             _ZNSsC1EPKcRKSaIcE; std::string::string(char const*,std::allocator<char> const&)|252-247-94-238
89008|code|MOV             R0, R5|40-70
89010|code|MOV             R1, SP|105-70
89012|code|BL              sub_15E40|0-240-68-249
89016|code|LDR             R2, =(_ZNSs4_Rep20_S_empty_rep_storageE_ptr - 0x2E000)|66-74
89018|code|LDR             R3, [SP,#0x98+var_98]|0-155
89020|code|LDR.W           R2, [R8,R2]; _ZNSs4_Rep20_S_empty_rep_storageE_ptr ...|88-248-2-32
89024|code|SUB.W           R0, R3, #0xC|163-241-12-0
89028|code|CMP             R0, R2|144-66
89030|code|BNE             loc_15BDE|10-209
89032|code|LDR             R2, =(_ZTIN5YAPET14YAPETExceptionE_ptr - 0x2E000)|63-74
89034|code|MOV             R0, R5; void *|40-70
89036|code|LDR             R3, =(off_2E21C - 0x2E000)|63-75
89038|code|LDR.W           R1, [R8,R2]; _ZTIN5YAPET14YAPETExceptionE_ptr ; lptinfo|88-248-2-16
89042|code|LDR.W           R2, [R8,R3]; YAPET::YAPETException::~YAPETException() ; void (__cdecl *)(void *)|88-248-3-32
89046|code|BLX             __cxa_throw|252-247-40-239
89050|code|BLX             __cxa_call_unexpected|252-247-108-238
89054|code|ADD             R1, SP, #0x98+var_50|18-169
89056|code|BL              sub_12B2C|252-247-164-255
89060|code|B               loc_15BC8|240-231
89062|code|MOV             R6, R0|6-70
89064|code|MOV             R4, R1|12-70
89066|code|MOV             R0, R5; void *|40-70
89068|code|BLX             __cxa_free_exception|252-247-158-237
89072|code|MOV             R0, R6; void *|48-70
89074|code|MOV             R1, R4|33-70
89076|code|B               loc_1550A|137-228
89078|code|ADD             R1, SP, #0x98+var_50|18-169
89080|code|BL              sub_12B2C|252-247-152-255
89084|code|B               loc_15B7A|189-231
89086|code|B               loc_15BE6|242-231
89088|code|ADD             R1, SP, #0x98+var_50|18-169
89090|code|BL              sub_12B2C|252-247-147-255
89094|code|B               loc_15A30|19-231
89096|code|B               loc_15BE6|237-231
89098|code|ADD             R1, SP, #0x98+var_50|18-169
89100|code|BL              sub_12B2C|252-247-142-255
89104|code|B               loc_15AD4|96-231
89106|code|B               loc_15BE6|232-231
89108|code|ADD             R1, SP, #0x98+var_50|18-169
89110|code|BL              sub_12B2C|252-247-137-255
89114|code|B               loc_154F4|107-228
89116|code|B               loc_15BE6|227-231
89118|code|ADD             R1, SP, #0x98+var_50|18-169
89120|code|BL              sub_12B2C|252-247-132-255
89124|code|B               loc_155C6|207-228
89126|code|B               loc_15BE6|222-231
89128|code|ADD             R1, SP, #0x98+var_50|18-169
89130|code|BL              sub_12B2C|252-247-127-255
89134|code|B               loc_15564|153-228
89136|code|B               loc_15BE6|217-231
89138|code|ADD             R1, SP, #0x98+var_50|18-169
89140|code|BL              sub_12B2C|252-247-122-255
89144|code|B               loc_15688|38-229
89146|code|B               loc_15BE6|212-231
89148|code|ADD             R1, SP, #0x98+var_50|18-169
89150|code|BL              sub_12B2C|252-247-117-255
89154|code|B               loc_15746|128-229
89156|code|B               loc_15BE6|207-231
89158|code|ADD             R1, SP, #0x98+var_50|18-169
89160|code|BL              sub_12B2C|252-247-112-255
89164|code|B               loc_1580A|221-229
89166|code|B               loc_15BE6|202-231
89168|code|ADD             R1, SP, #0x98+var_50|18-169
89170|code|BL              sub_12B2C|252-247-107-255
89174|code|B               loc_158CE|58-230
89176|code|B               loc_15BE6|197-231
89178|code|ADD             R1, SP, #0x98+var_50|18-169
89180|code|BL              sub_12B2C|252-247-102-255
89184|code|B               loc_15980|142-230
89186|code|B               loc_15BE6|192-231
89188|code|ADD             R1, SP, #0x98+var_54|17-169
89190|code|BL              sub_12B2C|252-247-97-255
89194|code|B               loc_15626|220-228
89196|code|B               loc_15BE6|187-231
89198|code|ADD             R1, SP, #0x98+var_50|18-169
89200|code|BL              sub_12B2C|252-247-92-255
89204|code|B               loc_1592A|89-230
89206|code|B               loc_15BE6|182-231
89208|code|ADD             R1, SP, #0x98+var_50|18-169
89210|code|BL              sub_12B2C|252-247-87-255
89214|code|B               loc_157A8|147-229
89216|code|B               loc_15BE6|177-231
89218|code|ADD             R1, SP, #0x98+var_50|18-169
89220|code|BL              sub_12B2C|252-247-82-255
89224|code|B               loc_15A82|251-230
89226|code|B               loc_15BE6|172-231
89228|code|ADD             R1, SP, #0x98+var_50|18-169
89230|code|BL              sub_12B2C|252-247-77-255
89234|code|B               loc_156E4|39-229
89236|code|B               loc_15BE6|167-231
89238|code|ADD             R1, SP, #0x98+var_50|18-169
89240|code|BL              sub_12B2C|252-247-72-255
89244|code|B               loc_159D8|156-230
89246|code|B               loc_15BE6|162-231
89248|code|ADD             R1, SP, #0x98+var_50|18-169
89250|code|BL              sub_12B2C|252-247-67-255
89254|code|B               loc_1586C|225-229
89256|code|B               loc_15BE6|157-231
89258|code|ADD             R1, SP, #0x98+var_50|18-169
89260|code|BL              sub_12B2C|252-247-62-255
89264|code|B               loc_15B2A|59-231
89266|code|B               loc_15BE6|152-231
89268|data|DCD _GLOBAL_OFFSET_TABLE_ - 0x1533A|198-140-1-0
89272|data|DCD __stack_chk_guard_ptr - 0x2E000|208-1-0-0
89276|data|DCD aRun1UnableToIn - 0x154C4; "Run 1: Unable to initialize the EVP_MD "...|228-103-0-0
89280|data|DCD aYapet - 0x154CC; "yapet"|168-103-0-0
89284|data|DCD _ZNSs4_Rep20_S_empty_rep_storageE_ptr - 0x2E000|196-1-0-0
89288|data|DCD _ZTIN5YAPET14YAPETExceptionE_ptr - 0x2E000|200-1-0-0
89292|data|DCD off_2E21C - 0x2E000|28-2-0-0
89296|data|DCD aIvecUnableToFi - 0x15534; "IVec: Unable to finalize the digest"|108-106-0-0
89300|data|DCD aYapet - 0x1553C; "yapet"|56-103-0-0
89304|data|DCD aIvecUnableToUp - 0x15596; "IVec: Unable to update the digest"|230-105-0-0
89308|data|DCD aYapet - 0x1559E; "yapet"|214-102-0-0
89312|data|DCD aIvecDigestDoes - 0x155F6; "IVec: Digest does not have expected len"...|206-105-0-0
89316|data|DCD aYapet - 0x155FE; "yapet"|118-102-0-0
89320|data|DCD aIvecUnableToIn - 0x15658; "IVec: Unable to initialize the digest"|252-104-0-0
89324|data|DCD aYapet - 0x15660; "yapet"|20-102-0-0
89328|data|DCD aIvecUnableToIn_0 - 0x156B4; "IVec: Unable to initialize the EVP_MD s"...|112-104-0-0
89332|data|DCD aYapet - 0x156BC; "yapet"|184-101-0-0
89336|data|DCD aRun2UnableToFi - 0x15716; "Run 2: Unable to finalize the digest"|230-102-0-0
89340|data|DCD aYapet - 0x1571E; "yapet"|86-101-0-0
89344|data|DCD aRun2UnableToUp - 0x15778; "Run 2: Unable to update the digest"|96-102-0-0
89348|data|DCD aYapet - 0x15780; "yapet"|244-100-0-0
89352|data|DCD aRun3UnableToUp - 0x157DA; "Run 3: Unable to update the digest"|210-102-0-0
89356|data|DCD aYapet - 0x157E2; "yapet"|146-100-0-0
89360|data|DCD aRun3UnableToIn - 0x1583C; "Run 3: Unable to initialize the digest"|72-102-0-0
89364|data|DCD aYapet - 0x15844; "yapet"|48-100-0-0
89368|data|DCD aRun1DigestDoes - 0x1589E; "Run 1: Digest does not have expected le"...|178-100-0-0
89372|data|DCD aYapet - 0x158A6; "yapet"|206-99-0-0
89376|data|DCD aRun1UnableToFi - 0x158FC; "Run 1: Unable to finalize the digest"|44-100-0-0
89380|data|DCD aYapet - 0x15904; "yapet"|112-99-0-0
89384|data|DCD aRun3DigestDoes - 0x15954; "Run 3: Digest does not have expected le"...|164-101-0-0
89388|data|DCD aYapet - 0x1595A; "yapet"|26-99-0-0
89392|data|DCD aRun3UnableToFi - 0x159AC; "Run 3: Unable to finalize the digest"|36-101-0-0
89396|data|DCD aYapet - 0x159B2; "yapet"|194-98-0-0
89400|data|DCD aRun2UnableToIn - 0x15A04; "Run 2: Unable to initialize the digest"|172-99-0-0
89404|data|DCD aYapet - 0x15A0A; "yapet"|106-98-0-0
89408|data|DCD aRun2UnableToIn_0 - 0x15A56; "Run 2: Unable to initialize the EVP_MD "...|38-99-0-0
89412|data|DCD aYapet - 0x15A5C; "yapet"|24-98-0-0
89416|data|DCD aRun3UnableToIn_0 - 0x15AA8; "Run 3: Unable to initialize the EVP_MD "...|168-99-0-0
89420|data|DCD aYapet - 0x15AAE; "yapet"|198-97-0-0
89424|data|DCD aRun2DigestDoes - 0x15AFE; "Run 2: Digest does not have expected le"...|38-99-0-0
89428|data|DCD aYapet - 0x15B04; "yapet"|112-97-0-0
89432|data|DCD aRun1UnableToUp - 0x15B50; "Run 1: Unable to update the digest"|180-97-0-0
89436|data|DCD aYapet - 0x15B56; "yapet"|30-97-0-0
89440|data|DCD aRun1UnableToIn_0 - 0x15B9E; "Run 1: Unable to initialize the digest"|62-97-0-0
89444|data|DCD aYapet - 0x15BA4; "yapet"|208-96-0-0
89448|code|PUSH            {R4-R7,LR}|240-181
89450|code|MOV             R4, R0|4-70
89452|code|ADD.W           R0, R1, #0x30 ; '0'|1-241-48-0
89456|code|MOV             R3, R1|11-70
89458|code|MOV             R2, R4|34-70
89460|code|LDR.W           LR, [R3]|211-248-0-224
89464|code|ADDS            R3, #0x10|16-51
89466|code|LDR.W           R7, [R3,#-0xC]|83-248-12-124
89470|code|ADDS            R2, #0x10|16-50
89472|code|LDR.W           R6, [R3,#-8]|83-248-8-108
89476|code|LDR.W           R5, [R3,#-4]|83-248-4-92
89480|code|CMP             R3, R0|131-66
89482|code|STR.W           LR, [R2,#-0x10]|66-248-16-236
89486|code|STR.W           R7, [R2,#-0xC]|66-248-12-124
89490|code|STR.W           R6, [R2,#-8]|66-248-8-108
89494|code|STR.W           R5, [R2,#-4]|66-248-4-92
89498|code|BNE             loc_15D74|235-209
89500|code|LDR             R5, [R3]|29-104
89502|code|MOV             R0, R4|32-70
89504|code|LDR             R3, [R3,#4]|91-104
89506|code|STR             R5, [R2]|21-96
89508|code|STR             R3, [R2,#4]|83-96
89510|code|LDR.W           R2, [R1,#0x38]!|81-248-56-47
89514|code|LDR             R3, [R1,#4]|75-104
89516|code|STR             R2, [R4,#0x38]|162-99
89518|code|STR             R3, [R4,#0x3C]|227-99
89520|code|POP             {R4-R7,PC}|240-189
89522|data|ALIGN 4|0-191
89524|code|PUSH            {R4,LR}|16-181
89526|code|MOV             R4, R0|4-70
89528|code|BL              sub_152F4|255-247-156-250
89532|code|MOV             R0, R4|32-70
89534|code|POP             {R4,PC}|16-189
89536|code|CMP             R0, R1|136-66
89538|code|PUSH            {R3-R7,LR}|248-181
89540|code|MOV             R4, R1|12-70
89542|code|MOV             R5, R0|5-70
89544|code|BEQ             loc_15E10|34-208
89546|code|BL              sub_152F4|255-247-147-250
89550|code|ADD.W           R1, R4, #0x30 ; '0'|4-241-48-1
89554|code|MOV             R3, R4|35-70
89556|code|MOV             R2, R5|42-70
89558|code|LDR.W           LR, [R3]|211-248-0-224
89562|code|ADDS            R3, #0x10|16-51
89564|code|LDR.W           R7, [R3,#-0xC]|83-248-12-124
89568|code|ADDS            R2, #0x10|16-50
89570|code|LDR.W           R6, [R3,#-8]|83-248-8-108
89574|code|LDR.W           R0, [R3,#-4]|83-248-4-12
89578|code|CMP             R3, R1|139-66
89580|code|STR.W           LR, [R2,#-0x10]|66-248-16-236
89584|code|STR.W           R7, [R2,#-0xC]|66-248-12-124
89588|code|STR.W           R6, [R2,#-8]|66-248-8-108
89592|code|STR.W           R0, [R2,#-4]|66-248-4-12
89596|code|BNE             loc_15DD6|235-209
89598|code|LDR             R1, [R3]|25-104
89600|code|LDR             R3, [R3,#4]|91-104
89602|code|STR             R1, [R2]|17-96
89604|code|STR             R3, [R2,#4]|83-96
89606|code|LDR.W           R2, [R4,#0x38]!|84-248-56-47
89610|code|LDR             R3, [R4,#4]|99-104
89612|code|STR             R2, [R5,#0x38]|170-99
89614|code|STR             R3, [R5,#0x3C]|235-99
89616|code|MOV             R0, R5|40-70
89618|code|POP             {R3-R7,PC}|248-189
89620|code|PUSH            {R3-R5,LR}|56-181
89622|code|MOV             R4, R0|4-70
89624|code|MOV             R5, R1|13-70
89626|code|MOV             R0, R1|8-70
89628|code|MOVS            R2, #0x38 ; '8'|56-34
89630|code|MOV             R1, R4|33-70
89632|code|BLX             memcmp|252-247-32-238
89636|code|CBNZ            R0, loc_15E3C|80-185
89638|code|ADD.W           R0, R5, #0x38 ; '8'|5-241-56-0
89642|code|ADD.W           R1, R4, #0x38 ; '8'|4-241-56-1
89646|code|MOVS            R2, #8|8-34
89648|code|BLX             memcmp|252-247-24-238
89652|code|CLZ.W           R0, R0|176-250-128-240
89656|code|LSRS            R0, R0, #5|64-9
89658|code|POP             {R3-R5,PC}|56-189
89660|code|MOVS            R0, #0|0-32
89662|code|POP             {R3-R5,PC}|56-189
89664|code|PUSH            {R3-R5,LR}|56-181
89666|code|MOV             R4, R0|4-70
89668|code|LDR             R3, =(_GLOBAL_OFFSET_TABLE_ - 0x15E50)|12-75
89670|code|MOVS            R5, #0xFF|255-37
89672|code|LDR             R2, =(_ZTVN5YAPET14YAPETExceptionE_ptr - 0x2E000)|12-74
89674|code|ADDS            R0, #8; this|8-48
89676|code|ADD             R3, PC; _GLOBAL_OFFSET_TABLE_|123-68
89678|code|LDR             R3, [R3,R2]; _ZTVN5YAPET14YAPETExceptionE_ptr ...|155-88
89680|code|STR             R5, [R4,#4]|101-96
89682|code|ADDS            R3, #8|8-51
89684|code|STR             R3, [R4]|35-96
89686|code|BLX             _ZNSsC1ERKSs; std::string::string(std::string const&)|252-247-56-236
89690|code|MOV             R0, R4|32-70
89692|code|POP             {R3-R5,PC}|56-189
89694|code|MOV             R5, R0|5-70
89696|code|MOV             R0, R4; this|32-70
89698|code|MOV             R4, R1|12-70
89700|code|BLX             _ZNSt9exceptionD2Ev; std::exception::~exception()|252-247-10-238
89704|code|ADDS            R4, #1|1-52
89706|code|BEQ             loc_15E70|1-208
89708|code|BLX             __cxa_end_cleanup|252-247-242-236
89712|code|MOV             R0, R5; void *|40-70
89714|code|BLX             __cxa_call_unexpected|252-247-32-237
89718|data|ALIGN 4|0-191
89720|data|DCD _GLOBAL_OFFSET_TABLE_ - 0x15E50|176-129-1-0
89724|data|DCD _ZTVN5YAPET14YAPETExceptionE_ptr - 0x2E000|188-1-0-0
89728|code|PUSH            {R4-R6,LR}|112-181
89730|code|SUB             SP, SP, #0x70|156-176
89732|code|LDR             R4, =(_GLOBAL_OFFSET_TABLE_ - 0x15E8E)|37-76
89734|code|ADD             R2, SP, #0x80+stat_buf; stat_buf|4-170
89736|code|LDR             R3, =(__stack_chk_guard_ptr - 0x2E000)|37-75
89738|code|ADD             R4, PC; _GLOBAL_OFFSET_TABLE_|124-68
89740|code|LDR             R1, [R0]; fildes|1-104
89742|code|MOVS            R0, #3; ver|3-32
89744|code|LDR             R5, [R4,R3]; __stack_chk_guard|229-88
89746|code|LDR             R3, [R5]|43-104
89748|code|STR             R3, [SP,#0x80+var_14]|27-147
89750|code|BLX             __fxstat|252-247-80-237
89754|code|ADDS            R0, #1|1-48
89756|code|BEQ             loc_15EB0|8-208
89758|code|LDR             R2, [SP,#0x80+var_14]|27-154
89760|code|LDR             R3, [R5]|43-104
89762|code|LDR             R0, [SP,#0x80+stat_buf.st_mtim]|20-152
89764|code|CMP             R2, R3|154-66
89766|code|MOV.W           R1, R0,ASR#31|79-234-224-113
89770|code|BNE             loc_15EFC|39-209
89772|code|ADD             SP, SP, #0x70 ; 'p'|28-176
89774|code|POP             {R4-R6,PC}|112-189
89776|code|MOVS            R0, #0xC; thrown_size|12-32
89778|code|ADD.W           R5, SP, R0|13-235-0-5
89782|code|BLX             __cxa_allocate_exception|252-247-240-235
89786|code|MOV             R6, R0|6-70
89788|code|BLX             __errno_location|252-247-192-237
89792|code|LDR             R0, [R0]; errnum|0-104
89794|code|BLX             strerror|252-247-252-235
89798|code|ADD             R2, SP, #0x80+var_7C|1-170
89800|code|MOV             R1, R0|1-70
89802|code|MOV             R0, R5|40-70
89804|code|BLX             _ZNSsC1EPKcRKSaIcE; std::string::string(char const*,std::allocator<char> const&)|252-247-206-236
89808|code|MOV             R0, R6|48-70
89810|code|MOV             R1, R5|41-70
89812|code|BL              sub_15E40|255-247-180-255
89816|code|LDR             R2, =(_ZNSs4_Rep20_S_empty_rep_storageE_ptr - 0x2E000)|18-74
89818|code|LDR             R3, [SP,#0x80+var_74]|3-155
89820|code|LDR             R2, [R4,R2]; _ZNSs4_Rep20_S_empty_rep_storageE_ptr ...|162-88
89822|code|SUB.W           R0, R3, #0xC|163-241-12-0
89826|code|CMP             R0, R2|144-66
89828|code|BNE             loc_15F00|12-209
89830|code|LDR             R2, =(_ZTIN5YAPET14YAPETExceptionE_ptr - 0x2E000)|16-74
89832|code|MOV             R0, R6; void *|48-70
89834|code|LDR             R3, =(off_2E21C - 0x2E000)|16-75
89836|code|LDR             R1, [R4,R2]; _ZTIN5YAPET14YAPETExceptionE_ptr ; lptinfo|161-88
89838|code|LDR             R2, [R4,R3]; YAPET::YAPETException::~YAPETException() ; void (__cdecl *)(void *)|226-88
89840|code|BLX             __cxa_throw|252-247-154-237
89844|code|ADDS            R1, #1|1-49
89846|code|BEQ             loc_15F18|15-208
89848|code|BLX             __cxa_end_cleanup|252-247-172-236
89852|code|BLX             __stack_chk_fail|252-247-164-236
89856|code|ADD             R1, SP, #0x80+var_78|2-169
89858|code|BL              sub_12B78|252-247-57-254
89862|code|B               loc_15EE6|238-231
89864|code|MOV             R4, R0|4-70
89866|code|MOV             R5, R1|13-70
89868|code|MOV             R0, R6; void *|48-70
89870|code|BLX             __cxa_free_exception|252-247-14-236
89874|code|MOV             R0, R4; void *|32-70
89876|code|MOV             R1, R5|41-70
89878|code|B               loc_15EF4|237-231
89880|code|BLX             __cxa_call_unexpected|252-247-204-236
89884|data|DCD _GLOBAL_OFFSET_TABLE_ - 0x15E8E|114-129-1-0
89888|data|DCD __stack_chk_guard_ptr - 0x2E000|208-1-0-0
89892|data|DCD _ZNSs4_Rep20_S_empty_rep_storageE_ptr - 0x2E000|196-1-0-0
89896|data|DCD _ZTIN5YAPET14YAPETExceptionE_ptr - 0x2E000|200-1-0-0
89900|data|DCD off_2E21C - 0x2E000|28-2-0-0
89904|code|PUSH            {R4-R6,LR}|112-181
89906|code|SUB             SP, SP, #0x10|132-176
89908|code|LDR             R4, =(_GLOBAL_OFFSET_TABLE_ - 0x15F3E)|35-76
89910|code|MOVS            R2, #1; whence|1-34
89912|code|LDR             R3, =(__stack_chk_guard_ptr - 0x2E000)|35-75
89914|code|ADD             R4, PC; _GLOBAL_OFFSET_TABLE_|124-68
89916|code|LDR             R0, [R0]; fd|0-104
89918|code|LDR             R5, [R4,R3]; __stack_chk_guard|229-88
89920|code|LDR             R3, [R5]|43-104
89922|code|STR             R3, [SP,#0x20+var_14]|3-147
89924|code|BLX             lseek|252-247-212-236
89928|code|ADDS            R0, #1|1-48
89930|code|BEQ             loc_15F58|5-208
89932|code|LDR             R2, [SP,#0x20+var_14]|3-154
89934|code|LDR             R3, [R5]|43-104
89936|code|CMP             R2, R3|154-66
89938|code|BNE             loc_15FA2|38-209
89940|code|ADD             SP, SP, #0x10|4-176
89942|code|POP             {R4-R6,PC}|112-189
89944|code|MOVS            R0, #0xC; thrown_size|12-32
89946|code|ADD             R5, SP, #0x20+var_18|2-173
89948|code|BLX             __cxa_allocate_exception|252-247-156-235
89952|code|MOV             R6, R0|6-70
89954|code|BLX             __errno_location|252-247-110-237
89958|code|LDR             R0, [R0]; errnum|0-104
89960|code|BLX             strerror|252-247-168-235
89964|code|MOV             R2, SP|106-70
89966|code|MOV             R1, R0|1-70
89968|code|MOV             R0, R5|40-70
89970|code|BLX             _ZNSsC1EPKcRKSaIcE; std::string::string(char const*,std::allocator<char> const&)|252-247-124-236
89974|code|MOV             R0, R6|48-70
89976|code|MOV             R1, R5|41-70
89978|code|BL              sub_15E40|255-247-97-255
89982|code|LDR             R2, =(_ZNSs4_Rep20_S_empty_rep_storageE_ptr - 0x2E000)|19-74
89984|code|LDR             R3, [SP,#0x20+var_18]|2-155
89986|code|LDR             R2, [R4,R2]; _ZNSs4_Rep20_S_empty_rep_storageE_ptr ...|162-88
89988|code|SUB.W           R0, R3, #0xC|163-241-12-0
89992|code|CMP             R0, R2|144-66
89994|code|BNE             loc_15FA6|12-209
89996|code|LDR             R2, =(_ZTIN5YAPET14YAPETExceptionE_ptr - 0x2E000)|16-74
89998|code|MOV             R0, R6; void *|48-70
90000|code|LDR             R3, =(off_2E21C - 0x2E000)|16-75
90002|code|LDR             R1, [R4,R2]; _ZTIN5YAPET14YAPETExceptionE_ptr ; lptinfo|161-88
90004|code|LDR             R2, [R4,R3]; YAPET::YAPETException::~YAPETException() ; void (__cdecl *)(void *)|226-88
90006|code|BLX             __cxa_throw|252-247-72-237
90010|code|ADDS            R1, #1|1-49
90012|code|BEQ             loc_15FBE|15-208
90014|code|BLX             __cxa_end_cleanup|252-247-90-236
90018|code|BLX             __stack_chk_fail|252-247-82-236
90022|code|ADD             R1, SP, #0x20+var_1C|1-169
90024|code|BL              sub_12B78|252-247-230-253
90028|code|B               loc_15F8C|238-231
90030|code|MOV             R4, R0|4-70
90032|code|MOV             R5, R1|13-70
90034|code|MOV             R0, R6; void *|48-70
90036|code|BLX             __cxa_free_exception|252-247-186-235
90040|code|MOV             R0, R4; void *|32-70
90042|code|MOV             R1, R5|41-70
90044|code|B               loc_15F9A|237-231
90046|code|BLX             __cxa_call_unexpected|252-247-122-236
90050|data|ALIGN 4|0-191
90052|data|DCD _GLOBAL_OFFSET_TABLE_ - 0x15F3E|194-128-1-0
90056|data|DCD __stack_chk_guard_ptr - 0x2E000|208-1-0-0
90060|data|DCD _ZNSs4_Rep20_S_empty_rep_storageE_ptr - 0x2E000|196-1-0-0
90064|data|DCD _ZTIN5YAPET14YAPETExceptionE_ptr - 0x2E000|200-1-0-0
90068|data|DCD off_2E21C - 0x2E000|28-2-0-0
90072|code|PUSH            {R4-R6,LR}|112-181
90074|code|SUB             SP, SP, #0x78|158-176
90076|code|LDR             R4, =(_GLOBAL_OFFSET_TABLE_ - 0x15FE6)|38-76
90078|code|ADD             R2, SP, #0x88+stat_buf; stat_buf|6-170
90080|code|LDR             R3, =(__stack_chk_guard_ptr - 0x2E000)|38-75
90082|code|ADD             R4, PC; _GLOBAL_OFFSET_TABLE_|124-68
90084|code|LDR             R1, [R0]; fildes|1-104
90086|code|MOVS            R0, #3; ver|3-32
90088|code|LDR             R5, [R4,R3]; __stack_chk_guard|229-88
90090|code|LDR             R3, [R5]|43-104
90092|code|STR             R3, [SP,#0x88+var_14]|29-147
90094|code|BLX             __fxstat|252-247-164-236
90098|code|ADDS            R0, #1|1-48
90100|code|BEQ             loc_1600C|10-208
90102|code|LDR             R2, [SP,#0x88+var_14]|29-154
90104|code|LDR             R0, [SP,#0x88+stat_buf.st_size]|17-152
90106|code|LDR             R3, [R5]|43-104
90108|code|CLZ.W           R0, R0|176-250-128-240
90112|code|CMP             R2, R3|154-66
90114|code|MOV.W           R0, R0,LSR#5|79-234-80-16
90118|code|BNE             loc_16058|39-209
90120|code|ADD             SP, SP, #0x78 ; 'x'|30-176
90122|code|POP             {R4-R6,PC}|112-189
90124|code|MOVS            R0, #0xC; thrown_size|12-32
90126|code|ADD             R3, SP, #0x88+var_74|5-171
90128|code|STR             R3, [SP,#0x88+var_84]|1-147
90130|code|BLX             __cxa_allocate_exception|252-247-66-235
90134|code|MOV             R6, R0|6-70
90136|code|BLX             __errno_location|252-247-18-237
90140|code|LDR             R0, [R0]; errnum|0-104
90142|code|BLX             strerror|252-247-78-235
90146|code|ADD             R2, SP, #0x88+var_7C|3-170
90148|code|MOV             R1, R0|1-70
90150|code|LDR             R0, [SP,#0x88+var_84]|1-152
90152|code|BLX             _ZNSsC1EPKcRKSaIcE; std::string::string(char const*,std::allocator<char> const&)|252-247-32-236
90156|code|MOV             R0, R6|48-70
90158|code|LDR             R1, [SP,#0x88+var_84]|1-153
90160|code|BL              sub_15E40|255-247-6-255
90164|code|LDR             R2, =(_ZNSs4_Rep20_S_empty_rep_storageE_ptr - 0x2E000)|18-74
90166|code|LDR             R3, [SP,#0x88+var_74]|5-155
90168|code|LDR             R2, [R4,R2]; _ZNSs4_Rep20_S_empty_rep_storageE_ptr ...|162-88
90170|code|SUB.W           R0, R3, #0xC|163-241-12-0
90174|code|CMP             R0, R2|144-66
90176|code|BNE             loc_1605C|12-209
90178|code|LDR             R2, =(_ZTIN5YAPET14YAPETExceptionE_ptr - 0x2E000)|16-74
90180|code|MOV             R0, R6; void *|48-70
90182|code|LDR             R3, =(off_2E21C - 0x2E000)|16-75
90184|code|LDR             R1, [R4,R2]; _ZTIN5YAPET14YAPETExceptionE_ptr ; lptinfo|161-88
90186|code|LDR             R2, [R4,R3]; YAPET::YAPETException::~YAPETException() ; void (__cdecl *)(void *)|226-88
90188|code|BLX             __cxa_throw|252-247-236-236
90192|code|ADDS            R1, #1|1-49
90194|code|BEQ             loc_16074|15-208
90196|code|BLX             __cxa_end_cleanup|252-247-254-235
90200|code|BLX             __stack_chk_fail|252-247-246-235
90204|code|ADD             R1, SP, #0x88+var_78|4-169
90206|code|BL              sub_12B78|252-247-139-253
90210|code|B               loc_16042|238-231
90212|code|MOV             R4, R0|4-70
90214|code|MOV             R5, R1|13-70
90216|code|MOV             R0, R6; void *|48-70
90218|code|BLX             __cxa_free_exception|252-247-96-235
90222|code|MOV             R0, R4; void *|32-70
90224|code|MOV             R1, R5|41-70
90226|code|B               loc_16050|237-231
90228|code|BLX             __cxa_call_unexpected|252-247-30-236
90232|data|DCD _GLOBAL_OFFSET_TABLE_ - 0x15FE6|26-128-1-0
90236|data|DCD __stack_chk_guard_ptr - 0x2E000|208-1-0-0
90240|data|DCD _ZNSs4_Rep20_S_empty_rep_storageE_ptr - 0x2E000|196-1-0-0
90244|data|DCD _ZTIN5YAPET14YAPETExceptionE_ptr - 0x2E000|200-1-0-0
90248|data|DCD off_2E21C - 0x2E000|28-2-0-0
90252|code|PUSH.W          {R4-R8,LR}|45-233-240-65
90256|code|SUB             SP, SP, #0x18|134-176
90258|code|LDR             R6, =(_GLOBAL_OFFSET_TABLE_ - 0x1609E)|49-78
90260|code|MOV             R4, R0|4-70
90262|code|LDR             R2, =(__stack_chk_guard_ptr - 0x2E000)|49-74
90264|code|MOV             R5, R1|13-70
90266|code|ADD             R6, PC; _GLOBAL_OFFSET_TABLE_|126-68
90268|code|LDR             R3, =(_ZNSs4_Rep20_S_empty_rep_storageE_ptr - 0x2E000)|48-75
90270|code|LDR             R0, [R1]|8-104
90272|code|LDR             R7, [R6,R2]; __stack_chk_guard|183-88
90274|code|LDR             R2, [R7]|58-104
90276|code|STR             R2, [SP,#0x14]|5-146
90278|code|LDR             R3, [R6,R3]; _ZNSs4_Rep20_S_empty_rep_storageE_ptr ...|243-88
90280|code|STR             R3, [SP,#4]|1-147
90282|code|ADDS            R3, #0xC|12-51
90284|code|STR             R3, [R4,#4]|99-96
90286|code|BLX             dup|252-247-254-236
90290|code|STR             R0, [R4]|32-96
90292|code|ADDS            R0, #1|1-48
90294|code|BEQ             loc_160DC|17-208
90296|code|ADDS            R0, R4, #4|32-29
90298|code|ADDS            R1, R5, #4|41-29
90300|code|BLX             _ZNSs6assignERKSs; std::string::assign(std::string const&)|252-247-12-236
90304|code|LDRD.W          R2, R3, [R5,#8]|213-233-2-35
90308|code|MOV             R0, R4|32-70
90310|code|LDRB            R6, [R5,#0x10]|46-124
90312|code|LDR             R5, [SP,#0x14]|5-157
90314|code|LDR             R1, [R7]|57-104
90316|code|STRD.W          R2, R3, [R4,#8]|196-233-2-35
90320|code|CMP             R5, R1|141-66
90322|code|STRB            R6, [R4,#0x10]|38-116
90324|code|BNE             loc_16138|48-209
90326|code|ADD             SP, SP, #0x18|6-176
90328|code|POP.W           {R4-R8,PC}|189-232-240-129
90332|code|MOVS            R0, #0xC|12-32
90334|code|ADD             R5, SP, #0x10|4-173
90336|code|BLX             __cxa_allocate_exception|252-247-218-234
90340|code|MOV             R8, R0|128-70
90342|code|BLX             __errno_location|252-247-172-236
90346|code|LDR             R0, [R0]|0-104
90348|code|BLX             strerror|252-247-230-234
90352|code|ADD             R2, SP, #8|2-170
90354|code|MOV             R1, R0|1-70
90356|code|MOV             R0, R5|40-70
90358|code|BLX             _ZNSsC1EPKcRKSaIcE; std::string::string(char const*,std::allocator<char> const&)|252-247-186-235
90362|code|MOV             R0, R8|64-70
90364|code|MOV             R1, R5|41-70
90366|code|BL              sub_15E40|255-247-159-254
90370|code|LDR             R3, [SP,#0x10]|4-155
90372|code|SUB.W           R0, R3, #0xC|163-241-12-0
90376|code|LDR             R3, [SP,#4]|1-155
90378|code|CMP             R0, R3|152-66
90380|code|BNE             loc_1613C|22-209
90382|code|LDR             R2, =(_ZTIN5YAPET14YAPETExceptionE_ptr - 0x2E000)|21-74
90384|code|MOV             R0, R8|64-70
90386|code|LDR             R3, =(off_2E21C - 0x2E000)|21-75
90388|code|LDR             R1, [R6,R2]; _ZTIN5YAPET14YAPETExceptionE_ptr ...|177-88
90390|code|LDR             R2, [R6,R3]; YAPET::YAPETException::~YAPETException()|242-88
90392|code|BLX             __cxa_throw|252-247-134-236
90396|code|MOV             R5, R0|5-70
90398|code|MOV             R6, R1|14-70
90400|code|LDR             R0, [R4,#4]|96-104
90402|code|LDR             R3, [SP,#4]|1-155
90404|code|SUBS            R0, #0xC|12-56
90406|code|CMP             R0, R3|152-66
90408|code|BEQ             loc_16130|2-208
90410|code|ADD             R1, SP, #0xC|3-169
90412|code|BL              sub_12B78|252-247-36-253
90416|code|ADDS            R6, #1|1-54
90418|code|BEQ             loc_16150|13-208
90420|code|BLX             __cxa_end_cleanup|252-247-142-235
90424|code|BLX             __stack_chk_fail|252-247-134-235
90428|code|ADD             R1, SP, #0xC|3-169
90430|code|BL              sub_12B78|252-247-27-253
90434|code|B               loc_1610E|228-231
90436|code|MOV             R5, R0|5-70
90438|code|MOV             R0, R8|64-70
90440|code|MOV             R6, R1|14-70
90442|code|BLX             __cxa_free_exception|252-247-240-234
90446|code|B               loc_16120|231-231
90448|code|MOV             R0, R5|40-70
90450|code|BLX             __cxa_call_unexpected|252-247-176-235
90454|data|ALIGN 4|0-191
90456|data|DCD _GLOBAL_OFFSET_TABLE_ - 0x1609E|98-127-1-0
90460|data|DCD __stack_chk_guard_ptr - 0x2E000|208-1-0-0
90464|data|DCD _ZNSs4_Rep20_S_empty_rep_storageE_ptr - 0x2E000|196-1-0-0
90468|data|DCD _ZTIN5YAPET14YAPETExceptionE_ptr - 0x2E000|200-1-0-0
90472|data|DCD off_2E21C - 0x2E000|28-2-0-0
90476|code|PUSH            {R4-R6,LR}|112-181
90478|code|SUB             SP, SP, #8|130-176
90480|code|LDR             R4, =(_GLOBAL_OFFSET_TABLE_ - 0x1617A)|31-76
90482|code|MOV             R5, R0|5-70
90484|code|LDR             R3, =(__stack_chk_guard_ptr - 0x2E000)|31-75
90486|code|ADD             R4, PC; _GLOBAL_OFFSET_TABLE_|124-68
90488|code|LDR             R0, [R0]; fd|0-104
90490|code|LDR             R6, [R4,R3]; __stack_chk_guard|230-88
90492|code|LDR             R3, [R6]|51-104
90494|code|STR             R3, [SP,#0x18+var_14]|1-147
90496|code|BLX             close|252-247-230-234
90500|code|LDR             R3, =(_ZNSs4_Rep20_S_empty_rep_storageE_ptr - 0x2E000)|28-75
90502|code|LDR             R2, [R5,#4]|106-104
90504|code|LDR             R3, [R4,R3]; _ZNSs4_Rep20_S_empty_rep_storageE_ptr ...|227-88
90506|code|SUB.W           R0, R2, #0xC|162-241-12-0
90510|code|CMP             R0, R3|152-66
90512|code|BNE             loc_161A0|6-209
90514|code|LDR             R2, [SP,#0x18+var_14]|1-154
90516|code|MOV             R0, R5|40-70
90518|code|LDR             R3, [R6]|51-104
90520|code|CMP             R2, R3|154-66
90522|code|BNE             loc_161D6|28-209
90524|code|ADD             SP, SP, #8|2-176
90526|code|POP             {R4-R6,PC}|112-189
90528|code|LDR             R3, =(__pthread_key_create_ptr - 0x2E000)|22-75
90530|code|LDR             R3, [R4,R3]; __pthread_key_create|227-88
90532|code|CBZ             R3, loc_161CA|139-177
90534|code|SUBS            R2, #4|4-58
90536|code|DMB.W           SY|191-243-95-143
90540|code|LDREX.W         R3, [R2]|82-232-0-63
90544|code|SUBS            R1, R3, #1|89-30
90546|code|STREX.W         R4, R1, [R2]|66-232-0-20
90550|code|CMP             R4, #0|0-44
90552|code|BNE             loc_161AC|248-209
90554|code|DMB.W           SY|191-243-95-143
90558|code|CMP             R3, #0|0-43
90560|code|BGT             loc_16192|231-220
90562|code|MOV             R1, SP|105-70
90564|code|BLX             _ZNSs4_Rep10_M_destroyERKSaIcE; std::string::_Rep::_M_destroy(std::allocator<char> const&)|252-247-210-234
90568|code|B               loc_16192|227-231
90570|code|LDR.W           R3, [R2,#-4]|82-248-4-60
90574|code|SUBS            R1, R3, #1|89-30
90576|code|STR.W           R1, [R2,#-4]|66-248-4-28
90580|code|B               loc_161BE|243-231
90582|code|BLX             __stack_chk_fail|252-247-56-235
90586|code|LDR             R3, =(_ZNSs4_Rep20_S_empty_rep_storageE_ptr - 0x2E000)|7-75
90588|code|LDR             R0, [R5,#4]|104-104
90590|code|LDR             R3, [R4,R3]|227-88
90592|code|SUBS            R0, #0xC|12-56
90594|code|CMP             R0, R3|152-66
90596|code|BEQ             loc_161EC|2-208
90598|code|MOV             R1, SP|105-70
90600|code|BL              sub_12B78|252-247-198-252
90604|code|BLX             __cxa_end_cleanup|252-247-50-235
90608|data|DCD _GLOBAL_OFFSET_TABLE_ - 0x1617A|134-126-1-0
90612|data|DCD __stack_chk_guard_ptr - 0x2E000|208-1-0-0
90616|data|DCD _ZNSs4_Rep20_S_empty_rep_storageE_ptr - 0x2E000|196-1-0-0
90620|data|DCD __pthread_key_create_ptr - 0x2E000|236-1-0-0
90624|code|PUSH            {R4-R7,LR}|240-181
90626|code|CMP             R0, R1|136-66
90628|code|LDR             R6, =(_GLOBAL_OFFSET_TABLE_ - 0x16210)|41-78
90630|code|SUB             SP, SP, #0x14|133-176
90632|code|LDR             R3, =(__stack_chk_guard_ptr - 0x2E000)|41-75
90634|code|MOV             R4, R0|4-70
90636|code|ADD             R6, PC; _GLOBAL_OFFSET_TABLE_|126-68
90638|code|MOV             R5, R1|13-70
90640|code|LDR             R7, [R6,R3]; __stack_chk_guard|247-88
90642|code|LDR             R3, [R7]|59-104
90644|code|STR             R3, [SP,#0xC]|3-147
90646|code|BEQ             loc_16232|12-208
90648|code|LDR             R0, [R0]|0-104
90650|code|BLX             close|252-247-154-234
90654|code|LDR             R0, [R5]|40-104
90656|code|BLX             dup|252-247-68-236
90660|code|STR             R0, [R4]|32-96
90662|code|ADDS            R0, #1|1-48
90664|code|BEQ             loc_16244|12-208
90666|code|ADDS            R1, R5, #4|41-29
90668|code|ADDS            R0, R4, #4|32-29
90670|code|BLX             _ZNSs6assignERKSs; std::string::assign(std::string const&)|252-247-84-235
90674|code|LDR             R2, [SP,#0xC]|3-154
90676|code|MOV             R0, R4|32-70
90678|code|LDR             R3, [R7]|59-104
90680|code|CMP             R2, R3|154-66
90682|code|BNE             loc_16240|1-209
90684|code|ADD             SP, SP, #0x14|5-176
90686|code|POP             {R4-R7,PC}|240-189
90688|code|BLX             __stack_chk_fail|252-247-2-235
90692|code|MOVS            R0, #0xC|12-32
90694|code|ADD             R4, SP, #8|2-172
90696|code|BLX             __cxa_allocate_exception|252-247-38-234
90700|code|MOV             R7, R0|7-70
90702|code|BLX             __errno_location|252-247-248-235
90706|code|LDR             R0, [R0]|0-104
90708|code|BLX             strerror|252-247-50-234
90712|code|MOV             R2, SP|106-70
90714|code|MOV             R1, R0|1-70
90716|code|MOV             R0, R4|32-70
90718|code|BLX             _ZNSsC1EPKcRKSaIcE; std::string::string(char const*,std::allocator<char> const&)|252-247-6-235
90722|code|MOV             R0, R7|56-70
90724|code|MOV             R1, R4|33-70
90726|code|BL              sub_15E40|255-247-235-253
90730|code|LDR             R2, =(_ZNSs4_Rep20_S_empty_rep_storageE_ptr - 0x2E000)|18-74
90732|code|LDR             R3, [SP,#8]|2-155
90734|code|LDR             R2, [R6,R2]; _ZNSs4_Rep20_S_empty_rep_storageE_ptr ...|178-88
90736|code|SUB.W           R0, R3, #0xC|163-241-12-0
90740|code|CMP             R0, R2|144-66
90742|code|BNE             loc_1628E|10-209
90744|code|LDR             R2, =(_ZTIN5YAPET14YAPETExceptionE_ptr - 0x2E000)|15-74
90746|code|MOV             R0, R7|56-70
90748|code|LDR             R3, =(off_2E21C - 0x2E000)|15-75
90750|code|LDR             R1, [R6,R2]; _ZTIN5YAPET14YAPETExceptionE_ptr ...|177-88
90752|code|LDR             R2, [R6,R3]; YAPET::YAPETException::~YAPETException()|242-88
90754|code|BLX             __cxa_throw|252-247-210-235
90758|code|ADDS            R1, #1|1-49
90760|code|BEQ             loc_162A6|13-208
90762|code|BLX             __cxa_end_cleanup|252-247-228-234
90766|code|ADD             R1, SP, #4|1-169
90768|code|BL              sub_12B78|252-247-114-252
90772|code|B               loc_16278|240-231
90774|code|MOV             R4, R0|4-70
90776|code|MOV             R5, R1|13-70
90778|code|MOV             R0, R7|56-70
90780|code|BLX             __cxa_free_exception|252-247-70-234
90784|code|MOV             R0, R4|32-70
90786|code|MOV             R1, R5|41-70
90788|code|B               loc_16286|239-231
90790|code|BLX             __cxa_call_unexpected|252-247-6-235
90794|data|ALIGN 4|0-191
90796|data|DCD _GLOBAL_OFFSET_TABLE_ - 0x16210|240-125-1-0
90800|data|DCD __stack_chk_guard_ptr - 0x2E000|208-1-0-0
90804|data|DCD _ZNSs4_Rep20_S_empty_rep_storageE_ptr - 0x2E000|196-1-0-0
90808|data|DCD _ZTIN5YAPET14YAPETExceptionE_ptr - 0x2E000|200-1-0-0
90812|data|DCD off_2E21C - 0x2E000|28-2-0-0
90816|code|PUSH.W          {R4-R10,LR}|45-233-240-71
90820|code|MOV             R6, R0|6-70
90822|code|LDR             R4, =(_GLOBAL_OFFSET_TABLE_ - 0x162D2)|134-76
90824|code|SUB             SP, SP, #0x78|158-176
90826|code|LDR             R3, =(__stack_chk_guard_ptr - 0x2E000)|134-75
90828|code|MOVS            R0, #3; ver|3-32
90830|code|ADD             R4, PC; _GLOBAL_OFFSET_TABLE_|124-68
90832|code|LDR             R1, [R6]; fildes|49-104
90834|code|ADD             R2, SP, #0x98+stat_buf; stat_buf|6-170
90836|code|LDR             R5, [R4,R3]; __stack_chk_guard|229-88
90838|code|LDR             R3, [R5]|43-104
90840|code|STR             R3, [SP,#0x98+var_24]|29-147
90842|code|BLX             __fxstat|252-247-46-235
90846|code|ADDS            R0, #1|1-48
90848|code|BEQ             loc_16306|17-208
90850|code|BLX             getuid|252-247-18-235
90854|code|LDR             R3, [SP,#0x98+stat_buf.st_uid]|12-155
90856|code|CMP             R3, R0|131-66
90858|code|BNE.W           loc_16400|64-240-137-128
90862|code|LDR             R2, [SP,#0x98+stat_buf.st_mode]|10-154
90864|code|MOVW            R3, #0x8180|72-242-128-19
90868|code|CMP             R2, R3|154-66
90870|code|BNE             loc_1635A|48-209
90872|code|LDR             R2, [SP,#0x98+var_24]|29-154
90874|code|LDR             R3, [R5]|43-104
90876|code|CMP             R2, R3|154-66
90878|code|BNE             loc_16356|42-209
90880|code|ADD             SP, SP, #0x78 ; 'x'|30-176
90882|code|POP.W           {R4-R10,PC}|189-232-240-135
90886|code|MOVS            R0, #0xC; thrown_size|12-32
90888|code|ADD.W           R10, SP, #0x98+var_90|13-241-8-10
90892|code|BLX             __cxa_allocate_exception|252-247-196-233
90896|code|MOV             R6, R0|6-70
90898|code|BLX             __errno_location|252-247-150-235
90902|code|LDR             R0, [R0]; errnum|0-104
90904|code|BLX             strerror|252-247-208-233
90908|code|ADD             R2, SP, #0x98+var_88|4-170
90910|code|MOV             R1, R0|1-70
90912|code|MOV             R0, R10|80-70
90914|code|BLX             _ZNSsC1EPKcRKSaIcE; std::string::string(char const*,std::allocator<char> const&)|252-247-164-234
90918|code|MOV             R0, R6|48-70
90920|code|MOV             R1, R10|81-70
90922|code|BL              sub_15E40|255-247-137-253
90926|code|LDR             R2, =(_ZNSs4_Rep20_S_empty_rep_storageE_ptr - 0x2E000)|110-74
90928|code|LDR             R3, [SP,#0x98+var_90]|2-155
90930|code|LDR             R2, [R4,R2]; _ZNSs4_Rep20_S_empty_rep_storageE_ptr ...|162-88
90932|code|SUB.W           R0, R3, #0xC|163-241-12-0
90936|code|CMP             R0, R2|144-66
90938|code|BNE.W           loc_16486|64-240-164-128
90942|code|LDR             R2, =(_ZTIN5YAPET14YAPETExceptionE_ptr - 0x2E000)|107-74
90944|code|MOV             R0, R6; void *|48-70
90946|code|LDR             R3, =(off_2E21C - 0x2E000)|107-75
90948|code|LDR             R1, [R4,R2]; _ZTIN5YAPET14YAPETExceptionE_ptr ; lptinfo|161-88
90950|code|LDR             R2, [R4,R3]; YAPET::YAPETException::~YAPETException() ; void (__cdecl *)(void *)|226-88
90952|code|BLX             __cxa_throw|252-247-110-235
90956|code|ADDS            R1, #1|1-49
90958|code|BEQ.W           loc_1649E|0-240-166-128
90962|code|BLX             __cxa_end_cleanup|252-247-128-234
90966|code|BLX             __stack_chk_fail|252-247-120-234
90970|code|LDR             R0, =(aYapet - 0x16368); "yapet"|102-72
90972|code|ADD.W           R10, SP, #0x98+var_90|13-241-8-10
90976|code|LDR             R1, =(aPermissionsOf - 0x1636A); "Permissions of "|101-73
90978|code|ADD             R5, SP, #0x98+var_84|5-173
90980|code|ADD             R0, PC; "yapet"|120-68
90982|code|ADD             R1, PC; "Permissions of "|121-68
90984|code|BLX             dgettext|252-247-172-235
90988|code|MOV             R2, R5|42-70
90990|code|MOV             R1, R0|1-70
90992|code|MOV             R0, R10|80-70
90994|code|BLX             _ZNSsC1EPKcRKSaIcE; std::string::string(char const*,std::allocator<char> const&)|252-247-124-234
90998|code|LDR             R0, =(aYapet - 0x16380); "yapet"|97-72
91000|code|ADD             R7, SP, #0x98+var_8C|3-175
91002|code|LDR             R1, =(aNotSecure - 0x16382); " not secure."|97-73
91004|code|ADD             R0, PC; "yapet"|120-68
91006|code|ADD             R1, PC; " not secure."|121-68
91008|code|BLX             dgettext|252-247-160-235
91012|code|MOV             R2, R5|42-70
91014|code|MOV             R1, R0|1-70
91016|code|MOV             R0, R7|56-70
91018|code|BLX             _ZNSsC1EPKcRKSaIcE; std::string::string(char const*,std::allocator<char> const&)|252-247-112-234
91022|code|MOVS            R0, #0xC; thrown_size|12-32
91024|code|ADD.W           R9, SP, #0x98+var_88|13-241-16-9
91028|code|BLX             __cxa_allocate_exception|252-247-128-233
91032|code|MOV             R1, R10|81-70
91034|code|ADDS            R2, R6, #4|50-29
91036|code|MOV             R8, R0|128-70
91038|code|MOV             R0, R9|72-70
91040|code|BL              _ZStplIcSt11char_traitsIcESaIcEESbIT_T0_T1_ERKS6_S8_; std::operator+<char,std::char_traits<char>,std::allocator<char>>(std::basic_string<char,std::char_traits<char>,std::allocator<char>> const&,std::basic_string<char,std::char_traits<char>,std::allocator<char>> const&)|2-240-246-255
91044|code|MOV             R0, R5|40-70
91046|code|MOV             R1, R9|73-70
91048|code|MOV             R2, R7|58-70
91050|code|BL              _ZStplIcSt11char_traitsIcESaIcEESbIT_T0_T1_ERKS6_S8_; std::operator+<char,std::char_traits<char>,std::allocator<char>>(std::basic_string<char,std::char_traits<char>,std::allocator<char>> const&,std::basic_string<char,std::char_traits<char>,std::allocator<char>> const&)|2-240-241-255
91054|code|MOV             R0, R8|64-70
91056|code|MOV             R1, R5|41-70
91058|code|BL              sub_19120|2-240-181-254
91062|code|LDR             R3, =(_ZNSs4_Rep20_S_empty_rep_storageE_ptr - 0x2E000)|76-75
91064|code|LDR             R0, [SP,#0x98+var_84]|5-152
91066|code|LDR             R7, [R4,R3]; _ZNSs4_Rep20_S_empty_rep_storageE_ptr ...|231-88
91068|code|SUBS            R0, #0xC|12-56
91070|code|CMP             R0, R7|184-66
91072|code|BNE             loc_164A2|111-209
91074|code|LDR             R0, [SP,#0x98+var_88]|4-152
91076|code|SUBS            R0, #0xC|12-56
91078|code|CMP             R0, R7|184-66
91080|code|BNE             loc_1647E|89-209
91082|code|LDR             R2, =(_ZTIN5YAPET19YAPETRetryExceptionE_ptr - 0x2E000)|78-74
91084|code|MOV             R0, R8; void *|64-70
91086|code|LDR             R3, =(off_2E1F8 - 0x2E000)|78-75
91088|code|LDR             R1, [R4,R2]; _ZTIN5YAPET19YAPETRetryExceptionE_ptr ; lptinfo|161-88
91090|code|LDR             R2, [R4,R3]; YAPET::YAPETRetryException::~YAPETRetryException() ; void (__cdecl *)(void *)|226-88
91092|code|BLX             __cxa_throw|252-247-40-235
91096|code|MOV             R4, R0|4-70
91098|code|MOV             R6, R1|14-70
91100|code|LDR             R0, [SP,#0x98+var_8C]|3-152
91102|code|SUBS            R0, #0xC|12-56
91104|code|CMP             R0, R7|184-66
91106|code|BEQ             loc_163EA|2-208
91108|code|ADD             R1, SP, #0x98+var_94|1-169
91110|code|BL              sub_12B78|252-247-199-251
91114|code|MOV             R5, R4|37-70
91116|code|LDR             R0, [SP,#0x98+var_90]|2-152
91118|code|SUBS            R0, #0xC|12-56
91120|code|CMP             R0, R7|184-66
91122|code|BEQ             loc_163FA|2-208
91124|code|ADD             R1, SP, #0x98+var_94|1-169
91126|code|BL              sub_12B78|252-247-191-251
91130|code|MOV             R0, R5; void *|40-70
91132|code|MOV             R1, R6|49-70
91134|code|B               loc_1634C|165-231
91136|code|LDR             R0, =(aYapet - 0x1640E); "yapet"|66-72
91138|code|ADD             R5, SP, #0x98+var_84|5-173
91140|code|LDR             R1, =(aYouAreNotTheOw - 0x16410); "You are not the owner of "|66-73
91142|code|ADD.W           R9, SP, #0x98+var_88|13-241-16-9
91146|code|ADD             R0, PC; "yapet"|120-68
91148|code|ADD             R1, PC; "You are not the owner of "|121-68
91150|code|BLX             dgettext|252-247-90-235
91154|code|MOV             R2, R9|74-70
91156|code|MOV             R1, R0|1-70
91158|code|MOV             R0, R5|40-70
91160|code|BLX             _ZNSsC1EPKcRKSaIcE; std::string::string(char const*,std::allocator<char> const&)|252-247-40-234
91164|code|MOVS            R0, #0xC; thrown_size|12-32
91166|code|ADD             R7, SP, #0x98+var_8C|3-175
91168|code|BLX             __cxa_allocate_exception|252-247-58-233
91172|code|MOV             R1, R5|41-70
91174|code|ADDS            R2, R6, #4|50-29
91176|code|MOV             R8, R0|128-70
91178|code|MOV             R0, R7|56-70
91180|code|BL              _ZStplIcSt11char_traitsIcESaIcEESbIT_T0_T1_ERKS6_S8_; std::operator+<char,std::char_traits<char>,std::allocator<char>>(std::basic_string<char,std::char_traits<char>,std::allocator<char>> const&,std::basic_string<char,std::char_traits<char>,std::allocator<char>> const&)|2-240-176-255
91184|code|MOV             R1, R7|57-70
91186|code|MOV             R0, R8|64-70
91188|code|BL              sub_19120|2-240-116-254
91192|code|LDR             R3, =(_ZNSs4_Rep20_S_empty_rep_storageE_ptr - 0x2E000)|43-75
91194|code|LDR             R0, [SP,#0x98+var_8C]|3-152
91196|code|LDR             R7, [R4,R3]; _ZNSs4_Rep20_S_empty_rep_storageE_ptr ...|231-88
91198|code|SUBS            R0, #0xC|12-56
91200|code|CMP             R0, R7|184-66
91202|code|BNE             loc_16466|16-209
91204|code|LDR             R2, =(_ZTIN5YAPET19YAPETRetryExceptionE_ptr - 0x2E000)|47-74
91206|code|MOV             R0, R8; void *|64-70
91208|code|LDR             R3, =(off_2E1F8 - 0x2E000)|47-75
91210|code|LDR             R1, [R4,R2]; _ZTIN5YAPET19YAPETRetryExceptionE_ptr ; lptinfo|161-88
91212|code|LDR             R2, [R4,R3]; YAPET::YAPETRetryException::~YAPETRetryException() ; void (__cdecl *)(void *)|226-88
91214|code|BLX             __cxa_throw|252-247-236-234
91218|code|MOV             R5, R0|5-70
91220|code|MOV             R6, R1|14-70
91222|code|LDR             R0, [SP,#0x98+var_84]|5-152
91224|code|SUBS            R0, #0xC|12-56
91226|code|CMP             R0, R7|184-66
91228|code|BEQ             loc_163FA|205-208
91230|code|MOV             R1, R9|73-70
91232|code|BL              sub_12B78|252-247-138-251
91236|code|B               loc_163FA|201-231
91238|code|MOV             R1, R9|73-70
91240|code|BL              sub_12B78|252-247-134-251
91244|code|B               loc_16444|234-231
91246|code|MOV             R5, R0|5-70
91248|code|MOV             R0, R8; void *|64-70
91250|code|MOV             R6, R1|14-70
91252|code|BLX             __cxa_free_exception|252-247-90-233
91256|code|LDR             R3, =(_ZNSs4_Rep20_S_empty_rep_storageE_ptr - 0x2E000)|27-75
91258|code|LDR             R7, [R4,R3]|231-88
91260|code|B               loc_16456|235-231
91262|code|MOV             R1, R5|41-70
91264|code|BL              sub_12B78|252-247-122-251
91268|code|B               loc_163CA|161-231
91270|code|ADD             R1, SP, #0x98+var_84|5-169
91272|code|BL              sub_12B78|252-247-118-251
91276|code|B               loc_1633E|87-231
91278|code|MOV             R4, R0|4-70
91280|code|MOV             R5, R1|13-70
91282|code|MOV             R0, R6; void *|48-70
91284|code|BLX             __cxa_free_exception|252-247-74-233
91288|code|MOV             R0, R4|32-70
91290|code|MOV             R1, R5|41-70
91292|code|B               loc_1634C|86-231
91294|code|BLX             __cxa_call_unexpected|252-247-10-234
91298|code|ADD             R1, SP, #0x98+var_94|1-169
91300|code|BL              sub_12B78|252-247-104-251
91304|code|B               loc_163C2|139-231
91306|code|LDR             R3, =(_ZNSs4_Rep20_S_empty_rep_storageE_ptr - 0x2E000)|15-75
91308|code|MOV             R5, R0|5-70
91310|code|LDR             R0, [SP,#0x98+var_88]|4-152
91312|code|MOV             R6, R1|14-70
91314|code|LDR             R7, [R4,R3]|231-88
91316|code|SUBS            R0, #0xC|12-56
91318|code|CMP             R0, R7|184-66
91320|code|BEQ             loc_164C0|2-208
91322|code|ADD             R1, SP, #0x98+var_94|1-169
91324|code|BL              sub_12B78|252-247-92-251
91328|code|MOV             R3, R5|43-70
91330|code|MOV             R0, R8; void *|64-70
91332|code|MOV             R4, R3|28-70
91334|code|BLX             __cxa_free_exception|252-247-50-233
91338|code|B               loc_163DC|135-231
91340|code|LDR             R2, =(_ZNSs4_Rep20_S_empty_rep_storageE_ptr - 0x2E000)|6-74
91342|code|MOV             R3, R0|3-70
91344|code|MOV             R6, R1|14-70
91346|code|LDR             R7, [R4,R2]|167-88
91348|code|B               loc_164C2|245-231
91350|code|LDR             R3, =(_ZNSs4_Rep20_S_empty_rep_storageE_ptr - 0x2E000)|4-75
91352|code|MOV             R5, R0|5-70
91354|code|MOV             R6, R1|14-70
91356|code|LDR             R7, [R4,R3]|231-88
91358|code|B               loc_163EC|133-231
91360|data|DCD _GLOBAL_OFFSET_TABLE_ - 0x162D2|46-125-1-0
91364|data|DCD __stack_chk_guard_ptr - 0x2E000|208-1-0-0
91368|data|DCD _ZNSs4_Rep20_S_empty_rep_storageE_ptr - 0x2E000|196-1-0-0
91372|data|DCD _ZTIN5YAPET14YAPETExceptionE_ptr - 0x2E000|200-1-0-0
91376|data|DCD off_2E21C - 0x2E000|28-2-0-0
91380|data|DCD aYapet - 0x16368; "yapet"|12-89-0-0
91384|data|DCD aPermissionsOf - 0x1636A; "Permissions of "|150-93-0-0
91388|data|DCD aYapet - 0x16380; "yapet"|244-88-0-0
91392|data|DCD aNotSecure - 0x16382; " not secure."|142-93-0-0
91396|data|DCD _ZTIN5YAPET19YAPETRetryExceptionE_ptr - 0x2E000|220-1-0-0
91400|data|DCD off_2E1F8 - 0x2E000|248-1-0-0
91404|data|DCD aYapet - 0x1640E; "yapet"|102-88-0-0
91408|data|DCD aYouAreNotTheOw - 0x16410; "You are not the owner of "|212-92-0-0
91412|code|PUSH            {R4-R6,LR}|112-181
91414|code|SUB             SP, SP, #0x10|132-176
91416|code|LDR             R5, =(_GLOBAL_OFFSET_TABLE_ - 0x16526)|45-77
91418|code|MOV             R4, R0|4-70
91420|code|LDR             R3, =(__stack_chk_guard_ptr - 0x2E000)|45-75
91422|code|MOVW            R1, #0x642; oflag|64-242-66-97
91426|code|ADD             R5, PC; _GLOBAL_OFFSET_TABLE_|125-68
91428|code|LDRB            R2, [R0,#0x10]|2-124
91430|code|LDR             R0, [R0,#4]; file|64-104
91432|code|LDR             R6, [R5,R3]; __stack_chk_guard|238-88
91434|code|CMP             R2, #0|0-42
91436|code|ITE NE|20-191
91438|code|MOVNE.W         R2, #0x180|79-244-192-114
91442|code|MOVEQ.W         R2, #0x1A4|79-244-210-114
91446|code|LDR             R3, [R6]|51-104
91448|code|STR             R3, [SP,#0x20+var_14]|3-147
91450|code|BLX             open|252-247-92-233
91454|code|STR             R0, [R4]|32-96
91456|code|ADDS            R0, #1|1-48
91458|code|BEQ             loc_16566|16-208
91460|code|MOV             R0, R4|32-70
91462|code|BL              sub_15E80|255-247-155-252
91466|code|LDRB            R3, [R4,#0x10]|35-124
91468|code|STRD.W          R0, R1, [R4,#8]|196-233-2-1
91472|code|CBNZ            R3, loc_1655E|43-185
91474|code|LDR             R2, [SP,#0x20+var_14]|3-154
91476|code|LDR             R3, [R6]|51-104
91478|code|CMP             R2, R3|154-66
91480|code|BNE             loc_165B0|42-209
91482|code|ADD             SP, SP, #0x10|4-176
91484|code|POP             {R4-R6,PC}|112-189
91486|code|MOV             R0, R4|32-70
91488|code|BL              sub_162C0|255-247-174-254
91492|code|B               loc_16552|245-231
91494|code|MOVS            R0, #0xC; thrown_size|12-32
91496|code|ADD             R4, SP, #0x20+var_18|2-172
91498|code|BLX             __cxa_allocate_exception|252-247-150-232
91502|code|MOV             R6, R0|6-70
91504|code|BLX             __errno_location|252-247-102-234
91508|code|LDR             R0, [R0]; errnum|0-104
91510|code|BLX             strerror|252-247-162-232
91514|code|MOV             R2, SP|106-70
91516|code|MOV             R1, R0|1-70
91518|code|MOV             R0, R4|32-70
91520|code|BLX             _ZNSsC1EPKcRKSaIcE; std::string::string(char const*,std::allocator<char> const&)|252-247-116-233
91524|code|MOV             R0, R6|48-70
91526|code|MOV             R1, R4|33-70
91528|code|BL              sub_15E40|255-247-90-252
91532|code|LDR             R2, =(_ZNSs4_Rep20_S_empty_rep_storageE_ptr - 0x2E000)|18-74
91534|code|LDR             R3, [SP,#0x20+var_18]|2-155
91536|code|LDR             R2, [R5,R2]; _ZNSs4_Rep20_S_empty_rep_storageE_ptr ...|170-88
91538|code|SUB.W           R0, R3, #0xC|163-241-12-0
91542|code|CMP             R0, R2|144-66
91544|code|BNE             loc_165B4|12-209
91546|code|LDR             R2, =(_ZTIN5YAPET14YAPETExceptionE_ptr - 0x2E000)|16-74
91548|code|MOV             R0, R6; void *|48-70
91550|code|LDR             R3, =(off_2E21C - 0x2E000)|16-75
91552|code|LDR             R1, [R5,R2]; _ZTIN5YAPET14YAPETExceptionE_ptr ; lptinfo|169-88
91554|code|LDR             R2, [R5,R3]; YAPET::YAPETException::~YAPETException() ; void (__cdecl *)(void *)|234-88
91556|code|BLX             __cxa_throw|252-247-64-234
91560|code|ADDS            R1, #1|1-49
91562|code|BEQ             loc_165CC|15-208
91564|code|BLX             __cxa_end_cleanup|252-247-82-233
91568|code|BLX             __stack_chk_fail|252-247-74-233
91572|code|ADD             R1, SP, #0x20+var_1C|1-169
91574|code|BL              sub_12B78|252-247-223-250
91578|code|B               loc_1659A|238-231
91580|code|MOV             R4, R0|4-70
91582|code|MOV             R5, R1|13-70
91584|code|MOV             R0, R6; void *|48-70
91586|code|BLX             __cxa_free_exception|252-247-180-232
91590|code|MOV             R0, R4; void *|32-70
91592|code|MOV             R1, R5|41-70
91594|code|B               loc_165A8|237-231
91596|code|BLX             __cxa_call_unexpected|252-247-114-233
91600|data|DCD _GLOBAL_OFFSET_TABLE_ - 0x16526|218-122-1-0
91604|data|DCD __stack_chk_guard_ptr - 0x2E000|208-1-0-0
91608|data|DCD _ZNSs4_Rep20_S_empty_rep_storageE_ptr - 0x2E000|196-1-0-0
91612|data|DCD _ZTIN5YAPET14YAPETExceptionE_ptr - 0x2E000|200-1-0-0
91616|data|DCD off_2E21C - 0x2E000|28-2-0-0
91620|code|PUSH            {R4-R6,LR}|112-181
91622|code|SUB             SP, SP, #0x10|132-176
91624|code|LDR             R5, =(_GLOBAL_OFFSET_TABLE_ - 0x165F6)|42-77
91626|code|MOV             R4, R0|4-70
91628|code|LDR             R3, =(__stack_chk_guard_ptr - 0x2E000)|42-75
91630|code|MOVW            R1, #0x402; oflag|64-242-2-65
91634|code|ADD             R5, PC; _GLOBAL_OFFSET_TABLE_|125-68
91636|code|LDR             R0, [R0,#4]; file|64-104
91638|code|LDR             R6, [R5,R3]; __stack_chk_guard|238-88
91640|code|LDR             R3, [R6]|51-104
91642|code|STR             R3, [SP,#0x20+var_14]|3-147
91644|code|BLX             open|252-247-250-232
91648|code|STR             R0, [R4]|32-96
91650|code|ADDS            R0, #1|1-48
91652|code|BEQ             loc_16628|16-208
91654|code|MOV             R0, R4|32-70
91656|code|BL              sub_15E80|255-247-58-252
91660|code|LDRB            R3, [R4,#0x10]|35-124
91662|code|STRD.W          R0, R1, [R4,#8]|196-233-2-1
91666|code|CBNZ            R3, loc_16620|43-185
91668|code|LDR             R2, [SP,#0x20+var_14]|3-154
91670|code|LDR             R3, [R6]|51-104
91672|code|CMP             R2, R3|154-66
91674|code|BNE             loc_16672|42-209
91676|code|ADD             SP, SP, #0x10|4-176
91678|code|POP             {R4-R6,PC}|112-189
91680|code|MOV             R0, R4|32-70
91682|code|BL              sub_162C0|255-247-77-254
91686|code|B               loc_16614|245-231
91688|code|MOVS            R0, #0xC; thrown_size|12-32
91690|code|ADD             R4, SP, #0x20+var_18|2-172
91692|code|BLX             __cxa_allocate_exception|252-247-52-232
91696|code|MOV             R6, R0|6-70
91698|code|BLX             __errno_location|252-247-6-234
91702|code|LDR             R0, [R0]; errnum|0-104
91704|code|BLX             strerror|252-247-64-232
91708|code|MOV             R2, SP|106-70
91710|code|MOV             R1, R0|1-70
91712|code|MOV             R0, R4|32-70
91714|code|BLX             _ZNSsC1EPKcRKSaIcE; std::string::string(char const*,std::allocator<char> const&)|252-247-20-233
91718|code|MOV             R0, R6|48-70
91720|code|MOV             R1, R4|33-70
91722|code|BL              sub_15E40|255-247-249-251
91726|code|LDR             R2, =(_ZNSs4_Rep20_S_empty_rep_storageE_ptr - 0x2E000)|19-74
91728|code|LDR             R3, [SP,#0x20+var_18]|2-155
91730|code|LDR             R2, [R5,R2]; _ZNSs4_Rep20_S_empty_rep_storageE_ptr ...|170-88
91732|code|SUB.W           R0, R3, #0xC|163-241-12-0
91736|code|CMP             R0, R2|144-66
91738|code|BNE             loc_16676|12-209
91740|code|LDR             R2, =(_ZTIN5YAPET14YAPETExceptionE_ptr - 0x2E000)|16-74
91742|code|MOV             R0, R6; void *|48-70
91744|code|LDR             R3, =(off_2E21C - 0x2E000)|16-75
91746|code|LDR             R1, [R5,R2]; _ZTIN5YAPET14YAPETExceptionE_ptr ; lptinfo|169-88
91748|code|LDR             R2, [R5,R3]; YAPET::YAPETException::~YAPETException() ; void (__cdecl *)(void *)|234-88
91750|code|BLX             __cxa_throw|252-247-224-233
91754|code|ADDS            R1, #1|1-49
91756|code|BEQ             loc_1668E|15-208
91758|code|BLX             __cxa_end_cleanup|252-247-242-232
91762|code|BLX             __stack_chk_fail|252-247-234-232
91766|code|ADD             R1, SP, #0x20+var_1C|1-169
91768|code|BL              sub_12B78|252-247-126-250
91772|code|B               loc_1665C|238-231
91774|code|MOV             R4, R0|4-70
91776|code|MOV             R5, R1|13-70
91778|code|MOV             R0, R6; void *|48-70
91780|code|BLX             __cxa_free_exception|252-247-82-232
91784|code|MOV             R0, R4; void *|32-70
91786|code|MOV             R1, R5|41-70
91788|code|B               loc_1666A|237-231
91790|code|BLX             __cxa_call_unexpected|252-247-18-233
91794|data|ALIGN 4|0-191
91796|data|DCD _GLOBAL_OFFSET_TABLE_ - 0x165F6|10-122-1-0
91800|data|DCD __stack_chk_guard_ptr - 0x2E000|208-1-0-0
91804|data|DCD _ZNSs4_Rep20_S_empty_rep_storageE_ptr - 0x2E000|196-1-0-0
91808|data|DCD _ZTIN5YAPET14YAPETExceptionE_ptr - 0x2E000|200-1-0-0
91812|data|DCD off_2E21C - 0x2E000|28-2-0-0
91816|code|PUSH.W          {R4-R8,LR}|45-233-240-65
91820|code|MOV             R4, R0|4-70
91822|code|LDR             R5, =(_GLOBAL_OFFSET_TABLE_ - 0x166BA)|108-77
91824|code|SUB             SP, SP, #0x70|156-176
91826|code|LDR             R3, =(__stack_chk_guard_ptr - 0x2E000)|108-75
91828|code|MOVS            R0, #3; ver|3-32
91830|code|ADD             R5, PC; _GLOBAL_OFFSET_TABLE_|125-68
91832|code|LDR             R1, [R4]; fildes|33-104
91834|code|ADD             R2, SP, #0x88+stat_buf; stat_buf|4-170
91836|code|LDR             R6, [R5,R3]; __stack_chk_guard|238-88
91838|code|LDR             R3, [R6]|51-104
91840|code|STR             R3, [SP,#0x88+var_1C]|27-147
91842|code|BLX             __fxstat|252-247-58-233
91846|code|ADDS            R0, #1|1-48
91848|code|BEQ             loc_166FA|23-208
91850|code|LDR             R7, [R4]|39-104
91852|code|BLX             getuid|252-247-28-233
91856|code|LDR             R2, [SP,#0x88+stat_buf.st_gid]; group|11-154
91858|code|MOV             R1, R0; owner|1-70
91860|code|MOV             R0, R7; fd|56-70
91862|code|BLX             fchown|251-247-136-239
91866|code|ADDS            R0, #1|1-48
91868|code|BEQ             loc_167AE|103-208
91870|code|LDR             R0, [R4]; fd|32-104
91872|code|MOV.W           R1, #0x180; mode|79-244-192-113
91876|code|BLX             fchmod|252-247-146-232
91880|code|ADDS            R0, #1|1-48
91882|code|BEQ             loc_1674C|47-208
91884|code|LDR             R2, [SP,#0x88+var_1C]|27-154
91886|code|LDR             R3, [R6]|51-104
91888|code|CMP             R2, R3|154-66
91890|code|BNE             loc_16748|41-209
91892|code|ADD             SP, SP, #0x70 ; 'p'|28-176
91894|code|POP.W           {R4-R8,PC}|189-232-240-129
91898|code|MOVS            R0, #0xC; thrown_size|12-32
91900|code|ADD             R4, SP, #0x88+var_84|1-172
91902|code|BLX             __cxa_allocate_exception|251-247-204-239
91906|code|MOV             R6, R0|6-70
91908|code|BLX             __errno_location|252-247-156-233
91912|code|LDR             R0, [R0]; errnum|0-104
91914|code|BLX             strerror|251-247-216-239
91918|code|ADD             R2, SP, #0x88+var_80|2-170
91920|code|MOV             R1, R0|1-70
91922|code|MOV             R0, R4|32-70
91924|code|BLX             _ZNSsC1EPKcRKSaIcE; std::string::string(char const*,std::allocator<char> const&)|252-247-170-232
91928|code|MOV             R0, R6|48-70
91930|code|MOV             R1, R4|33-70
91932|code|BL              sub_15E40|255-247-144-251
91936|code|LDR             R2, =(_ZNSs4_Rep20_S_empty_rep_storageE_ptr - 0x2E000)|81-74
91938|code|LDR             R3, [SP,#0x88+var_84]|1-155
91940|code|LDR             R2, [R5,R2]; _ZNSs4_Rep20_S_empty_rep_storageE_ptr ...|170-88
91942|code|SUB.W           R0, R3, #0xC|163-241-12-0
91946|code|CMP             R0, R2|144-66
91948|code|BNE.W           loc_16852|64-240-145-128
91952|code|LDR             R2, =(_ZTIN5YAPET14YAPETExceptionE_ptr - 0x2E000)|78-74
91954|code|MOV             R0, R6; void *|48-70
91956|code|LDR             R3, =(off_2E21C - 0x2E000)|78-75
91958|code|LDR             R1, [R5,R2]; _ZTIN5YAPET14YAPETExceptionE_ptr ; lptinfo|169-88
91960|code|LDR             R2, [R5,R3]; YAPET::YAPETException::~YAPETException() ; void (__cdecl *)(void *)|234-88
91962|code|BLX             __cxa_throw|252-247-118-233
91966|code|ADDS            R1, #1|1-49
91968|code|BEQ.W           loc_1685A|0-240-139-128
91972|code|BLX             __cxa_end_cleanup|252-247-134-232
91976|code|BLX             __stack_chk_fail|252-247-126-232
91980|code|LDR             R0, =(aYapet - 0x16758); "yapet"|73-72
91982|code|ADD             R7, SP, #0x88+var_80|2-175
91984|code|LDR             R1, =(aCannotSetFileP - 0x1675A); "Cannot set file permissions on "|73-73
91986|code|ADD             R6, SP, #0x88+var_7C|3-174
91988|code|ADD             R0, PC; "yapet"|120-68
91990|code|ADD             R1, PC; "Cannot set file permissions on "|121-68
91992|code|BLX             dgettext|252-247-180-233
91996|code|MOV             R2, R6|50-70
91998|code|MOV             R1, R0|1-70
92000|code|MOV             R0, R7|56-70
92002|code|BLX             _ZNSsC1EPKcRKSaIcE; std::string::string(char const*,std::allocator<char> const&)|252-247-132-232
92006|code|MOVS            R0, #0xC; thrown_size|12-32
92008|code|BLX             __cxa_allocate_exception|251-247-150-239
92012|code|MOV             R1, R7|57-70
92014|code|ADDS            R2, R4, #4|34-29
92016|code|MOV             R8, R0|128-70
92018|code|MOV             R0, R6|48-70
92020|code|BL              _ZStplIcSt11char_traitsIcESaIcEESbIT_T0_T1_ERKS6_S8_; std::operator+<char,std::char_traits<char>,std::allocator<char>>(std::basic_string<char,std::char_traits<char>,std::allocator<char>> const&,std::basic_string<char,std::char_traits<char>,std::allocator<char>> const&)|2-240-12-254
92024|code|MOV             R0, R8|64-70
92026|code|MOV             R1, R6|49-70
92028|code|BL              sub_19120|2-240-208-252
92032|code|LDR             R2, =(_ZNSs4_Rep20_S_empty_rep_storageE_ptr - 0x2E000)|57-74
92034|code|LDR             R3, [SP,#0x88+var_7C]|3-155
92036|code|LDR             R7, [R5,R2]; _ZNSs4_Rep20_S_empty_rep_storageE_ptr ...|175-88
92038|code|SUB.W           R0, R3, #0xC|163-241-12-0
92042|code|CMP             R0, R7|184-66
92044|code|BNE             loc_1682A|77-209
92046|code|LDR             R2, =(_ZTIN5YAPET19YAPETRetryExceptionE_ptr - 0x2E000)|59-74
92048|code|MOV             R0, R8; void *|64-70
92050|code|LDR             R3, =(off_2E1F8 - 0x2E000)|59-75
92052|code|LDR             R1, [R5,R2]; _ZTIN5YAPET19YAPETRetryExceptionE_ptr ; lptinfo|169-88
92054|code|LDR             R2, [R5,R3]; YAPET::YAPETRetryException::~YAPETRetryException() ; void (__cdecl *)(void *)|234-88
92056|code|BLX             __cxa_throw|252-247-70-233
92060|code|MOV             R4, R0|4-70
92062|code|MOV             R6, R1|14-70
92064|code|LDR             R0, [SP,#0x88+var_80]|2-152
92066|code|SUBS            R0, #0xC|12-56
92068|code|CMP             R0, R7|184-66
92070|code|BNE             loc_1680A|48-209
92072|code|MOV             R0, R4; void *|32-70
92074|code|MOV             R1, R6|49-70
92076|code|B               loc_1673E|199-231
92078|code|LDR             R0, =(aYapet - 0x167BA); "yapet"|53-72
92080|code|ADD             R6, SP, #0x88+var_7C|3-174
92082|code|LDR             R1, =(aCannotSetTheOw - 0x167BC); "Cannot set the owner of "|53-73
92084|code|ADD             R7, SP, #0x88+var_80|2-175
92086|code|ADD             R0, PC; "yapet"|120-68
92088|code|ADD             R1, PC; "Cannot set the owner of "|121-68
92090|code|BLX             dgettext|252-247-132-233
92094|code|MOV             R2, R7|58-70
92096|code|MOV             R1, R0|1-70
92098|code|MOV             R0, R6|48-70
92100|code|BLX             _ZNSsC1EPKcRKSaIcE; std::string::string(char const*,std::allocator<char> const&)|252-247-82-232
92104|code|MOVS            R0, #0xC; thrown_size|12-32
92106|code|BLX             __cxa_allocate_exception|251-247-102-239
92110|code|MOV             R1, R6|49-70
92112|code|ADDS            R2, R4, #4|34-29
92114|code|MOV             R8, R0|128-70
92116|code|MOV             R0, R7|56-70
92118|code|BL              _ZStplIcSt11char_traitsIcESaIcEESbIT_T0_T1_ERKS6_S8_; std::operator+<char,std::char_traits<char>,std::allocator<char>>(std::basic_string<char,std::char_traits<char>,std::allocator<char>> const&,std::basic_string<char,std::char_traits<char>,std::allocator<char>> const&)|2-240-219-253
92122|code|MOV             R1, R7|57-70
92124|code|MOV             R0, R8|64-70
92126|code|BL              sub_19120|2-240-159-252
92130|code|LDR             R2, =(_ZNSs4_Rep20_S_empty_rep_storageE_ptr - 0x2E000)|33-74
92132|code|LDR             R3, [SP,#0x88+var_80]|2-155
92134|code|LDR             R7, [R5,R2]; _ZNSs4_Rep20_S_empty_rep_storageE_ptr ...|175-88
92136|code|SUB.W           R0, R3, #0xC|163-241-12-0
92140|code|CMP             R0, R7|184-66
92142|code|BNE             loc_16812|16-209
92144|code|LDR             R2, =(_ZTIN5YAPET19YAPETRetryExceptionE_ptr - 0x2E000)|34-74
92146|code|MOV             R0, R8; void *|64-70
92148|code|LDR             R3, =(off_2E1F8 - 0x2E000)|34-75
92150|code|LDR             R1, [R5,R2]; _ZTIN5YAPET19YAPETRetryExceptionE_ptr ; lptinfo|169-88
92152|code|LDR             R2, [R5,R3]; YAPET::YAPETRetryException::~YAPETRetryException() ; void (__cdecl *)(void *)|234-88
92154|code|BLX             __cxa_throw|252-247-22-233
92158|code|MOV             R4, R0|4-70
92160|code|MOV             R6, R1|14-70
92162|code|LDR             R0, [SP,#0x88+var_7C]|3-152
92164|code|SUBS            R0, #0xC|12-56
92166|code|CMP             R0, R7|184-66
92168|code|BEQ             loc_167A8|206-208
92170|code|ADD             R1, SP, #0x88+var_84|1-169
92172|code|BL              sub_12B78|252-247-180-249
92176|code|B               loc_167A8|202-231
92178|code|ADD             R1, SP, #0x88+var_84|1-169
92180|code|BL              sub_12B78|252-247-176-249
92184|code|B               loc_167F0|234-231
92186|code|MOV             R4, R0|4-70
92188|code|MOV             R0, R8; void *|64-70
92190|code|MOV             R6, R1|14-70
92192|code|BLX             __cxa_free_exception|251-247-132-239
92196|code|LDR             R3, =(_ZNSs4_Rep20_S_empty_rep_storageE_ptr - 0x2E000)|16-75
92198|code|LDR             R7, [R5,R3]|239-88
92200|code|B               loc_16802|235-231
92202|code|ADD             R1, SP, #0x88+var_84|1-169
92204|code|BL              sub_12B78|252-247-164-249
92208|code|B               loc_1678E|173-231
92210|code|MOV             R4, R0|4-70
92212|code|MOV             R0, R8; void *|64-70
92214|code|MOV             R6, R1|14-70
92216|code|BLX             __cxa_free_exception|251-247-120-239
92220|code|LDR             R3, =(_ZNSs4_Rep20_S_empty_rep_storageE_ptr - 0x2E000)|10-75
92222|code|LDR             R7, [R5,R3]|239-88
92224|code|B               loc_167A0|174-231
92226|code|MOV             R4, R0|4-70
92228|code|MOV             R5, R1|13-70
92230|code|MOV             R0, R6; void *|48-70
92232|code|BLX             __cxa_free_exception|251-247-112-239
92236|code|MOV             R0, R4|32-70
92238|code|MOV             R1, R5|41-70
92240|code|B               loc_1673E|117-231
92242|code|ADD             R1, SP, #0x88+var_7C|3-169
92244|code|BL              sub_12B78|252-247-144-249
92248|code|B               loc_16730|106-231
92250|code|BLX             __cxa_call_unexpected|252-247-44-232
92254|data|ALIGN 0x10|0-191
92256|data|DCD _GLOBAL_OFFSET_TABLE_ - 0x166BA|70-121-1-0
92260|data|DCD __stack_chk_guard_ptr - 0x2E000|208-1-0-0
92264|data|DCD _ZNSs4_Rep20_S_empty_rep_storageE_ptr - 0x2E000|196-1-0-0
92268|data|DCD _ZTIN5YAPET14YAPETExceptionE_ptr - 0x2E000|200-1-0-0
92272|data|DCD off_2E21C - 0x2E000|28-2-0-0
92276|data|DCD aYapet - 0x16758; "yapet"|28-85-0-0
92280|data|DCD aCannotSetFileP - 0x1675A; "Cannot set file permissions on "|226-89-0-0
92284|data|DCD _ZTIN5YAPET19YAPETRetryExceptionE_ptr - 0x2E000|220-1-0-0
92288|data|DCD off_2E1F8 - 0x2E000|248-1-0-0
92292|data|DCD aYapet - 0x167BA; "yapet"|186-84-0-0
92296|data|DCD aCannotSetTheOw - 0x167BC; "Cannot set the owner of "|100-89-0-0
92300|code|PUSH            {R4-R7,LR}|240-181
92302|code|SUB             SP, SP, #0x14|133-176
92304|code|LDR             R4, =(_GLOBAL_OFFSET_TABLE_ - 0x1689C)|60-76
92306|code|MOV             R6, R0|6-70
92308|code|LDR             R3, =(__stack_chk_guard_ptr - 0x2E000)|60-75
92310|code|MOVS            R2, #0; whence|0-34
92312|code|ADD             R4, PC; _GLOBAL_OFFSET_TABLE_|124-68
92314|code|LDR             R0, [R0]; fd|0-104
92316|code|MOV             R7, R1|15-70
92318|code|LDR             R5, [R4,R3]; __stack_chk_guard|229-88
92320|code|LDR             R3, [R5]|43-104
92322|code|STR             R3, [SP,#0x28+var_1C]|3-147
92324|code|BLX             lseek|252-247-36-232
92328|code|ADDS            R3, R0, #1|67-28
92330|code|BEQ             loc_168BC|7-208
92332|code|CMP             R0, R7|184-66
92334|code|BNE             loc_1690A|44-209
92336|code|LDR             R2, [SP,#0x28+var_1C]|3-154
92338|code|LDR             R3, [R5]|43-104
92340|code|CMP             R2, R3|154-66
92342|code|BNE             loc_16906|38-209
92344|code|ADD             SP, SP, #0x14|5-176
92346|code|POP             {R4-R7,PC}|240-189
92348|code|MOVS            R0, #0xC; thrown_size|12-32
92350|code|ADD             R5, SP, #0x28+var_24|1-173
92352|code|BLX             __cxa_allocate_exception|251-247-234-238
92356|code|MOV             R6, R0|6-70
92358|code|BLX             __errno_location|252-247-188-232
92362|code|LDR             R0, [R0]; errnum|0-104
92364|code|BLX             strerror|251-247-246-238
92368|code|MOV             R2, SP|106-70
92370|code|MOV             R1, R0|1-70
92372|code|MOV             R0, R5|40-70
92374|code|BLX             _ZNSsC1EPKcRKSaIcE; std::string::string(char const*,std::allocator<char> const&)|251-247-202-239
92378|code|MOV             R0, R6|48-70
92380|code|MOV             R1, R5|41-70
92382|code|BL              sub_15E40|255-247-175-250
92386|code|LDR             R2, =(_ZNSs4_Rep20_S_empty_rep_storageE_ptr - 0x2E000)|42-74
92388|code|LDR             R3, [SP,#0x28+var_24]|1-155
92390|code|LDR             R2, [R4,R2]; _ZNSs4_Rep20_S_empty_rep_storageE_ptr ...|162-88
92392|code|SUB.W           R0, R3, #0xC|163-241-12-0
92396|code|CMP             R0, R2|144-66
92398|code|BNE             loc_1696A|60-209
92400|code|LDR             R2, =(_ZTIN5YAPET14YAPETExceptionE_ptr - 0x2E000)|39-74
92402|code|MOV             R0, R6; void *|48-70
92404|code|LDR             R3, =(off_2E21C - 0x2E000)|39-75
92406|code|LDR             R1, [R4,R2]; _ZTIN5YAPET14YAPETExceptionE_ptr ; lptinfo|161-88
92408|code|LDR             R2, [R4,R3]; YAPET::YAPETException::~YAPETException() ; void (__cdecl *)(void *)|226-88
92410|code|BLX             __cxa_throw|252-247-150-232
92414|code|ADDS            R1, #1|1-49
92416|code|BEQ             loc_1694E|37-208
92418|code|BLX             __cxa_end_cleanup|251-247-168-239
92422|code|BLX             __stack_chk_fail|251-247-160-239
92426|code|MOVS            R0, #0xC; thrown_size|12-32
92428|code|ADD             R5, SP, #0x28+var_20|2-173
92430|code|BLX             __cxa_allocate_exception|251-247-196-238
92434|code|LDR             R1, =(aErrorSeekingWi - 0x16918); "Error seeking within file: "|33-73
92436|code|ADD             R1, PC; "Error seeking within file: "|121-68
92438|code|MOV             R7, R0|7-70
92440|code|LDR             R0, =(aYapet - 0x1691E); "yapet"|32-72
92442|code|ADD             R0, PC; "yapet"|120-68
92444|code|BLX             dgettext|252-247-210-232
92448|code|ADDS            R2, R6, #4|50-29
92450|code|MOV             R1, R0|1-70
92452|code|MOV             R0, R5|40-70
92454|code|BL              _ZStplIcSt11char_traitsIcESaIcEESbIT_T0_T1_EPKS3_RKS6_; std::operator+<char,std::char_traits<char>,std::allocator<char>>(char const*,std::basic_string<char,std::char_traits<char>,std::allocator<char>> const&)|254-247-151-252
92458|code|MOV             R0, R7|56-70
92460|code|MOV             R1, R5|41-70
92462|code|BL              sub_15E40|255-247-135-250
92466|code|LDR             R2, =(_ZNSs4_Rep20_S_empty_rep_storageE_ptr - 0x2E000)|22-74
92468|code|LDR             R3, [SP,#0x28+var_20]|2-155
92470|code|LDR             R2, [R4,R2]; _ZNSs4_Rep20_S_empty_rep_storageE_ptr ...|162-88
92472|code|SUB.W           R0, R3, #0xC|163-241-12-0
92476|code|CMP             R0, R2|144-66
92478|code|BNE             loc_16952|8-209
92480|code|LDR             R2, =(_ZTIN5YAPET14YAPETExceptionE_ptr - 0x2E000)|19-74
92482|code|MOV             R0, R7; void *|56-70
92484|code|LDR             R3, =(off_2E21C - 0x2E000)|19-75
92486|code|LDR             R1, [R4,R2]; _ZTIN5YAPET14YAPETExceptionE_ptr ; lptinfo|161-88
92488|code|LDR             R2, [R4,R3]; YAPET::YAPETException::~YAPETException() ; void (__cdecl *)(void *)|226-88
92490|code|BLX             __cxa_throw|252-247-110-232
92494|code|BLX             __cxa_call_unexpected|251-247-178-239
92498|code|ADD             R1, SP, #0x28+var_24|1-169
92500|code|BL              sub_12B78|252-247-16-249
92504|code|B               loc_16940|242-231
92506|code|MOV             R4, R0|4-70
92508|code|MOV             R5, R1|13-70
92510|code|MOV             R0, R7; void *|56-70
92512|code|BLX             __cxa_free_exception|251-247-228-238
92516|code|MOV             R0, R4; void *|32-70
92518|code|MOV             R1, R5|41-70
92520|code|B               loc_168FE|201-231
92522|code|ADD             R1, SP, #0x28+var_20|2-169
92524|code|BL              sub_12B78|252-247-4-249
92528|code|B               loc_168F0|190-231
92530|code|MOV             R4, R0|4-70
92532|code|MOV             R5, R1|13-70
92534|code|MOV             R0, R6; void *|48-70
92536|code|BLX             __cxa_free_exception|251-247-216-238
92540|code|MOV             R0, R4|32-70
92542|code|MOV             R1, R5|41-70
92544|code|B               loc_168FE|189-231
92546|data|ALIGN 4|0-191
92548|data|DCD _GLOBAL_OFFSET_TABLE_ - 0x1689C|100-119-1-0
92552|data|DCD __stack_chk_guard_ptr - 0x2E000|208-1-0-0
92556|data|DCD _ZNSs4_Rep20_S_empty_rep_storageE_ptr - 0x2E000|196-1-0-0
92560|data|DCD _ZTIN5YAPET14YAPETExceptionE_ptr - 0x2E000|200-1-0-0
92564|data|DCD off_2E21C - 0x2E000|28-2-0-0
92568|data|DCD aErrorSeekingWi - 0x16918; "Error seeking within file: "|68-88-0-0
92572|data|DCD aYapet - 0x1691E; "yapet"|86-83-0-0
92576|code|PUSH            {R4-R6,LR}|112-181
92578|code|SUB             SP, SP, #0x20|136-176
92580|code|LDR             R4, =(_GLOBAL_OFFSET_TABLE_ - 0x169B0)|68-76
92582|code|MOVS            R1, #8|8-33
92584|code|LDR             R3, =(__stack_chk_guard_ptr - 0x2E000)|68-75
92586|code|MOV             R6, R0|6-70
92588|code|ADD             R4, PC; _GLOBAL_OFFSET_TABLE_|124-68
92590|code|LDR             R5, [R4,R3]; __stack_chk_guard|229-88
92592|code|LDR             R3, [R5]|43-104
92594|code|STR             R3, [SP,#0x30+var_14]|7-147
92596|code|BL              sub_1688C|255-247-106-255
92600|code|LDR             R0, [R6]; fd|48-104
92602|code|ADD             R1, SP, #0x30+buf; buf|4-169
92604|code|MOVS            R2, #4; nbytes|4-34
92606|code|BLX             read|251-247-206-238
92610|code|ADDS            R3, R0, #1|67-28
92612|code|BEQ             loc_169FC|26-208
92614|code|CMP             R0, #4|4-40
92616|code|BNE             loc_16A4C|64-209
92618|code|LDR             R3, [SP,#0x30+buf]|4-155
92620|code|MOVS            R1, #0|0-33
92622|code|MOV             R0, R6|48-70
92624|code|UBFX.W          R2, R3, #8, #8|195-243-7-34
92628|code|BFI.W           R1, R3, #0x18, #8|99-243-31-97
92632|code|BFI.W           R1, R2, #0x10, #8|98-243-23-65
92636|code|UBFX.W          R2, R3, #0x10, #8|195-243-7-66
92640|code|BFI.W           R1, R2, #8, #8|98-243-15-33
92644|code|LSRS            R3, R3, #0x18|27-14
92646|code|BFI.W           R1, R3, #0, #8|99-243-7-1
92650|code|STR             R1, [SP,#0x30+buf]|4-145
92652|code|BL              sub_15F30|255-247-160-250
92656|code|LDR             R2, [SP,#0x30+var_14]|7-154
92658|code|LDR             R3, [R5]|43-104
92660|code|CMP             R2, R3|154-66
92662|code|BNE             loc_16A48|39-209
92664|code|ADD             SP, SP, #0x20 ; ' '|8-176
92666|code|POP             {R4-R6,PC}|112-189
92668|code|MOVS            R0, #0xC; thrown_size|12-32
92670|code|ADD             R3, SP, #0x30+var_1C|5-171
92672|code|STR             R3, [SP,#0x30+var_2C]|1-147
92674|code|BLX             __cxa_allocate_exception|251-247-74-238
92678|code|MOV             R6, R0|6-70
92680|code|BLX             __errno_location|252-247-26-232
92684|code|LDR             R0, [R0]; errnum|0-104
92686|code|BLX             strerror|251-247-86-238
92690|code|ADD             R2, SP, #0x30+var_24|3-170
92692|code|MOV             R1, R0|1-70
92694|code|LDR             R0, [SP,#0x30+var_2C]|1-152
92696|code|BLX             _ZNSsC1EPKcRKSaIcE; std::string::string(char const*,std::allocator<char> const&)|251-247-40-239
92700|code|MOV             R0, R6|48-70
92702|code|LDR             R1, [SP,#0x30+var_2C]|1-153
92704|code|BL              sub_15E40|255-247-14-250
92708|code|LDR             R2, =(_ZNSs4_Rep20_S_empty_rep_storageE_ptr - 0x2E000)|38-74
92710|code|LDR             R3, [SP,#0x30+var_1C]|5-155
92712|code|LDR             R2, [R4,R2]; _ZNSs4_Rep20_S_empty_rep_storageE_ptr ...|162-88
92714|code|SUB.W           R0, R3, #0xC|163-241-12-0
92718|code|CMP             R0, R2|144-66
92720|code|BNE             loc_16AAE|61-209
92722|code|LDR             R2, =(_ZTIN5YAPET14YAPETExceptionE_ptr - 0x2E000)|36-74
92724|code|MOV             R0, R6; void *|48-70
92726|code|LDR             R3, =(off_2E21C - 0x2E000)|36-75
92728|code|LDR             R1, [R4,R2]; _ZTIN5YAPET14YAPETExceptionE_ptr ; lptinfo|161-88
92730|code|LDR             R2, [R4,R3]; YAPET::YAPETException::~YAPETException() ; void (__cdecl *)(void *)|226-88
92732|code|BLX             __cxa_throw|251-247-244-239
92736|code|ADDS            R1, #1|1-49
92738|code|BEQ             loc_16A92|38-208
92740|code|BLX             __cxa_end_cleanup|251-247-6-239
92744|code|BLX             __stack_chk_fail|251-247-254-238
92748|code|MOVS            R0, #0xC; thrown_size|12-32
92750|code|ADD             R3, SP, #0x30+var_18|6-171
92752|code|STR             R3, [SP,#0x30+var_2C]|1-147
92754|code|BLX             __cxa_allocate_exception|251-247-34-238
92758|code|LDR             R1, =(aUnableToSeekTo - 0x16A5C); "Unable to seek to data section"|29-73
92760|code|ADD             R1, PC; "Unable to seek to data section"|121-68
92762|code|MOV             R6, R0|6-70
92764|code|LDR             R0, =(aYapet - 0x16A62); "yapet"|28-72
92766|code|ADD             R0, PC; "yapet"|120-68
92768|code|BLX             dgettext|252-247-48-232
92772|code|ADD             R2, SP, #0x30+var_24|3-170
92774|code|MOV             R1, R0|1-70
92776|code|LDR             R0, [SP,#0x30+var_2C]|1-152
92778|code|BLX             _ZNSsC1EPKcRKSaIcE; std::string::string(char const*,std::allocator<char> const&)|251-247-0-239
92782|code|MOV             R0, R6|48-70
92784|code|LDR             R1, [SP,#0x30+var_2C]|1-153
92786|code|BL              sub_15E40|255-247-229-249
92790|code|LDR             R2, =(_ZNSs4_Rep20_S_empty_rep_storageE_ptr - 0x2E000)|18-74
92792|code|LDR             R3, [SP,#0x30+var_18]|6-155
92794|code|LDR             R2, [R4,R2]; _ZNSs4_Rep20_S_empty_rep_storageE_ptr ...|162-88
92796|code|SUB.W           R0, R3, #0xC|163-241-12-0
92800|code|CMP             R0, R2|144-66
92802|code|BNE             loc_16A96|8-209
92804|code|LDR             R2, =(_ZTIN5YAPET14YAPETExceptionE_ptr - 0x2E000)|15-74
92806|code|MOV             R0, R6; void *|48-70
92808|code|LDR             R3, =(off_2E21C - 0x2E000)|15-75
92810|code|LDR             R1, [R4,R2]; _ZTIN5YAPET14YAPETExceptionE_ptr ; lptinfo|161-88
92812|code|LDR             R2, [R4,R3]; YAPET::YAPETException::~YAPETException() ; void (__cdecl *)(void *)|226-88
92814|code|BLX             __cxa_throw|251-247-204-239
92818|code|BLX             __cxa_call_unexpected|251-247-16-239
92822|code|ADD             R1, SP, #0x30+var_1C|5-169
92824|code|BL              sub_12B78|252-247-110-248
92828|code|B               loc_16A84|242-231
92830|code|MOV             R4, R0|4-70
92832|code|MOV             R5, R1|13-70
92834|code|MOV             R0, R6; void *|48-70
92836|code|BLX             __cxa_free_exception|251-247-66-238
92840|code|MOV             R0, R4; void *|32-70
92842|code|MOV             R1, R5|41-70
92844|code|B               loc_16A40|200-231
92846|code|ADD             R1, SP, #0x30+var_18|6-169
92848|code|BL              sub_12B78|252-247-98-248
92852|code|B               loc_16A32|189-231
92854|code|B               loc_16A9E|242-231
92856|data|DCD _GLOBAL_OFFSET_TABLE_ - 0x169B0|80-118-1-0
92860|data|DCD __stack_chk_guard_ptr - 0x2E000|208-1-0-0
92864|data|DCD _ZNSs4_Rep20_S_empty_rep_storageE_ptr - 0x2E000|196-1-0-0
92868|data|DCD _ZTIN5YAPET14YAPETExceptionE_ptr - 0x2E000|200-1-0-0
92872|data|DCD off_2E21C - 0x2E000|28-2-0-0
92876|data|DCD aUnableToSeekTo - 0x16A5C; "Unable to seek to data section"|28-87-0-0
92880|data|DCD aYapet - 0x16A62; "yapet"|18-82-0-0
92884|code|PUSH            {R4-R7,LR}|240-181
92886|code|SUB             SP, SP, #0x1C|135-176
92888|code|LDR             R5, =(_GLOBAL_OFFSET_TABLE_ - 0x16AE4)|150-77
92890|code|MOV             R7, R0|7-70
92892|code|LDR             R3, =(__stack_chk_guard_ptr - 0x2E000)|150-75
92894|code|MOV             R1, SP; buf|105-70
92896|code|ADD             R5, PC; _GLOBAL_OFFSET_TABLE_|125-68
92898|code|LDR             R0, [R0]; fd|0-104
92900|code|MOVS            R2, #4; nbytes|4-34
92902|code|LDR             R6, [R5,R3]; __stack_chk_guard|238-88
92904|code|LDR             R3, [R6]|51-104
92906|code|STR             R3, [SP,#0x30+var_1C]|5-147
92908|code|BLX             read|251-247-54-238
92912|code|ADDS            R2, R0, #1|66-28
92914|code|BEQ.W           loc_16C8A|0-240-202-128
92918|code|CMP             R0, #0|0-40
92920|code|BEQ             loc_16BB2|91-208
92922|code|CMP             R0, #4|4-40
92924|code|BCC.W           loc_16C42|192-240-161-128
92928|code|LDR             R3, [SP,#0x30+nbytes]|0-155
92930|code|MOVS            R1, #0|0-33
92932|code|MOVS            R0, #8; unsigned int|8-32
92934|code|UBFX.W          R2, R3, #8, #8|195-243-7-34
92938|code|BFI.W           R1, R3, #0x18, #8|99-243-31-97
92942|code|BFI.W           R1, R2, #0x10, #8|98-243-23-65
92946|code|UBFX.W          R2, R3, #0x10, #8|195-243-7-66
92950|code|BFI.W           R1, R2, #8, #8|98-243-15-33
92954|code|LSRS            R3, R3, #0x18|27-14
92956|code|BFI.W           R1, R3, #0, #8|99-243-7-1
92960|code|STR             R1, [SP,#0x30+nbytes]|0-145
92962|code|BLX             _Znwj; operator new(uint)|251-247-86-237
92966|code|LDR             R1, [SP,#0x30+nbytes]|0-153
92968|code|MOV             R4, R0|4-70
92970|code|BL              sub_1ABDC|4-240-87-248
92974|code|LDR             R0, [R7]; fd|56-104
92976|code|LDR             R1, [R4,#4]; buf|97-104
92978|code|LDR             R2, [SP,#0x30+nbytes]; nbytes|0-154
92980|code|BLX             read|251-247-18-238
92984|code|ADDS            R3, R0, #1|67-28
92986|code|BEQ             loc_16BFE|96-208
92988|code|CMP             R0, #0|0-40
92990|code|BEQ             loc_16BA4|49-208
92992|code|LDR             R3, [SP,#0x30+nbytes]|0-155
92994|code|CMP             R0, R3|152-66
92996|code|MOV             R0, R4|32-70
92998|code|BCS             loc_16BB2|52-210
93000|code|BL              sub_1AC38|4-240-118-248
93004|code|MOV             R0, R4; void *|32-70
93006|code|ADD             R6, SP, #0x30+var_20|4-174
93008|code|BLX             _ZdlPv; operator delete(void *)|251-247-50-238
93012|code|MOVS            R0, #0xC; thrown_size|12-32
93014|code|BLX             __cxa_allocate_exception|251-247-160-237
93018|code|LDR             R1, =(aShortReadOnFil - 0x16B60); "Short read on file: "|120-73
93020|code|ADD             R1, PC; "Short read on file: "|121-68
93022|code|MOV             R4, R0|4-70
93024|code|LDR             R0, =(aYapet - 0x16B66); "yapet"|119-72
93026|code|ADD             R0, PC; "yapet"|120-68
93028|code|BLX             dgettext|251-247-174-239
93032|code|ADDS            R2, R7, #4|58-29
93034|code|MOV             R1, R0|1-70
93036|code|MOV             R0, R6|48-70
93038|code|BL              _ZStplIcSt11char_traitsIcESaIcEESbIT_T0_T1_EPKS3_RKS6_; std::operator+<char,std::char_traits<char>,std::allocator<char>>(char const*,std::basic_string<char,std::char_traits<char>,std::allocator<char>> const&)|254-247-115-251
93042|code|LDR             R3, =(_ZTVN5YAPET14YAPETExceptionE_ptr - 0x2E000)|116-75
93044|code|MOVS            R2, #0xFF|255-34
93046|code|MOV             R1, R6; std::string *|49-70
93048|code|ADD.W           R0, R4, #8; this|4-241-8-0
93052|code|LDR             R3, [R5,R3]; _ZTVN5YAPET14YAPETExceptionE_ptr ...|235-88
93054|code|STR             R2, [R4,#4]|98-96
93056|code|ADDS            R3, #8|8-51
93058|code|STR             R3, [R4]|35-96
93060|code|BLX             _ZNSsC1ERKSs; std::string::string(std::string const&)|251-247-160-237
93064|code|LDR             R3, =(_ZNSs4_Rep20_S_empty_rep_storageE_ptr - 0x2E000)|111-75
93066|code|LDR             R2, [SP,#0x30+var_20]|4-154
93068|code|LDR             R3, [R5,R3]; _ZNSs4_Rep20_S_empty_rep_storageE_ptr ...|235-88
93070|code|SUB.W           R0, R2, #0xC|162-241-12-0
93074|code|CMP             R0, R3|152-66
93076|code|BNE             loc_16BC8|24-209
93078|code|LDR             R2, =(_ZTIN5YAPET14YAPETExceptionE_ptr - 0x2E000)|109-74
93080|code|MOV             R0, R4; void *|32-70
93082|code|LDR             R3, =(off_2E21C - 0x2E000)|109-75
93084|code|LDR             R1, [R5,R2]; _ZTIN5YAPET14YAPETExceptionE_ptr ; lptinfo|169-88
93086|code|LDR             R2, [R5,R3]; YAPET::YAPETException::~YAPETException() ; void (__cdecl *)(void *)|234-88
93088|code|BLX             __cxa_throw|251-247-66-239
93092|code|MOV             R0, R4|32-70
93094|code|BL              sub_1AC38|4-240-71-248
93098|code|MOV             R0, R4; void *|32-70
93100|code|BLX             _ZdlPv; operator delete(void *)|251-247-4-238
93104|code|MOVS            R0, #0|0-32
93106|code|LDR             R2, [SP,#0x30+var_1C]|5-154
93108|code|LDR             R3, [R6]|51-104
93110|code|CMP             R2, R3|154-66
93112|code|BNE             loc_16C86|101-209
93114|code|ADD             SP, SP, #0x1C|7-176
93116|code|POP             {R4-R7,PC}|240-189
93118|code|ADDS            R1, #1|1-49
93120|code|BEQ.W           loc_16CE2|0-240-143-128
93124|code|BLX             __cxa_end_cleanup|251-247-70-238
93128|code|LDR             R3, =(__pthread_key_create_ptr - 0x2E000)|98-75
93130|code|LDR             R3, [R5,R3]; __pthread_key_create|235-88
93132|code|CBZ             R3, loc_16BF2|139-177
93134|code|SUBS            R2, #4|4-58
93136|code|DMB.W           SY|191-243-95-143
93140|code|LDREX.W         R3, [R2]|82-232-0-63
93144|code|SUBS            R1, R3, #1|89-30
93146|code|STREX.W         R6, R1, [R2]|66-232-0-22
93150|code|CMP             R6, #0|0-46
93152|code|BNE             loc_16BD4|248-209
93154|code|DMB.W           SY|191-243-95-143
93158|code|CMP             R3, #0|0-43
93160|code|BGT             loc_16B96|213-220
93162|code|ADD             R1, SP, #0x30+var_24|3-169
93164|code|BLX             _ZNSs4_Rep10_M_destroyERKSaIcE; std::string::_Rep::_M_destroy(std::allocator<char> const&)|251-247-190-237
93168|code|B               loc_16B96|209-231
93170|code|LDR.W           R3, [R2,#-4]|82-248-4-60
93174|code|SUBS            R1, R3, #1|89-30
93176|code|STR.W           R1, [R2,#-4]|66-248-4-28
93180|code|B               loc_16BE6|243-231
93182|code|MOVS            R0, #0xC; thrown_size|12-32
93184|code|ADD.W           R4, SP, R0|13-235-0-4
93188|code|BLX             __cxa_allocate_exception|251-247-72-237
93192|code|MOV             R6, R0|6-70
93194|code|BLX             __errno_location|251-247-26-239
93198|code|LDR             R0, [R0]; errnum|0-104
93200|code|BLX             strerror|251-247-84-237
93204|code|ADD             R2, SP, #0x30+var_28|2-170
93206|code|MOV             R1, R0|1-70
93208|code|MOV             R0, R4|32-70
93210|code|BLX             _ZNSsC1EPKcRKSaIcE; std::string::string(char const*,std::allocator<char> const&)|251-247-40-238
93214|code|MOV             R0, R6|48-70
93216|code|MOV             R1, R4|33-70
93218|code|BL              sub_15E40|255-247-13-249
93222|code|LDR             R2, =(_ZNSs4_Rep20_S_empty_rep_storageE_ptr - 0x2E000)|72-74
93224|code|LDR             R3, [SP,#0x30+var_24]|3-155
93226|code|LDR             R2, [R5,R2]; _ZNSs4_Rep20_S_empty_rep_storageE_ptr ...|170-88
93228|code|SUB.W           R0, R3, #0xC|163-241-12-0
93232|code|CMP             R0, R2|144-66
93234|code|BNE             loc_16D1E|116-209
93236|code|LDR             R2, =(_ZTIN5YAPET14YAPETExceptionE_ptr - 0x2E000)|69-74
93238|code|MOV             R0, R6; void *|48-70
93240|code|LDR             R3, =(off_2E21C - 0x2E000)|69-75
93242|code|LDR             R1, [R5,R2]; _ZTIN5YAPET14YAPETExceptionE_ptr ; lptinfo|169-88
93244|code|LDR             R2, [R5,R3]; YAPET::YAPETException::~YAPETException() ; void (__cdecl *)(void *)|234-88
93246|code|BLX             __cxa_throw|251-247-244-238
93250|code|MOVS            R0, #0xC; thrown_size|12-32
93252|code|ADD             R4, SP, #0x30+var_28|2-172
93254|code|BLX             __cxa_allocate_exception|251-247-40-237
93258|code|LDR             R1, =(aShortReadOnFil - 0x16C50); "Short read on file: "|67-73
93260|code|ADD             R1, PC; "Short read on file: "|121-68
93262|code|MOV             R6, R0|6-70
93264|code|LDR             R0, =(aYapet - 0x16C56); "yapet"|66-72
93266|code|ADD             R0, PC; "yapet"|120-68
93268|code|BLX             dgettext|251-247-54-239
93272|code|ADDS            R2, R7, #4|58-29
93274|code|MOV             R1, R0|1-70
93276|code|MOV             R0, R4|32-70
93278|code|BL              _ZStplIcSt11char_traitsIcESaIcEESbIT_T0_T1_EPKS3_RKS6_; std::operator+<char,std::char_traits<char>,std::allocator<char>>(char const*,std::basic_string<char,std::char_traits<char>,std::allocator<char>> const&)|254-247-251-250
93282|code|MOV             R0, R6|48-70
93284|code|MOV             R1, R4|33-70
93286|code|BL              sub_15E40|255-247-235-248
93290|code|LDR             R2, =(_ZNSs4_Rep20_S_empty_rep_storageE_ptr - 0x2E000)|55-74
93292|code|LDR             R3, [SP,#0x30+var_28]|2-155
93294|code|LDR             R2, [R5,R2]; _ZNSs4_Rep20_S_empty_rep_storageE_ptr ...|170-88
93296|code|SUB.W           R0, R3, #0xC|163-241-12-0
93300|code|CMP             R0, R2|144-66
93302|code|BNE             loc_16D06|70-209
93304|code|LDR             R2, =(_ZTIN5YAPET14YAPETExceptionE_ptr - 0x2E000)|52-74
93306|code|MOV             R0, R6; void *|48-70
93308|code|LDR             R3, =(off_2E21C - 0x2E000)|52-75
93310|code|LDR             R1, [R5,R2]; _ZTIN5YAPET14YAPETExceptionE_ptr ; lptinfo|169-88
93312|code|LDR             R2, [R5,R3]; YAPET::YAPETException::~YAPETException() ; void (__cdecl *)(void *)|234-88
93314|code|BLX             __cxa_throw|251-247-210-238
93318|code|BLX             __stack_chk_fail|251-247-224-237
93322|code|MOVS            R0, #0xC; thrown_size|12-32
93324|code|ADD             R4, SP, #0x30+var_2C|1-172
93326|code|BLX             __cxa_allocate_exception|251-247-4-237
93330|code|MOV             R6, R0|6-70
93332|code|BLX             __errno_location|251-247-212-238
93336|code|LDR             R0, [R0]; errnum|0-104
93338|code|BLX             strerror|251-247-16-237
93342|code|ADD             R2, SP, #0x30+var_24|3-170
93344|code|MOV             R1, R0|1-70
93346|code|MOV             R0, R4|32-70
93348|code|BLX             _ZNSsC1EPKcRKSaIcE; std::string::string(char const*,std::allocator<char> const&)|251-247-226-237
93352|code|MOV             R0, R6|48-70
93354|code|MOV             R1, R4|33-70
93356|code|BL              sub_15E40|255-247-200-248
93360|code|LDR             R2, =(_ZNSs4_Rep20_S_empty_rep_storageE_ptr - 0x2E000)|37-74
93362|code|LDR             R3, [SP,#0x30+var_2C]|1-155
93364|code|LDR             R2, [R5,R2]; _ZNSs4_Rep20_S_empty_rep_storageE_ptr ...|170-88
93366|code|SUB.W           R0, R3, #0xC|163-241-12-0
93370|code|CMP             R0, R2|144-66
93372|code|BNE             loc_16D28|52-209
93374|code|LDR             R2, =(_ZTIN5YAPET14YAPETExceptionE_ptr - 0x2E000)|35-74
93376|code|MOV             R0, R6; void *|48-70
93378|code|LDR             R3, =(off_2E21C - 0x2E000)|35-75
93380|code|LDR             R1, [R5,R2]; _ZTIN5YAPET14YAPETExceptionE_ptr ; lptinfo|169-88
93382|code|LDR             R2, [R5,R3]; YAPET::YAPETException::~YAPETException() ; void (__cdecl *)(void *)|234-88
93384|code|BLX             __cxa_throw|251-247-174-238
93388|code|MOV             R5, R0|5-70
93390|code|MOV             R0, R4; this|32-70
93392|code|MOV             R4, R1|12-70
93394|code|BLX             _ZNSt9exceptionD2Ev; std::exception::~exception()|251-247-212-238
93398|code|ADDS            R4, #3|3-52
93400|code|BNE.W           loc_16BC4|127-244-116-175
93404|code|MOV             R0, R5; void *|40-70
93406|code|BLX             __cxa_call_unexpected|251-247-234-237
93410|code|BLX             __cxa_call_unexpected|251-247-232-237
93414|code|MOV             R5, R0|5-70
93416|code|MOV             R6, R1|14-70
93418|code|MOV             R0, R4; void *|32-70
93420|code|BLX             _ZdlPv; operator delete(void *)|251-247-100-237
93424|code|MOV             R0, R5; void *|40-70
93426|code|MOV             R1, R6|49-70
93428|code|B               loc_16BBE|99-231
93430|code|MOV             R5, R0|5-70
93432|code|MOV             R6, R1|14-70
93434|code|MOV             R0, R4; void *|32-70
93436|code|BLX             __cxa_free_exception|251-247-22-237
93440|code|MOV             R0, R5|40-70
93442|code|MOV             R1, R6|49-70
93444|code|B               loc_16BBE|91-231
93446|code|ADD             R1, SP, #0x30+var_20|4-169
93448|code|BL              sub_12B78|251-247-54-255
93452|code|B               loc_16C78|180-231
93454|code|MOV             R4, R0|4-70
93456|code|MOV             R5, R1|13-70
93458|code|MOV             R0, R6; void *|48-70
93460|code|BLX             __cxa_free_exception|251-247-10-237
93464|code|MOV             R0, R4|32-70
93466|code|MOV             R1, R5|41-70
93468|code|B               loc_16BBE|79-231
93470|code|ADD             R1, SP, #0x30+var_20|4-169
93472|code|BL              sub_12B78|251-247-42-255
93476|code|B               loc_16C34|134-231
93478|code|B               loc_16D0E|242-231
93480|code|ADD             R1, SP, #0x30+var_20|4-169
93482|code|BL              sub_12B78|251-247-37-255
93486|code|B               loc_16CBE|198-231
93488|code|B               loc_16D0E|237-231
93490|data|ALIGN 4|0-191
93492|data|DCD _GLOBAL_OFFSET_TABLE_ - 0x16AE4|28-117-1-0
93496|data|DCD __stack_chk_guard_ptr - 0x2E000|208-1-0-0
93500|data|DCD aShortReadOnFil - 0x16B60; "Short read on file: "|56-86-0-0
93504|data|DCD aYapet - 0x16B66; "yapet"|14-81-0-0
93508|data|DCD _ZTVN5YAPET14YAPETExceptionE_ptr - 0x2E000|188-1-0-0
93512|data|DCD _ZNSs4_Rep20_S_empty_rep_storageE_ptr - 0x2E000|196-1-0-0
93516|data|DCD _ZTIN5YAPET14YAPETExceptionE_ptr - 0x2E000|200-1-0-0
93520|data|DCD off_2E21C - 0x2E000|28-2-0-0
93524|data|DCD __pthread_key_create_ptr - 0x2E000|236-1-0-0
93528|data|DCD aShortReadOnFil - 0x16C50; "Short read on file: "|72-85-0-0
93532|data|DCD aYapet - 0x16C56; "yapet"|30-80-0-0
93536|code|PUSH.W          {R4-R8,LR}|45-233-240-65
93540|code|SUB             SP, SP, #0x10|132-176
93542|code|LDR             R4, =(_GLOBAL_OFFSET_TABLE_ - 0x16D72)|86-76
93544|code|ADD             R7, SP, #0|0-175
93546|code|LDR             R3, =(__stack_chk_guard_ptr - 0x2E000)|86-75
93548|code|MOVS            R1, #0|0-33
93550|code|ADD             R4, PC; _GLOBAL_OFFSET_TABLE_|124-68
93552|code|MOV             R6, R0|6-70
93554|code|LDR             R5, [R4,R3]; __stack_chk_guard|229-88
93556|code|LDR             R3, [R5]|43-104
93558|code|STR             R3, [R7,#0x10+var_4]|251-96
93560|code|BL              sub_1688C|255-247-136-253
93564|code|SUB             SP, SP, #0x10|132-176
93566|code|LDR             R0, [R6]; fd|48-104
93568|code|MOVS            R2, #8; nbytes|8-34
93570|code|MOV             R1, SP; buf|105-70
93572|code|BLX             read|251-247-234-236
93576|code|ADDS            R3, R0, #1|67-28
93578|code|BEQ             loc_16DB4|19-208
93580|code|CMP             R0, #8|8-40
93582|code|BNE             loc_16E46|90-209
93584|code|MOV             R2, R0; n|2-70
93586|code|LDR             R0, =(aYapet10 - 0x16D9A); "YAPET1.0"|77-72
93588|code|MOV             R1, SP; s2|105-70
93590|code|ADD             R0, PC; "YAPET1.0"|120-68
93592|code|BLX             memcmp|251-247-100-238
93596|code|CBNZ            R0, loc_16E00|128-187
93598|code|MOV             R0, R6|48-70
93600|code|BL              sub_16AD4|255-247-152-254
93604|code|LDR             R2, [R7,#0x10+var_4]|250-104
93606|code|LDR             R3, [R5]|43-104
93608|code|CMP             R2, R3|154-66
93610|code|BNE             loc_16DFC|39-209
93612|code|ADDS            R7, #0x10|16-55
93614|code|MOV             SP, R7|189-70
93616|code|POP.W           {R4-R8,PC}|189-232-240-129
93620|code|MOVS            R0, #0xC; thrown_size|12-32
93622|code|BLX             __cxa_allocate_exception|251-247-112-236
93626|code|MOV             R6, R0|6-70
93628|code|BLX             __errno_location|251-247-64-238
93632|code|LDR             R0, [R0]; errnum|0-104
93634|code|BLX             strerror|251-247-124-236
93638|code|ADDS            R2, R7, #4|58-29
93640|code|MOV             R1, R0|1-70
93642|code|MOV             R0, R7|56-70
93644|code|BLX             _ZNSsC1EPKcRKSaIcE; std::string::string(char const*,std::allocator<char> const&)|251-247-78-237
93648|code|MOV             R0, R6|48-70
93650|code|MOV             R1, R7|57-70
93652|code|BL              sub_15E40|255-247-52-248
93656|code|LDR             R2, =(_ZNSs4_Rep20_S_empty_rep_storageE_ptr - 0x2E000)|60-74
93658|code|LDR             R3, [R7,#0x10+var_10]|59-104
93660|code|LDR             R2, [R4,R2]; _ZNSs4_Rep20_S_empty_rep_storageE_ptr ...|162-88
93662|code|SUB.W           R0, R3, #0xC|163-241-12-0
93666|code|CMP             R0, R2|144-66
93668|code|BNE             loc_16EA8|96-209
93670|code|LDR             R2, =(_ZTIN5YAPET14YAPETExceptionE_ptr - 0x2E000)|58-74
93672|code|MOV             R0, R6; void *|48-70
93674|code|LDR             R3, =(off_2E21C - 0x2E000)|58-75
93676|code|LDR             R1, [R4,R2]; _ZTIN5YAPET14YAPETExceptionE_ptr ; lptinfo|161-88
93678|code|LDR             R2, [R4,R3]; YAPET::YAPETException::~YAPETException() ; void (__cdecl *)(void *)|226-88
93680|code|BLX             __cxa_throw|251-247-26-238
93684|code|ADDS            R1, #1|1-49
93686|code|BEQ             loc_16E8A|72-208
93688|code|BLX             __cxa_end_cleanup|251-247-44-237
93692|code|BLX             __stack_chk_fail|251-247-36-237
93696|code|MOVS            R0, #0xC; thrown_size|12-32
93698|code|ADD.W           R5, R7, #8|7-241-8-5
93702|code|BLX             __cxa_allocate_exception|251-247-72-236
93706|code|LDR             R1, =(aFileTypeNotRec - 0x16E10); "File type not recognized"|51-73
93708|code|ADD             R1, PC; "File type not recognized"|121-68
93710|code|MOV             R6, R0|6-70
93712|code|LDR             R0, =(aYapet - 0x16E16); "yapet"|50-72
93714|code|ADD             R0, PC; "yapet"|120-68
93716|code|BLX             dgettext|251-247-86-238
93720|code|MOV             R2, R7|58-70
93722|code|MOV             R1, R0|1-70
93724|code|MOV             R0, R5|40-70
93726|code|BLX             _ZNSsC1EPKcRKSaIcE; std::string::string(char const*,std::allocator<char> const&)|251-247-38-237
93730|code|MOV             R0, R6|48-70
93732|code|MOV             R1, R5|41-70
93734|code|BL              sub_15E40|255-247-11-248
93738|code|LDR             R2, =(_ZNSs4_Rep20_S_empty_rep_storageE_ptr - 0x2E000)|40-74
93740|code|LDR             R3, [R7,#0x10+var_8]|187-104
93742|code|LDR             R2, [R4,R2]; _ZNSs4_Rep20_S_empty_rep_storageE_ptr ...|162-88
93744|code|SUB.W           R0, R3, #0xC|163-241-12-0
93748|code|CMP             R0, R2|144-66
93750|code|BNE             loc_16EB4|61-209
93752|code|LDR             R2, =(_ZTIN5YAPET14YAPETExceptionE_ptr - 0x2E000)|37-74
93754|code|MOV             R0, R6; void *|48-70
93756|code|LDR             R3, =(off_2E21C - 0x2E000)|37-75
93758|code|LDR             R1, [R4,R2]; _ZTIN5YAPET14YAPETExceptionE_ptr ; lptinfo|161-88
93760|code|LDR             R2, [R4,R3]; YAPET::YAPETException::~YAPETException() ; void (__cdecl *)(void *)|226-88
93762|code|BLX             __cxa_throw|251-247-242-237
93766|code|MOVS            R0, #0xC; thrown_size|12-32
93768|code|ADDS            R5, R7, #4|61-29
93770|code|BLX             __cxa_allocate_exception|251-247-38-236
93774|code|LDR             R1, =(aFileTypeNotRec - 0x16E54); "File type not recognized"|36-73
93776|code|ADD             R1, PC; "File type not recognized"|121-68
93778|code|MOV             R6, R0|6-70
93780|code|LDR             R0, =(aYapet - 0x16E5A); "yapet"|35-72
93782|code|ADD             R0, PC; "yapet"|120-68
93784|code|BLX             dgettext|251-247-52-238
93788|code|MOV             R2, R7|58-70
93790|code|MOV             R1, R0|1-70
93792|code|MOV             R0, R5|40-70
93794|code|BLX             _ZNSsC1EPKcRKSaIcE; std::string::string(char const*,std::allocator<char> const&)|251-247-4-237
93798|code|MOV             R0, R6|48-70
93800|code|MOV             R1, R5|41-70
93802|code|BL              sub_15E40|254-247-233-255
93806|code|LDR             R2, =(_ZNSs4_Rep20_S_empty_rep_storageE_ptr - 0x2E000)|23-74
93808|code|LDR             R3, [R7,#0x10+var_C]|123-104
93810|code|LDR             R2, [R4,R2]; _ZNSs4_Rep20_S_empty_rep_storageE_ptr ...|162-88
93812|code|SUB.W           R0, R3, #0xC|163-241-12-0
93816|code|CMP             R0, R2|144-66
93818|code|BNE             loc_16E8E|8-209
93820|code|LDR             R2, =(_ZTIN5YAPET14YAPETExceptionE_ptr - 0x2E000)|20-74
93822|code|MOV             R0, R6; void *|48-70
93824|code|LDR             R3, =(off_2E21C - 0x2E000)|20-75
93826|code|LDR             R1, [R4,R2]; _ZTIN5YAPET14YAPETExceptionE_ptr ; lptinfo|161-88
93828|code|LDR             R2, [R4,R3]; YAPET::YAPETException::~YAPETException() ; void (__cdecl *)(void *)|226-88
93830|code|BLX             __cxa_throw|251-247-208-237
93834|code|BLX             __cxa_call_unexpected|251-247-20-237
93838|code|ADD.W           R1, R7, #8|7-241-8-1
93842|code|BL              sub_12B78|251-247-113-254
93846|code|B               loc_16E7C|241-231
93848|code|MOV             R4, R0|4-70
93850|code|MOV             R5, R1|13-70
93852|code|MOV             R0, R6; void *|48-70
93854|code|BLX             __cxa_free_exception|251-247-70-236
93858|code|MOV             R0, R4; void *|32-70
93860|code|MOV             R1, R5|41-70
93862|code|B               loc_16DF4|165-231
93864|code|ADD.W           R1, R7, #8|7-241-8-1
93868|code|BL              sub_12B78|251-247-100-254
93872|code|B               loc_16DE6|153-231
93874|code|B               loc_16E98|241-231
93876|code|ADDS            R1, R7, #4|57-29
93878|code|BL              sub_12B78|251-247-95-254
93882|code|B               loc_16E38|189-231
93884|code|B               loc_16E98|236-231
93886|data|ALIGN 0x10|0-191
93888|data|DCD _GLOBAL_OFFSET_TABLE_ - 0x16D72|142-114-1-0
93892|data|DCD __stack_chk_guard_ptr - 0x2E000|208-1-0-0
93896|data|DCD aYapet10 - 0x16D9A; "YAPET1.0"|18-83-0-0
93900|data|DCD _ZNSs4_Rep20_S_empty_rep_storageE_ptr - 0x2E000|196-1-0-0
93904|data|DCD _ZTIN5YAPET14YAPETExceptionE_ptr - 0x2E000|200-1-0-0
93908|data|DCD off_2E21C - 0x2E000|28-2-0-0
93912|data|DCD aFileTypeNotRec - 0x16E10; "File type not recognized"|160-83-0-0
93916|data|DCD aYapet - 0x16E16; "yapet"|94-78-0-0
93920|data|DCD aFileTypeNotRec - 0x16E54; "File type not recognized"|92-83-0-0
93924|data|DCD aYapet - 0x16E5A; "yapet"|26-78-0-0
93928|code|PUSH.W          {R4-R8,LR}|45-233-240-65
93932|code|SUB             SP, SP, #0x18|134-176
93934|code|LDR             R7, =(_GLOBAL_OFFSET_TABLE_ - 0x16EFA)|137-79
93936|code|MOV             R5, R0|5-70
93938|code|LDR             R3, =(__stack_chk_guard_ptr - 0x2E000)|137-75
93940|code|MOV             R6, R1|14-70
93942|code|ADD             R7, PC; _GLOBAL_OFFSET_TABLE_|127-68
93944|code|LDR.W           R8, [R7,R3]; __stack_chk_guard|87-248-3-128
93948|code|LDR.W           R3, [R8]|216-248-0-48
93952|code|STR             R3, [SP,#0x30+var_1C]|5-147
93954|code|CBNZ            R2, loc_16F6A|146-187
93956|code|LDR             R3, [R6]|51-104
93958|code|MOVS            R4, #0|0-36
93960|code|ADD             R1, SP, #0x30+var_18|6-169
93962|code|LDR             R0, [R5]; fd|40-104
93964|code|UBFX.W          R2, R3, #8, #8|195-243-7-34
93968|code|BFI.W           R4, R3, #0x18, #8|99-243-31-100
93972|code|BFI.W           R4, R2, #0x10, #8|98-243-23-68
93976|code|UBFX.W          R2, R3, #0x10, #8|195-243-7-66
93980|code|BFI.W           R4, R2, #8, #8|98-243-15-36
93984|code|LSRS            R3, R3, #0x18|27-14
93986|code|BFI.W           R4, R3, #0, #8|99-243-7-4
93990|code|MOVS            R2, #4; n|4-34
93992|code|STR.W           R4, [R1,#-0x18]!; buf|65-248-24-77
93996|code|BLX             write|251-247-82-237
94000|code|ADDS            R2, R0, #1|66-28
94002|code|BEQ.W           loc_17096|0-240-176-128
94006|code|CMP             R0, #4|4-40
94008|code|BNE             loc_1700E|105-209
94010|code|LDR             R0, [R5]; fd|40-104
94012|code|LDR             R1, [R6,#4]; buf|113-104
94014|code|LDR             R2, [R6]; n|50-104
94016|code|BLX             write|251-247-72-237
94020|code|ADDS            R3, R0, #1|67-28
94022|code|BEQ.W           loc_17052|0-240-132-128
94026|code|LDR             R3, [R6]|51-104
94028|code|CMP             R0, R3|152-66
94030|code|BCC             loc_16FC2|56-211
94032|code|MOV             R0, R5|40-70
94034|code|BL              sub_15E80|254-247-149-255
94038|code|LDR             R2, [SP,#0x30+var_1C]|5-154
94040|code|LDR.W           R3, [R8]|216-248-0-48
94044|code|STRD.W          R0, R1, [R5,#8]|197-233-2-1
94048|code|CMP             R2, R3|154-66
94050|code|BNE             loc_16FBE|44-209
94052|code|ADD             SP, SP, #0x18|6-176
94054|code|POP.W           {R4-R8,PC}|189-232-240-129
94058|code|LDR             R0, [R0]; fd|0-104
94060|code|MOVS            R1, #0; offset|0-33
94062|code|MOVS            R2, #2; whence|2-34
94064|code|BLX             lseek|251-247-190-236
94068|code|ADDS            R0, #1|1-48
94070|code|BNE             loc_16F04|197-209
94072|code|MOVS            R0, #0xC; thrown_size|12-32
94074|code|BLX             __cxa_allocate_exception|251-247-142-235
94078|code|MOV             R6, R0|6-70
94080|code|BLX             __errno_location|251-247-94-237
94084|code|LDR             R0, [R0]; errnum|0-104
94086|code|BLX             strerror|251-247-154-235
94090|code|ADD             R2, SP, #0x30+var_24|3-170
94092|code|MOV             R1, R0|1-70
94094|code|MOV             R0, SP|104-70
94096|code|BLX             _ZNSsC1EPKcRKSaIcE; std::string::string(char const*,std::allocator<char> const&)|251-247-108-236
94100|code|MOV             R0, R6|48-70
94102|code|MOV             R1, SP|105-70
94104|code|BL              sub_15E40|254-247-82-255
94108|code|LDR             R2, =(_ZNSs4_Rep20_S_empty_rep_storageE_ptr - 0x2E000)|95-74
94110|code|LDR             R3, [SP,#0x30+var_30]|0-155
94112|code|LDR             R2, [R7,R2]; _ZNSs4_Rep20_S_empty_rep_storageE_ptr ...|186-88
94114|code|SUB.W           R0, R3, #0xC|163-241-12-0
94118|code|CMP             R0, R2|144-66
94120|code|BEQ             loc_16FB0|2-208
94122|code|ADD             R1, SP, #0x30+var_20|4-169
94124|code|BL              sub_12B78|251-247-228-253
94128|code|LDR             R2, =(_ZTIN5YAPET14YAPETExceptionE_ptr - 0x2E000)|91-74
94130|code|MOV             R0, R6; void *|48-70
94132|code|LDR             R3, =(off_2E21C - 0x2E000)|91-75
94134|code|LDR             R1, [R7,R2]; _ZTIN5YAPET14YAPETExceptionE_ptr ; lptinfo|185-88
94136|code|LDR             R2, [R7,R3]; YAPET::YAPETException::~YAPETException() ; void (__cdecl *)(void *)|250-88
94138|code|BLX             __cxa_throw|251-247-54-237
94142|code|BLX             __stack_chk_fail|251-247-68-236
94146|code|MOVS            R0, #0xC; thrown_size|12-32
94148|code|ADD             R4, SP, #0x30+var_20|4-172
94150|code|BLX             __cxa_allocate_exception|251-247-104-235
94154|code|LDR             R1, =(aShortWriteOnFi - 0x16FD0); "Short write on file: "|87-73
94156|code|ADD             R1, PC; "Short write on file: "|121-68
94158|code|MOV             R6, R0|6-70
94160|code|LDR             R0, =(aYapet - 0x16FD6); "yapet"|86-72
94162|code|ADD             R0, PC; "yapet"|120-68
94164|code|BLX             dgettext|251-247-118-237
94168|code|ADDS            R2, R5, #4|42-29
94170|code|MOV             R1, R0|1-70
94172|code|MOV             R0, R4|32-70
94174|code|BL              _ZStplIcSt11char_traitsIcESaIcEESbIT_T0_T1_EPKS3_RKS6_; std::operator+<char,std::char_traits<char>,std::allocator<char>>(char const*,std::basic_string<char,std::char_traits<char>,std::allocator<char>> const&)|254-247-59-249
94178|code|MOV             R0, R6|48-70
94180|code|MOV             R1, R4|33-70
94182|code|BL              sub_15E40|254-247-43-255
94186|code|LDR             R2, =(_ZNSs4_Rep20_S_empty_rep_storageE_ptr - 0x2E000)|76-74
94188|code|LDR             R3, [SP,#0x30+var_20]|4-155
94190|code|LDR             R2, [R7,R2]; _ZNSs4_Rep20_S_empty_rep_storageE_ptr ...|186-88
94192|code|SUB.W           R0, R3, #0xC|163-241-12-0
94196|code|CMP             R0, R2|144-66
94198|code|BNE             loc_170D8|111-209
94200|code|LDR             R2, =(_ZTIN5YAPET14YAPETExceptionE_ptr - 0x2E000)|73-74
94202|code|MOV             R0, R6; void *|48-70
94204|code|LDR             R3, =(off_2E21C - 0x2E000)|73-75
94206|code|LDR             R1, [R7,R2]; _ZTIN5YAPET14YAPETExceptionE_ptr ; lptinfo|185-88
94208|code|LDR             R2, [R7,R3]; YAPET::YAPETException::~YAPETException() ; void (__cdecl *)(void *)|250-88
94210|code|BLX             __cxa_throw|251-247-18-237
94214|code|ADDS            R1, #1|1-49
94216|code|BEQ             loc_17106|125-208
94218|code|BLX             __cxa_end_cleanup|251-247-36-236
94222|code|MOVS            R0, #0xC; thrown_size|12-32
94224|code|ADD             R4, SP, #0x30+var_28|2-172
94226|code|BLX             __cxa_allocate_exception|251-247-66-235
94230|code|LDR             R1, =(aShortWriteOnFi - 0x1701C); "Short write on file: "|70-73
94232|code|ADD             R1, PC; "Short write on file: "|121-68
94234|code|MOV             R6, R0|6-70
94236|code|LDR             R0, =(aYapet - 0x17022); "yapet"|69-72
94238|code|ADD             R0, PC; "yapet"|120-68
94240|code|BLX             dgettext|251-247-80-237
94244|code|ADDS            R2, R5, #4|42-29
94246|code|MOV             R1, R0|1-70
94248|code|MOV             R0, R4|32-70
94250|code|BL              _ZStplIcSt11char_traitsIcESaIcEESbIT_T0_T1_EPKS3_RKS6_; std::operator+<char,std::char_traits<char>,std::allocator<char>>(char const*,std::basic_string<char,std::char_traits<char>,std::allocator<char>> const&)|254-247-21-249
94254|code|MOV             R0, R6|48-70
94256|code|MOV             R1, R4|33-70
94258|code|BL              sub_15E40|254-247-5-255
94262|code|LDR             R2, =(_ZNSs4_Rep20_S_empty_rep_storageE_ptr - 0x2E000)|57-74
94264|code|LDR             R3, [SP,#0x30+var_28]|2-155
94266|code|LDR             R2, [R7,R2]; _ZNSs4_Rep20_S_empty_rep_storageE_ptr ...|186-88
94268|code|SUB.W           R0, R3, #0xC|163-241-12-0
94272|code|CMP             R0, R2|144-66
94274|code|BNE             loc_170F0|85-209
94276|code|LDR             R2, =(_ZTIN5YAPET14YAPETExceptionE_ptr - 0x2E000)|54-74
94278|code|MOV             R0, R6; void *|48-70
94280|code|LDR             R3, =(off_2E21C - 0x2E000)|54-75
94282|code|LDR             R1, [R7,R2]; _ZTIN5YAPET14YAPETExceptionE_ptr ; lptinfo|185-88
94284|code|LDR             R2, [R7,R3]; YAPET::YAPETException::~YAPETException() ; void (__cdecl *)(void *)|250-88
94286|code|BLX             __cxa_throw|251-247-236-236
94290|code|MOVS            R0, #0xC; thrown_size|12-32
94292|code|ADD.W           R4, SP, R0|13-235-0-4
94296|code|BLX             __cxa_allocate_exception|251-247-30-235
94300|code|MOV             R6, R0|6-70
94302|code|BLX             __errno_location|251-247-240-236
94306|code|LDR             R0, [R0]; errnum|0-104
94308|code|BLX             strerror|251-247-42-235
94312|code|ADD             R2, SP, #0x30+var_28|2-170
94314|code|MOV             R1, R0|1-70
94316|code|MOV             R0, R4|32-70
94318|code|BLX             _ZNSsC1EPKcRKSaIcE; std::string::string(char const*,std::allocator<char> const&)|251-247-254-235
94322|code|MOV             R0, R6|48-70
94324|code|MOV             R1, R4|33-70
94326|code|BL              sub_15E40|254-247-227-254
94330|code|LDR             R2, =(_ZNSs4_Rep20_S_empty_rep_storageE_ptr - 0x2E000)|40-74
94332|code|LDR             R3, [SP,#0x30+var_24]|3-155
94334|code|LDR             R2, [R7,R2]; _ZNSs4_Rep20_S_empty_rep_storageE_ptr ...|186-88
94336|code|SUB.W           R0, R3, #0xC|163-241-12-0
94340|code|CMP             R0, R2|144-66
94342|code|BNE             loc_170FA|56-209
94344|code|LDR             R2, =(_ZTIN5YAPET14YAPETExceptionE_ptr - 0x2E000)|37-74
94346|code|MOV             R0, R6; void *|48-70
94348|code|LDR             R3, =(off_2E21C - 0x2E000)|37-75
94350|code|LDR             R1, [R7,R2]; _ZTIN5YAPET14YAPETExceptionE_ptr ; lptinfo|185-88
94352|code|LDR             R2, [R7,R3]; YAPET::YAPETException::~YAPETException() ; void (__cdecl *)(void *)|250-88
94354|code|BLX             __cxa_throw|251-247-202-236
94358|code|MOVS            R0, #0xC; thrown_size|12-32
94360|code|ADD             R4, SP, #0x30+var_2C|1-172
94362|code|BLX             __cxa_allocate_exception|251-247-254-234
94366|code|MOV             R6, R0|6-70
94368|code|BLX             __errno_location|251-247-206-236
94372|code|LDR             R0, [R0]; errnum|0-104
94374|code|BLX             strerror|251-247-10-235
94378|code|ADD             R2, SP, #0x30+var_24|3-170
94380|code|MOV             R1, R0|1-70
94382|code|MOV             R0, R4|32-70
94384|code|BLX             _ZNSsC1EPKcRKSaIcE; std::string::string(char const*,std::allocator<char> const&)|251-247-220-235
94388|code|MOV             R0, R6|48-70
94390|code|MOV             R1, R4|33-70
94392|code|BL              sub_15E40|254-247-194-254
94396|code|LDR             R2, =(_ZNSs4_Rep20_S_empty_rep_storageE_ptr - 0x2E000)|23-74
94398|code|LDR             R3, [SP,#0x30+var_2C]|1-155
94400|code|LDR             R2, [R7,R2]; _ZNSs4_Rep20_S_empty_rep_storageE_ptr ...|186-88
94402|code|SUB.W           R0, R3, #0xC|163-241-12-0
94406|code|CMP             R0, R2|144-66
94408|code|BNE             loc_1710A|31-209
94410|code|LDR             R2, =(_ZTIN5YAPET14YAPETExceptionE_ptr - 0x2E000)|21-74
94412|code|MOV             R0, R6; void *|48-70
94414|code|LDR             R3, =(off_2E21C - 0x2E000)|21-75
94416|code|LDR             R1, [R7,R2]; _ZTIN5YAPET14YAPETExceptionE_ptr ; lptinfo|185-88
94418|code|LDR             R2, [R7,R3]; YAPET::YAPETException::~YAPETException() ; void (__cdecl *)(void *)|250-88
94420|code|BLX             __cxa_throw|251-247-168-236
94424|code|ADD             R1, SP, #0x30+var_24|3-169
94426|code|BL              sub_12B78|251-247-77-253
94430|code|B               loc_16FF8|139-231
94432|code|MOV             R4, R0|4-70
94434|code|MOV             R5, R1|13-70
94436|code|MOV             R0, R6; void *|48-70
94438|code|BLX             __cxa_free_exception|251-247-34-235
94442|code|MOV             R0, R4; void *|32-70
94444|code|MOV             R1, R5|41-70
94446|code|B               loc_17006|138-231
94448|code|ADD             R1, SP, #0x30+var_20|4-169
94450|code|BL              sub_12B78|251-247-65-253
94454|code|B               loc_17044|165-231
94456|code|B               loc_170E0|242-231
94458|code|ADD             R1, SP, #0x30+var_20|4-169
94460|code|BL              sub_12B78|251-247-60-253
94464|code|B               loc_17088|194-231
94466|code|B               loc_170E0|237-231
94468|code|B               loc_170E0|236-231
94470|code|BLX             __cxa_call_unexpected|251-247-214-235
94474|code|ADD             R1, SP, #0x30+var_20|4-169
94476|code|BL              sub_12B78|251-247-52-253
94480|code|B               loc_170CA|219-231
94482|code|B               loc_170E0|229-231
94484|data|DCD _GLOBAL_OFFSET_TABLE_ - 0x16EFA|6-113-1-0
94488|data|DCD __stack_chk_guard_ptr - 0x2E000|208-1-0-0
94492|data|DCD _ZNSs4_Rep20_S_empty_rep_storageE_ptr - 0x2E000|196-1-0-0
94496|data|DCD _ZTIN5YAPET14YAPETExceptionE_ptr - 0x2E000|200-1-0-0
94500|data|DCD off_2E21C - 0x2E000|28-2-0-0
94504|data|DCD aShortWriteOnFi - 0x16FD0; "Short write on file: "|252-81-0-0
94508|data|DCD aYapet - 0x16FD6; "yapet"|158-76-0-0
94512|data|DCD aShortWriteOnFi - 0x1701C; "Short write on file: "|176-81-0-0
94516|data|DCD aYapet - 0x17022; "yapet"|82-76-0-0
94520|code|PUSH            {R4-R7,LR}|240-181
94522|code|SUB             SP, SP, #0x14|133-176
94524|code|LDR             R5, =(_GLOBAL_OFFSET_TABLE_ - 0x17148)|64-77
94526|code|MOV             R7, R1|15-70
94528|code|LDR             R3, =(__stack_chk_guard_ptr - 0x2E000)|64-75
94530|code|MOVS            R1, #0|0-33
94532|code|ADD             R5, PC; _GLOBAL_OFFSET_TABLE_|125-68
94534|code|MOV             R4, R0|4-70
94536|code|LDR             R6, [R5,R3]; __stack_chk_guard|238-88
94538|code|LDR             R3, [R6]|51-104
94540|code|STR             R3, [SP,#0x28+var_1C]|3-147
94542|code|BL              sub_1688C|255-247-157-251
94546|code|LDR             R1, =(aYapet10 - 0x1715C); "YAPET1.0"|61-73
94548|code|MOVS            R2, #8; n|8-34
94550|code|LDR             R0, [R4]; fd|32-104
94552|code|ADD             R1, PC; "YAPET1.0"|121-68
94554|code|BLX             write|251-247-60-236
94558|code|ADDS            R3, R0, #1|67-28
94560|code|BEQ             loc_17186|17-208
94562|code|CMP             R0, #8|8-40
94564|code|BNE             loc_171D4|54-209
94566|code|MOV             R0, R4|32-70
94568|code|BL              sub_15E80|254-247-138-254
94572|code|STRD.W          R0, R1, [R4,#8]|196-233-2-1
94576|code|MOVS            R2, #0|0-34
94578|code|MOV             R0, R4|32-70
94580|code|MOV             R1, R7|57-70
94582|code|BL              sub_16EE8|255-247-183-254
94586|code|LDR             R2, [SP,#0x28+var_1C]|3-154
94588|code|LDR             R3, [R6]|51-104
94590|code|CMP             R2, R3|154-66
94592|code|BNE             loc_171D0|38-209
94594|code|ADD             SP, SP, #0x14|5-176
94596|code|POP             {R4-R7,PC}|240-189
94598|code|MOVS            R0, #0xC; thrown_size|12-32
94600|code|ADD             R4, SP, #0x28+var_24|1-172
94602|code|BLX             __cxa_allocate_exception|251-247-134-234
94606|code|MOV             R6, R0|6-70
94608|code|BLX             __errno_location|251-247-86-236
94612|code|LDR             R0, [R0]; errnum|0-104
94614|code|BLX             strerror|251-247-146-234
94618|code|MOV             R2, SP|106-70
94620|code|MOV             R1, R0|1-70
94622|code|MOV             R0, R4|32-70
94624|code|BLX             _ZNSsC1EPKcRKSaIcE; std::string::string(char const*,std::allocator<char> const&)|251-247-100-235
94628|code|MOV             R0, R6|48-70
94630|code|MOV             R1, R4|33-70
94632|code|BL              sub_15E40|254-247-74-254
94636|code|LDR             R2, =(_ZNSs4_Rep20_S_empty_rep_storageE_ptr - 0x2E000)|39-74
94638|code|LDR             R3, [SP,#0x28+var_24]|1-155
94640|code|LDR             R2, [R5,R2]; _ZNSs4_Rep20_S_empty_rep_storageE_ptr ...|170-88
94642|code|SUB.W           R0, R3, #0xC|163-241-12-0
94646|code|CMP             R0, R2|144-66
94648|code|BNE             loc_17234|60-209
94650|code|LDR             R2, =(_ZTIN5YAPET14YAPETExceptionE_ptr - 0x2E000)|37-74
94652|code|MOV             R0, R6; void *|48-70
94654|code|LDR             R3, =(off_2E21C - 0x2E000)|37-75
94656|code|LDR             R1, [R5,R2]; _ZTIN5YAPET14YAPETExceptionE_ptr ; lptinfo|169-88
94658|code|LDR             R2, [R5,R3]; YAPET::YAPETException::~YAPETException() ; void (__cdecl *)(void *)|234-88
94660|code|BLX             __cxa_throw|251-247-48-236
94664|code|ADDS            R1, #1|1-49
94666|code|BEQ             loc_17218|37-208
94668|code|BLX             __cxa_end_cleanup|251-247-66-235
94672|code|BLX             __stack_chk_fail|251-247-58-235
94676|code|MOVS            R0, #0xC; thrown_size|12-32
94678|code|ADD             R7, SP, #0x28+var_20|2-175
94680|code|BLX             __cxa_allocate_exception|251-247-94-234
94684|code|LDR             R1, =(aShortWriteOnFi - 0x171E2); "Short write on file: "|30-73
94686|code|ADD             R1, PC; "Short write on file: "|121-68
94688|code|MOV             R6, R0|6-70
94690|code|LDR             R0, =(aYapet - 0x171E8); "yapet"|30-72
94692|code|ADD             R0, PC; "yapet"|120-68
94694|code|BLX             dgettext|251-247-110-236
94698|code|ADDS            R2, R4, #4|34-29
94700|code|MOV             R1, R0|1-70
94702|code|MOV             R0, R7|56-70
94704|code|BL              _ZStplIcSt11char_traitsIcESaIcEESbIT_T0_T1_EPKS3_RKS6_; std::operator+<char,std::char_traits<char>,std::allocator<char>>(char const*,std::basic_string<char,std::char_traits<char>,std::allocator<char>> const&)|254-247-50-248
94708|code|MOV             R0, R6|48-70
94710|code|MOV             R1, R7|57-70
94712|code|BL              sub_15E40|254-247-34-254
94716|code|LDR             R2, =(_ZNSs4_Rep20_S_empty_rep_storageE_ptr - 0x2E000)|19-74
94718|code|LDR             R3, [SP,#0x28+var_20]|2-155
94720|code|LDR             R2, [R5,R2]; _ZNSs4_Rep20_S_empty_rep_storageE_ptr ...|170-88
94722|code|SUB.W           R0, R3, #0xC|163-241-12-0
94726|code|CMP             R0, R2|144-66
94728|code|BNE             loc_1721C|8-209
94730|code|LDR             R2, =(_ZTIN5YAPET14YAPETExceptionE_ptr - 0x2E000)|17-74
94732|code|MOV             R0, R6; void *|48-70
94734|code|LDR             R3, =(off_2E21C - 0x2E000)|17-75
94736|code|LDR             R1, [R5,R2]; _ZTIN5YAPET14YAPETExceptionE_ptr ; lptinfo|169-88
94738|code|LDR             R2, [R5,R3]; YAPET::YAPETException::~YAPETException() ; void (__cdecl *)(void *)|234-88
94740|code|BLX             __cxa_throw|251-247-8-236
94744|code|BLX             __cxa_call_unexpected|251-247-76-235
94748|code|ADD             R1, SP, #0x28+var_24|1-169
94750|code|BL              sub_12B78|251-247-171-252
94754|code|B               loc_1720A|242-231
94756|code|MOV             R4, R0|4-70
94758|code|MOV             R5, R1|13-70
94760|code|MOV             R0, R6; void *|48-70
94762|code|BLX             __cxa_free_exception|251-247-128-234
94766|code|MOV             R0, R4; void *|32-70
94768|code|MOV             R1, R5|41-70
94770|code|B               loc_171C8|201-231
94772|code|ADD             R1, SP, #0x28+var_20|2-169
94774|code|BL              sub_12B78|251-247-159-252
94778|code|B               loc_171BA|190-231
94780|code|B               loc_17224|242-231
94782|data|ALIGN 0x10|0-191
94784|data|DCD _GLOBAL_OFFSET_TABLE_ - 0x17148|184-110-1-0
94788|data|DCD __stack_chk_guard_ptr - 0x2E000|208-1-0-0
94792|data|DCD aYapet10 - 0x1715C; "YAPET1.0"|80-79-0-0
94796|data|DCD _ZNSs4_Rep20_S_empty_rep_storageE_ptr - 0x2E000|196-1-0-0
94800|data|DCD _ZTIN5YAPET14YAPETExceptionE_ptr - 0x2E000|200-1-0-0
94804|data|DCD off_2E21C - 0x2E000|28-2-0-0
94808|data|DCD aShortWriteOnFi - 0x171E2; "Short write on file: "|234-79-0-0
94812|data|DCD aYapet - 0x171E8; "yapet"|140-74-0-0
94816|code|PUSH            {R3-R5,LR}|56-181
94818|code|MOV             R4, R0|4-70
94820|code|BL              sub_16D60|255-247-124-253
94824|code|MOV             R5, R0|5-70
94826|code|LDR             R0, [R4]; fd|32-104
94828|code|BLX             close|251-247-112-234
94832|code|MOV             R0, R4|32-70
94834|code|BL              sub_16514|255-247-79-249
94838|code|MOV             R0, R4|32-70
94840|code|BL              sub_15E80|254-247-2-254
94844|code|STRD.W          R0, R1, [R4,#8]|196-233-2-1
94848|code|MOV             R0, R4|32-70
94850|code|MOV             R1, R5|41-70
94852|code|BL              sub_17138|255-247-88-255
94856|code|CBZ             R5, locret_1729A|61-177
94858|code|MOV             R0, R5|40-70
94860|code|BL              sub_1AC38|3-240-212-252
94864|code|MOV             R0, R5; void *|40-70
94866|code|POP.W           {R3-R5,LR}|189-232-56-64
94870|code|B.W             j__ZdlPv; operator delete(void *)|251-247-141-186
94874|code|POP             {R3-R5,PC}|56-189
94876|code|CMP             R1, #1|1-41
94878|code|BNE             loc_172B6|10-209
94880|code|BLX             __cxa_begin_catch|251-247-226-233
94884|code|CBZ             R5, loc_172B2|45-177
94886|code|MOV             R0, R5|40-70
94888|code|BL              sub_1AC38|3-240-198-252
94892|code|MOV             R0, R5; void *|40-70
94894|code|BLX             _ZdlPv; operator delete(void *)|251-247-132-234
94898|code|BLX             __cxa_rethrow|251-247-78-235
94902|code|ADDS            R1, #1|1-49
94904|code|BEQ             loc_172CC|8-208
94906|code|BLX             __cxa_end_cleanup|251-247-204-234
94910|code|MOV             R5, R0|5-70
94912|code|MOV             R4, R1|12-70
94914|code|BLX             __cxa_end_catch|251-247-142-235
94918|code|MOV             R0, R5; void *|40-70
94920|code|MOV             R1, R4|33-70
94922|code|B               loc_172B6|244-231
94924|code|BLX             __cxa_call_unexpected|251-247-242-234
94928|code|PUSH.W          {R4-R10,LR}|45-233-240-71
94932|code|SUB             SP, SP, #0x10|132-176
94934|code|LDR.W           R10, =(_GLOBAL_OFFSET_TABLE_ - 0x172E4)|223-248-208-160
94938|code|MOV             R5, R0|5-70
94940|code|LDR             R3, =(__stack_chk_guard_ptr - 0x2E000)|51-75
94942|code|MOV             R6, R1|14-70
94944|code|ADD             R10, PC; _GLOBAL_OFFSET_TABLE_|250-68
94946|code|MOV             R4, R2|20-70
94948|code|LDRD.W          R8, R9, [R0,#8]|208-233-2-137
94952|code|LDR.W           R7, [R10,R3]; __stack_chk_guard|90-248-3-112
94956|code|LDR             R3, [R7]|59-104
94958|code|STR             R3, [SP,#0x30+var_24]|3-147
94960|code|BL              sub_15E80|254-247-198-253
94964|code|CMP             R9, R1|137-69
94966|code|IT EQ|8-191
94968|code|CMPEQ           R8, R0|128-69
94970|code|IT EQ|8-191
94972|code|ORREQ.W         R4, R4, #1|68-240-1-4
94976|code|CBNZ            R4, loc_17350|52-187
94978|code|MOVS            R0, #0xC; thrown_size|12-32
94980|code|ADD             R4, SP, #0x30+var_28|2-172
94982|code|BLX             __cxa_allocate_exception|251-247-200-233
94986|code|LDR             R1, =(aFileHasBeenExt - 0x17310); "File has been externally modified"|41-73
94988|code|ADD             R1, PC; "File has been externally modified"|121-68
94990|code|MOV             R5, R0|5-70
94992|code|LDR             R0, =(aYapet - 0x17316); "yapet"|40-72
94994|code|ADD             R0, PC; "yapet"|120-68
94996|code|BLX             dgettext|251-247-214-235
95000|code|MOV             R2, SP|106-70
95002|code|MOV             R1, R0|1-70
95004|code|MOV             R0, R4|32-70
95006|code|BLX             _ZNSsC1EPKcRKSaIcE; std::string::string(char const*,std::allocator<char> const&)|251-247-166-234
95010|code|MOV             R1, R4|33-70
95012|code|MOV             R0, R5|40-70
95014|code|BL              sub_19120|1-240-251-254
95018|code|LDR             R3, =(_ZNSs4_Rep20_S_empty_rep_storageE_ptr - 0x2E000)|35-75
95020|code|LDR             R0, [SP,#0x30+var_28]|2-152
95022|code|LDR.W           R3, [R10,R3]; _ZNSs4_Rep20_S_empty_rep_storageE_ptr ...|90-248-3-48
95026|code|SUBS            R0, #0xC|12-56
95028|code|CMP             R0, R3|152-66
95030|code|BEQ             loc_1733E|2-208
95032|code|ADD             R1, SP, #0x30+var_2C|1-169
95034|code|BL              sub_12B78|251-247-29-252
95038|code|LDR             R2, =(_ZTIN5YAPET19YAPETRetryExceptionE_ptr - 0x2E000)|31-74
95040|code|MOV             R0, R5; void *|40-70
95042|code|LDR             R3, =(off_2E1F8 - 0x2E000)|31-75
95044|code|LDR.W           R1, [R10,R2]; _ZTIN5YAPET19YAPETRetryExceptionE_ptr ; lptinfo|90-248-2-16
95048|code|LDR.W           R2, [R10,R3]; YAPET::YAPETRetryException::~YAPETRetryException() ; void (__cdecl *)(void *)|90-248-3-32
95052|code|BLX             __cxa_throw|251-247-108-235
95056|code|LDRB            R3, [R5,#0x10]|43-124
95058|code|CBNZ            R3, loc_17380|171-185
95060|code|MOV             R0, R5|40-70
95062|code|BL              sub_17260|255-247-131-255
95066|code|LDR             R4, [R6]|52-104
95068|code|CMP             R4, R6|180-66
95070|code|BEQ             loc_17372|8-208
95072|code|MOV             R0, R5|40-70
95074|code|ADD.W           R1, R4, #0x88|4-241-136-1
95078|code|MOVS            R2, #0|0-34
95080|code|BL              sub_16EE8|255-247-190-253
95084|code|LDR             R4, [R4]|36-104
95086|code|CMP             R6, R4|166-66
95088|code|BNE             loc_17360|246-209
95090|code|LDR             R2, [SP,#0x30+var_24]|3-154
95092|code|LDR             R3, [R7]|59-104
95094|code|CMP             R2, R3|154-66
95096|code|BNE             loc_17390|10-209
95098|code|ADD             SP, SP, #0x10|4-176
95100|code|POP.W           {R4-R10,PC}|189-232-240-135
95104|code|MOV             R0, R5|40-70
95106|code|BL              sub_166A8|255-247-145-249
95110|code|B               loc_17354|229-231
95112|code|ADDS            R1, #1|1-49
95114|code|BEQ             loc_173A4|11-208
95116|code|BLX             __cxa_end_cleanup|251-247-98-234
95120|code|BLX             __stack_chk_fail|251-247-90-234
95124|code|MOV             R4, R0|4-70
95126|code|MOV             R6, R1|14-70
95128|code|MOV             R0, R5; void *|40-70
95130|code|BLX             __cxa_free_exception|251-247-200-233
95134|code|MOV             R0, R4; void *|32-70
95136|code|MOV             R1, R6|49-70
95138|code|B               loc_17388|241-231
95140|code|BLX             __cxa_call_unexpected|251-247-134-234
95144|data|DCD _GLOBAL_OFFSET_TABLE_ - 0x172E4|28-109-1-0
95148|data|DCD __stack_chk_guard_ptr - 0x2E000|208-1-0-0
95152|data|DCD aFileHasBeenExt - 0x17310; "File has been externally modified"|212-78-0-0
95156|data|DCD aYapet - 0x17316; "yapet"|94-73-0-0
95160|data|DCD _ZNSs4_Rep20_S_empty_rep_storageE_ptr - 0x2E000|196-1-0-0
95164|data|DCD _ZTIN5YAPET19YAPETRetryExceptionE_ptr - 0x2E000|220-1-0-0
95168|data|DCD off_2E1F8 - 0x2E000|248-1-0-0
95172|code|PUSH.W          {R4-R11,LR}|45-233-240-79
95176|code|SUB             SP, SP, #0x10C|195-176
95178|code|LDR.W           R4, =(_GLOBAL_OFFSET_TABLE_ - 0x173DA)|223-248-252-68
95182|code|MOV             R8, R0|128-70
95184|code|LDR.W           R3, =(__stack_chk_guard_ptr - 0x2E000)|223-248-248-52
95188|code|MOV             R7, R1|15-70
95190|code|ADD             R4, PC; _GLOBAL_OFFSET_TABLE_|124-68
95192|code|ADD             R0, SP, #0x130+var_104|11-168
95194|code|MOV             R1, R2|17-70
95196|code|LDR.W           R10, [R4,R3]; __stack_chk_guard|84-248-3-160
95200|code|LDR.W           R3, [R10]|218-248-0-48
95204|code|STR             R3, [SP,#0x130+var_2C]|65-147
95206|code|BL              sub_1A8E0|3-240-123-250
95210|code|LDR             R3, [SP,#0x130+var_100]|12-155
95212|code|CMP             R3, #8|8-43
95214|code|BNE.W           loc_17744|64-240-169-129
95218|code|ADD             R5, SP, #0x130+var_B8|30-173
95220|code|ADD.W           R9, SP, #0x130+var_F8|13-241-56-9
95224|code|MOV             R0, R5|40-70
95226|code|BLX             EVP_CIPHER_CTX_init|251-247-196-233
95230|code|ADD.W           R9, SP, #0x130+var_F8|13-241-56-9
95234|code|ADD             R2, SP, #0x130+var_C0|28-170
95236|code|LDR             R1, [SP,#0x130+var_104]|11-153
95238|code|MOV             R0, R5|40-70
95240|code|STR             R2, [SP,#0x130+var_130]|0-146
95242|code|MOV             R3, R9|75-70
95244|code|MOVS            R2, #0|0-34
95246|code|BLX             EVP_EncryptInit_ex|251-247-208-234
95250|code|CMP             R0, #0|0-40
95252|code|BEQ.W           loc_176AE|0-240-75-129
95256|code|MOV             R0, R5|40-70
95258|code|MOVS            R1, #0x38 ; '8'|56-33
95260|code|BLX             EVP_CIPHER_CTX_set_key_length|251-247-146-234
95264|code|CMP             R0, #0|0-40
95266|code|BEQ.W           loc_176FA|0-240-106-129
95270|code|LDR             R1, [R7,#4]|121-104
95272|code|MOVS            R0, #8; unsigned int|8-32
95274|code|ADD.W           R11, R1, #0x20 ; ' '|1-241-32-11
95278|code|BLX             _Znwj; operator new(uint)|251-247-208-232
95282|code|MOV             R1, R11|89-70
95284|code|MOV             R6, R0|6-70
95286|code|BL              sub_1ABDC|3-240-209-251
95290|code|LDR             R3, [R7,#8]|187-104
95292|code|MOV             R0, R5|40-70
95294|code|LDR             R7, [R7,#4]|127-104
95296|code|ADD             R2, SP, #0x130+var_110|8-170
95298|code|LDR             R1, [R6,#4]|113-104
95300|code|STR             R7, [SP,#0x130+var_130]|0-151
95302|code|BLX             EVP_EncryptUpdate|251-247-108-233
95306|code|CMP             R0, #0|0-40
95308|code|BEQ             loc_174F6|83-208
95310|code|MOV             R0, R6|48-70
95312|code|LDR             R1, [SP,#0x130+var_110]|8-153
95314|code|BL              sub_1AC90|3-240-29-252
95318|code|MOV             R1, R0|1-70
95320|code|ADD             R2, SP, #0x130+var_10C|9-170
95322|code|MOV             R0, R5|40-70
95324|code|BLX             EVP_EncryptFinal_ex|251-247-16-233
95328|code|CMP             R0, #0|0-40
95330|code|BNE.W           loc_17578|64-240-137-128
95334|code|MOV             R0, R5|40-70
95336|code|BLX             EVP_CIPHER_CTX_cleanup|251-247-18-234
95340|code|MOV             R0, R6|48-70
95342|code|BL              sub_1AC38|3-240-227-251
95346|code|MOV             R0, R6; void *|48-70
95348|code|ADD             R7, SP, #0x130+var_118|6-175
95350|code|BLX             _ZdlPv; operator delete(void *)|251-247-160-233
95354|code|MOVS            R0, #0xC; thrown_size|12-32
95356|code|BLX             __cxa_allocate_exception|251-247-12-233
95360|code|LDR.W           R1, =(aErrorFinalizin - 0x17488); "Error finalizing encryption"|223-248-76-20
95364|code|ADD             R1, PC; "Error finalizing encryption"|121-68
95366|code|MOV             R5, R0|5-70
95368|code|LDR.W           R0, =(aYapet - 0x17490); "yapet"|223-248-72-4
95372|code|ADD             R0, PC; "yapet"|120-68
95374|code|BLX             dgettext|251-247-26-235
95378|code|ADD             R2, SP, #0x130+var_11C|5-170
95380|code|MOV             R1, R0|1-70
95382|code|MOV             R0, R7|56-70
95384|code|BLX             _ZNSsC1EPKcRKSaIcE; std::string::string(char const*,std::allocator<char> const&)|251-247-232-233
95388|code|ADD             R6, SP, #0x130+var_108|10-174
95390|code|MOV             R1, R7; std::string *|57-70
95392|code|MOV             R0, R6; this|48-70
95394|code|BLX             _ZNSsC1ERKSs; std::string::string(std::string const&)|251-247-18-233
95398|code|LDR.W           R3, =(_ZTVN5YAPET14YAPETExceptionE_ptr - 0x2E000)|223-248-48-52
95402|code|MOVS            R2, #0xFF|255-34
95404|code|ADD.W           R0, R5, #8; this|5-241-8-0
95408|code|MOV             R1, R6; std::string *|49-70
95410|code|LDR             R3, [R4,R3]; _ZTVN5YAPET14YAPETExceptionE_ptr ...|227-88
95412|code|STR             R2, [R5,#4]|106-96
95414|code|ADDS            R3, #8|8-51
95416|code|STR             R3, [R5]|43-96
95418|code|BLX             _ZNSsC1ERKSs; std::string::string(std::string const&)|251-247-6-233
95422|code|LDR.W           R3, =(_ZNSs4_Rep20_S_empty_rep_storageE_ptr - 0x2E000)|223-248-28-52
95426|code|LDR             R2, [SP,#0x130+var_108]|10-154
95428|code|LDR             R7, [R4,R3]; _ZNSs4_Rep20_S_empty_rep_storageE_ptr ...|231-88
95430|code|SUB.W           R0, R2, #0xC|162-241-12-0
95434|code|CMP             R0, R7|184-66
95436|code|BNE.W           loc_17624|64-240-170-128
95440|code|LDR.W           R3, =(_ZTVN5YAPET24YAPETEncryptionExceptionE_ptr - 0x2E000)|223-248-12-52
95444|code|LDR             R2, [SP,#0x130+var_118]|6-154
95446|code|SUB.W           R0, R2, #0xC|162-241-12-0
95450|code|LDR             R3, [R4,R3]; _ZTVN5YAPET24YAPETEncryptionExceptionE_ptr ...|227-88
95452|code|CMP             R0, R7|184-66
95454|code|ADD.W           R3, R3, #8|3-241-8-3
95458|code|STR             R3, [R5]|43-96
95460|code|BNE.W           loc_17652|64-240-181-128
95464|code|LDR             R2, =(_ZTIN5YAPET24YAPETEncryptionExceptionE_ptr - 0x2E000)|254-74
95466|code|MOV             R0, R5; void *|40-70
95468|code|LDR             R3, =(off_2E1E0 - 0x2E000)|254-75
95470|code|LDR             R1, [R4,R2]; _ZTIN5YAPET24YAPETEncryptionExceptionE_ptr ; lptinfo|161-88
95472|code|LDR             R2, [R4,R3]; YAPET::YAPETEncryptionException::~YAPETEncryptionException() ; void (__cdecl *)(void *)|226-88
95474|code|BLX             __cxa_throw|251-247-154-234
95478|code|MOV             R0, R5|40-70
95480|code|BLX             EVP_CIPHER_CTX_cleanup|251-247-202-233
95484|code|MOV             R0, R6|48-70
95486|code|BL              sub_1AC38|3-240-155-251
95490|code|MOV             R0, R6; void *|48-70
95492|code|ADD             R7, SP, #0x130+var_114|7-175
95494|code|BLX             _ZdlPv; operator delete(void *)|251-247-88-233
95498|code|MOVS            R0, #0xC; thrown_size|12-32
95500|code|BLX             __cxa_allocate_exception|251-247-196-232
95504|code|LDR             R1, =(aErrorEncryptin - 0x17516); "Error encrypting data"|246-73
95506|code|ADD             R1, PC; "Error encrypting data"|121-68
95508|code|MOV             R5, R0|5-70
95510|code|LDR             R0, =(aYapet - 0x1751C); "yapet"|246-72
95512|code|ADD             R0, PC; "yapet"|120-68
95514|code|BLX             dgettext|251-247-212-234
95518|code|ADD             R2, SP, #0x130+var_118|6-170
95520|code|MOV             R1, R0|1-70
95522|code|MOV             R0, R7|56-70
95524|code|BLX             _ZNSsC1EPKcRKSaIcE; std::string::string(char const*,std::allocator<char> const&)|251-247-162-233
95528|code|ADD             R6, SP, #0x130+var_108|10-174
95530|code|MOV             R1, R7; std::string *|57-70
95532|code|MOV             R0, R6; this|48-70
95534|code|BLX             _ZNSsC1ERKSs; std::string::string(std::string const&)|251-247-204-232
95538|code|LDR             R3, =(_ZTVN5YAPET14YAPETExceptionE_ptr - 0x2E000)|233-75
95540|code|MOVS            R2, #0xFF|255-34
95542|code|ADD.W           R0, R5, #8; this|5-241-8-0
95546|code|MOV             R1, R6; std::string *|49-70
95548|code|LDR             R3, [R4,R3]; _ZTVN5YAPET14YAPETExceptionE_ptr ...|227-88
95550|code|STR             R2, [R5,#4]|106-96
95552|code|ADDS            R3, #8|8-51
95554|code|STR             R3, [R5]|43-96
95556|code|BLX             _ZNSsC1ERKSs; std::string::string(std::string const&)|251-247-192-232
95560|code|LDR             R3, =(_ZNSs4_Rep20_S_empty_rep_storageE_ptr - 0x2E000)|228-75
95562|code|LDR             R2, [SP,#0x130+var_108]|10-154
95564|code|LDR             R7, [R4,R3]; _ZNSs4_Rep20_S_empty_rep_storageE_ptr ...|231-88
95566|code|SUB.W           R0, R2, #0xC|162-241-12-0
95570|code|CMP             R0, R7|184-66
95572|code|BNE             loc_175CA|57-209
95574|code|LDR             R3, =(_ZTVN5YAPET24YAPETEncryptionExceptionE_ptr - 0x2E000)|226-75
95576|code|LDR             R2, [SP,#0x130+var_114]|7-154
95578|code|SUB.W           R0, R2, #0xC|162-241-12-0
95582|code|LDR             R3, [R4,R3]; _ZTVN5YAPET24YAPETEncryptionExceptionE_ptr ...|227-88
95584|code|CMP             R0, R7|184-66
95586|code|ADD.W           R3, R3, #8|3-241-8-3
95590|code|STR             R3, [R5]|43-96
95592|code|BNE             loc_175F8|70-209
95594|code|LDR             R2, =(_ZTIN5YAPET24YAPETEncryptionExceptionE_ptr - 0x2E000)|222-74
95596|code|MOV             R0, R5; void *|40-70
95598|code|LDR             R3, =(off_2E1E0 - 0x2E000)|222-75
95600|code|LDR             R1, [R4,R2]; _ZTIN5YAPET24YAPETEncryptionExceptionE_ptr ; lptinfo|161-88
95602|code|LDR             R2, [R4,R3]; YAPET::YAPETEncryptionException::~YAPETEncryptionException() ; void (__cdecl *)(void *)|226-88
95604|code|BLX             __cxa_throw|251-247-88-234
95608|code|LDR             R1, [SP,#0x130+var_110]|8-153
95610|code|MOV             R0, R6|48-70
95612|code|LDR             R3, [SP,#0x130+var_10C]|9-155
95614|code|ADD             R1, R3|25-68
95616|code|BL              sub_1AC4C|3-240-100-251
95620|code|MOV             R0, R5|40-70
95622|code|BLX             EVP_CIPHER_CTX_cleanup|251-247-132-233
95626|code|MOV             R0, R8|64-70
95628|code|MOV             R1, R6|49-70
95630|code|BL              sub_17138|255-247-211-253
95634|code|MOV             R0, R6|48-70
95636|code|BL              sub_1AC38|3-240-80-251
95640|code|MOV             R0, R6; void *|48-70
95642|code|BLX             _ZdlPv; operator delete(void *)|251-247-14-233
95646|code|MOV             R0, R9|72-70
95648|code|BL              sub_15DB4|254-247-8-252
95652|code|LDR             R2, [SP,#0x130+var_2C]|65-154
95654|code|LDR.W           R3, [R10]|218-248-0-48
95658|code|CMP             R2, R3|154-66
95660|code|BNE.W           loc_1778E|64-240-239-128
95664|code|ADD             SP, SP, #0x10C|67-176
95666|code|POP.W           {R4-R11,PC}|189-232-240-143
95670|code|ADDS            R3, R1, #3|203-28
95672|code|BEQ.W           loc_17888|0-240-102-129
95676|code|CMP             R1, #1|1-41
95678|code|BNE.W           loc_17882|64-240-96-129
95682|code|BLX             __cxa_begin_catch|251-247-82-232
95686|code|BLX             __cxa_rethrow|251-247-196-233
95690|code|LDR             R3, =(__pthread_key_create_ptr - 0x2E000)|202-75
95692|code|LDR             R3, [R4,R3]; __pthread_key_create|227-88
95694|code|CMP             R3, #0|0-43
95696|code|BEQ             loc_1768A|91-208
95698|code|SUBS            R2, #4|4-58
95700|code|DMB.W           SY|191-243-95-143
95704|code|LDREX.W         R3, [R2]|82-232-0-63
95708|code|SUBS            R1, R3, #1|89-30
95710|code|STREX.W         LR, R1, [R2]|66-232-0-30
95714|code|CMP.W           LR, #0|190-241-0-15
95718|code|BNE             loc_175D8|247-209
95720|code|DMB.W           SY|191-243-95-143
95724|code|CMP             R3, #0|0-43
95726|code|BGT             loc_17556|178-220
95728|code|ADD             R1, SP, #0x130+var_10C|9-169
95730|code|BLX             _ZNSs4_Rep10_M_destroyERKSaIcE; std::string::_Rep::_M_destroy(std::allocator<char> const&)|251-247-188-232
95734|code|B               loc_17556|174-231
95736|code|LDR             R3, =(__pthread_key_create_ptr - 0x2E000)|190-75
95738|code|LDR             R3, [R4,R3]; __pthread_key_create|227-88
95740|code|CMP             R3, #0|0-43
95742|code|BEQ             loc_1767E|62-208
95744|code|SUBS            R2, #4|4-58
95746|code|DMB.W           SY|191-243-95-143
95750|code|LDREX.W         R3, [R2]|82-232-0-63
95754|code|SUBS            R1, R3, #1|89-30
95756|code|STREX.W         R7, R1, [R2]|66-232-0-23
95760|code|CMP             R7, #0|0-47
95762|code|BNE             loc_17606|248-209
95764|code|DMB.W           SY|191-243-95-143
95768|code|CMP             R3, #0|0-43
95770|code|BGT             loc_1756A|166-220
95772|code|MOV             R1, R6|49-70
95774|code|BLX             _ZNSs4_Rep10_M_destroyERKSaIcE; std::string::_Rep::_M_destroy(std::allocator<char> const&)|251-247-166-232
95778|code|B               loc_1756A|162-231
95780|code|LDR             R3, =(__pthread_key_create_ptr - 0x2E000)|179-75
95782|code|LDR             R3, [R4,R3]; __pthread_key_create|227-88
95784|code|CBZ             R3, loc_17696|171-179
95786|code|SUBS            R2, #4|4-58
95788|code|DMB.W           SY|191-243-95-143
95792|code|LDREX.W         R3, [R2]|82-232-0-63
95796|code|SUBS            R1, R3, #1|89-30
95798|code|STREX.W         LR, R1, [R2]|66-232-0-30
95802|code|CMP.W           LR, #0|190-241-0-15
95806|code|BNE             loc_17630|247-209
95808|code|DMB.W           SY|191-243-95-143
95812|code|CMP             R3, #0|0-43
95814|code|BGT.W           loc_174D0|63-247-67-175
95818|code|ADD             R1, SP, #0x130+var_114|7-169
95820|code|BLX             _ZNSs4_Rep10_M_destroyERKSaIcE; std::string::_Rep::_M_destroy(std::allocator<char> const&)|251-247-142-232
95824|code|B               loc_174D0|62-231
95826|code|LDR             R3, =(__pthread_key_create_ptr - 0x2E000)|168-75
95828|code|LDR             R3, [R4,R3]; __pthread_key_create|227-88
95830|code|CBZ             R3, loc_176A2|35-179
95832|code|SUBS            R2, #4|4-58
95834|code|DMB.W           SY|191-243-95-143
95838|code|LDREX.W         R3, [R2]|82-232-0-63
95842|code|SUBS            R1, R3, #1|89-30
95844|code|STREX.W         R7, R1, [R2]|66-232-0-23
95848|code|CMP             R7, #0|0-47
95850|code|BNE             loc_1765E|248-209
95852|code|DMB.W           SY|191-243-95-143
95856|code|CMP             R3, #0|0-43
95858|code|BGT.W           loc_174E8|63-247-57-175
95862|code|MOV             R1, R6|49-70
95864|code|BLX             _ZNSs4_Rep10_M_destroyERKSaIcE; std::string::_Rep::_M_destroy(std::allocator<char> const&)|251-247-120-232
95868|code|B               loc_174E8|52-231
95870|code|LDR.W           R3, [R2,#-4]|82-248-4-60
95874|code|SUBS            R1, R3, #1|89-30
95876|code|STR.W           R1, [R2,#-4]|66-248-4-28
95880|code|B               loc_17618|198-231
95882|code|LDR.W           R3, [R2,#-4]|82-248-4-60
95886|code|SUBS            R1, R3, #1|89-30
95888|code|STR.W           R1, [R2,#-4]|66-248-4-28
95892|code|B               loc_175EC|170-231
95894|code|LDR.W           R3, [R2,#-4]|82-248-4-60
95898|code|SUBS            R1, R3, #1|89-30
95900|code|STR.W           R1, [R2,#-4]|66-248-4-28
95904|code|B               loc_17644|208-231
95906|code|LDR.W           R3, [R2,#-4]|82-248-4-60
95910|code|SUBS            R1, R3, #1|89-30
95912|code|STR.W           R1, [R2,#-4]|66-248-4-28
95916|code|B               loc_17670|224-231
95918|code|MOV             R0, R5|40-70
95920|code|BLX             EVP_CIPHER_CTX_cleanup|251-247-238-232
95924|code|MOVS            R0, #0xC; thrown_size|12-32
95926|code|ADD             R5, SP, #0x130+var_10C|9-173
95928|code|BLX             __cxa_allocate_exception|250-247-238-239
95932|code|LDR             R1, =(aErrorInitializ - 0x176C2); "Error initializing encryption engine"|142-73
95934|code|ADD             R1, PC; "Error initializing encryption engine"|121-68
95936|code|MOV             R7, R0|7-70
95938|code|LDR             R0, =(aYapet - 0x176C8); "yapet"|142-72
95940|code|ADD             R0, PC; "yapet"|120-68
95942|code|BLX             dgettext|251-247-254-233
95946|code|ADD             R2, SP, #0x130+var_108|10-170
95948|code|MOV             R1, R0|1-70
95950|code|MOV             R0, R5|40-70
95952|code|BLX             _ZNSsC1EPKcRKSaIcE; std::string::string(char const*,std::allocator<char> const&)|251-247-204-232
95956|code|MOV             R0, R7|56-70
95958|code|MOV             R1, R5|41-70
95960|code|BL              sub_191E8|1-240-134-253
95964|code|LDR             R2, =(_ZNSs4_Rep20_S_empty_rep_storageE_ptr - 0x2E000)|127-74
95966|code|LDR             R3, [SP,#0x130+var_10C]|9-155
95968|code|LDR             R2, [R4,R2]; _ZNSs4_Rep20_S_empty_rep_storageE_ptr ...|162-88
95970|code|SUB.W           R0, R3, #0xC|163-241-12-0
95974|code|CMP             R0, R2|144-66
95976|code|BNE.W           loc_178A0|64-240-218-128
95980|code|LDR             R2, =(_ZTIN5YAPET24YAPETEncryptionExceptionE_ptr - 0x2E000)|125-74
95982|code|MOV             R0, R7; void *|56-70
95984|code|LDR             R3, =(off_2E1E0 - 0x2E000)|125-75
95986|code|LDR             R1, [R4,R2]; _ZTIN5YAPET24YAPETEncryptionExceptionE_ptr ; lptinfo|161-88
95988|code|LDR             R2, [R4,R3]; YAPET::YAPETEncryptionException::~YAPETEncryptionException() ; void (__cdecl *)(void *)|226-88
95990|code|BLX             __cxa_throw|251-247-152-233
95994|code|MOV             R0, R5|40-70
95996|code|BLX             EVP_CIPHER_CTX_cleanup|251-247-200-232
96000|code|MOVS            R0, #0xC; thrown_size|12-32
96002|code|ADD             R5, SP, #0x130+var_110|8-173
96004|code|BLX             __cxa_allocate_exception|250-247-200-239
96008|code|LDR             R1, =(aErrorSettingTh - 0x1770E); "Error setting the key length"|125-73
96010|code|ADD             R1, PC; "Error setting the key length"|121-68
96012|code|MOV             R7, R0|7-70
96014|code|LDR             R0, =(aYapet - 0x17714); "yapet"|125-72
96016|code|ADD             R0, PC; "yapet"|120-68
96018|code|BLX             dgettext|251-247-216-233
96022|code|ADD             R2, SP, #0x130+var_108|10-170
96024|code|MOV             R1, R0|1-70
96026|code|MOV             R0, R5|40-70
96028|code|BLX             _ZNSsC1EPKcRKSaIcE; std::string::string(char const*,std::allocator<char> const&)|251-247-166-232
96032|code|MOV             R0, R7|56-70
96034|code|MOV             R1, R5|41-70
96036|code|BL              sub_15E40|254-247-140-251
96040|code|LDR             R2, =(_ZNSs4_Rep20_S_empty_rep_storageE_ptr - 0x2E000)|108-74
96042|code|LDR             R3, [SP,#0x130+var_110]|8-155
96044|code|LDR             R2, [R4,R2]; _ZNSs4_Rep20_S_empty_rep_storageE_ptr ...|162-88
96046|code|SUB.W           R0, R3, #0xC|163-241-12-0
96050|code|CMP             R0, R2|144-66
96052|code|BNE             loc_177AC|58-209
96054|code|LDR             R2, =(_ZTIN5YAPET14YAPETExceptionE_ptr - 0x2E000)|116-74
96056|code|MOV             R0, R7; void *|56-70
96058|code|LDR             R3, =(off_2E21C - 0x2E000)|116-75
96060|code|LDR             R1, [R4,R2]; _ZTIN5YAPET14YAPETExceptionE_ptr ; lptinfo|161-88
96062|code|LDR             R2, [R4,R3]; YAPET::YAPETException::~YAPETException() ; void (__cdecl *)(void *)|226-88
96064|code|BLX             __cxa_throw|251-247-114-233
96068|code|MOVS            R0, #0xC; thrown_size|12-32
96070|code|ADD             R6, SP, #0x130+var_108|10-174
96072|code|BLX             __cxa_allocate_exception|250-247-166-239
96076|code|LDR             R1, =(aIvecLengthMiss - 0x17752); "IVec length missmatch"|112-73
96078|code|ADD             R1, PC; "IVec length missmatch"|121-68
96080|code|MOV             R7, R0|7-70
96082|code|LDR             R0, =(aYapet - 0x17758); "yapet"|112-72
96084|code|ADD             R0, PC; "yapet"|120-68
96086|code|BLX             dgettext|251-247-182-233
96090|code|ADD             R2, SP, #0x130+var_10C|9-170
96092|code|MOV             R1, R0|1-70
96094|code|MOV             R0, R6|48-70
96096|code|BLX             _ZNSsC1EPKcRKSaIcE; std::string::string(char const*,std::allocator<char> const&)|251-247-132-232
96100|code|MOV             R0, R7|56-70
96102|code|MOV             R1, R6|49-70
96104|code|BL              sub_15E40|254-247-106-251
96108|code|LDR             R2, =(_ZNSs4_Rep20_S_empty_rep_storageE_ptr - 0x2E000)|91-74
96110|code|LDR             R3, [SP,#0x130+var_108]|10-155
96112|code|LDR             R2, [R4,R2]; _ZNSs4_Rep20_S_empty_rep_storageE_ptr ...|162-88
96114|code|SUB.W           R0, R3, #0xC|163-241-12-0
96118|code|CMP             R0, R2|144-66
96120|code|BNE.W           loc_178AA|64-240-151-128
96124|code|LDR             R2, =(_ZTIN5YAPET14YAPETExceptionE_ptr - 0x2E000)|98-74
96126|code|MOV             R0, R7; void *|56-70
96128|code|LDR             R3, =(off_2E21C - 0x2E000)|98-75
96130|code|ADD.W           R9, SP, #0x130+var_F8|13-241-56-9
96134|code|LDR             R1, [R4,R2]; _ZTIN5YAPET14YAPETExceptionE_ptr ; lptinfo|161-88
96136|code|LDR             R2, [R4,R3]; YAPET::YAPETException::~YAPETException() ; void (__cdecl *)(void *)|226-88
96138|code|BLX             __cxa_throw|251-247-78-233
96142|code|BLX             __stack_chk_fail|251-247-92-232
96146|code|MOV             R4, R0|4-70
96148|code|MOV             R5, R1|13-70
96150|code|BLX             __cxa_end_catch|251-247-36-233
96154|code|MOV             R0, R9|72-70
96156|code|BL              sub_15DB4|254-247-10-251
96160|code|MOV             R0, R4; void *|32-70
96162|code|MOV             R1, R5|41-70
96164|code|ADDS            R1, #1|1-49
96166|code|BEQ             loc_177C8|15-208
96168|code|BLX             __cxa_end_cleanup|251-247-84-232
96172|code|ADD             R1, SP, #0x130+var_10C|9-169
96174|code|BL              sub_12B78|251-247-227-249
96178|code|B               loc_17736|192-231
96180|code|MOV             R5, R0|5-70
96182|code|MOV             R6, R1|14-70
96184|code|MOV             R0, R7; void *|56-70
96186|code|BLX             __cxa_free_exception|250-247-184-239
96190|code|MOV             R0, R5; void *|40-70
96192|code|MOV             R1, R6|49-70
96194|code|B               loc_175B6|248-230
96196|code|ADDS            R1, #6|6-49
96198|code|BNE             loc_177A8|239-209
96200|code|BLX             __cxa_call_unexpected|251-247-116-232
96204|code|MOV             R4, R0|4-70
96206|code|MOV             R0, R5; this|40-70
96208|code|MOV             R5, R1|13-70
96210|code|BLX             _ZNSt9exceptionD2Ev; std::exception::~exception()|251-247-84-233
96214|code|ADDS            R5, #6|6-53
96216|code|BNE             loc_177A8|230-209
96218|code|MOV             R0, R4; void *|32-70
96220|code|BLX             __cxa_call_unexpected|251-247-106-232
96224|code|MOV             R6, R0|6-70
96226|code|MOV             R7, R1|15-70
96228|code|MOV             R0, R5; void *|40-70
96230|code|BLX             __cxa_free_exception|250-247-162-239
96234|code|MOV             R0, R6; void *|48-70
96236|code|MOV             R1, R7|57-70
96238|code|B               loc_175B6|226-230
96240|code|B               loc_177C4|232-231
96242|code|B               loc_177CC|235-231
96244|code|B               loc_177E0|244-231
96246|code|CMP             R1, #1|1-41
96248|code|BNE             loc_17812|11-209
96250|code|BLX             __cxa_begin_catch|250-247-54-239
96254|code|MOV             R0, R6|48-70
96256|code|BL              sub_1AC38|3-240-26-250
96260|code|MOV             R0, R6; void *|48-70
96262|code|BLX             _ZdlPv; operator delete(void *)|250-247-216-239
96266|code|B               loc_175C6|220-230
96268|code|MOV             R4, R0|4-70
96270|code|MOV             R5, R1|13-70
96272|code|B               loc_1779A|195-231
96274|code|BLX             __cxa_begin_catch|250-247-42-239
96278|code|MOV             R0, R6|48-70
96280|code|BL              sub_1AC38|3-240-14-250
96284|code|MOV             R0, R6; void *|48-70
96286|code|BLX             _ZdlPv; operator delete(void *)|250-247-204-239
96290|code|MOVS            R0, #0xC; thrown_size|12-32
96292|code|ADD             R6, SP, #0x130+var_11C|5-174
96294|code|BLX             __cxa_allocate_exception|250-247-56-239
96298|code|LDR             R1, =(aUnknownExcepti - 0x17830); "Unknown exception catched"|59-73
96300|code|ADD             R1, PC; "Unknown exception catched"|121-68
96302|code|MOV             R5, R0|5-70
96304|code|LDR             R0, =(aYapet - 0x17836); "yapet"|58-72
96306|code|ADD             R0, PC; "yapet"|120-68
96308|code|BLX             dgettext|251-247-70-233
96312|code|ADD             R2, SP, #0x130+var_124|3-170
96314|code|MOV             R1, R0|1-70
96316|code|MOV             R0, R6|48-70
96318|code|BLX             _ZNSsC1EPKcRKSaIcE; std::string::string(char const*,std::allocator<char> const&)|251-247-22-232
96322|code|MOV             R0, R5|40-70
96324|code|MOV             R1, R6|49-70
96326|code|BL              sub_15E40|254-247-251-250
96330|code|LDR             R2, =(_ZNSs4_Rep20_S_empty_rep_storageE_ptr - 0x2E000)|36-74
96332|code|LDR             R3, [SP,#0x130+var_11C]|5-155
96334|code|LDR             R2, [R4,R2]|162-88
96336|code|SUB.W           R0, R3, #0xC|163-241-12-0
96340|code|CMP             R0, R2|144-66
96342|code|BEQ             loc_1785E|2-208
96344|code|ADD             R1, SP, #0x130+var_120|4-169
96346|code|BL              sub_12B78|251-247-141-249
96350|code|LDR             R2, =(_ZTIN5YAPET14YAPETExceptionE_ptr - 0x2E000)|42-74
96352|code|MOV             R0, R5; void *|40-70
96354|code|LDR             R3, =(off_2E21C - 0x2E000)|42-75
96356|code|LDR             R1, [R4,R2]; lptinfo|161-88
96358|code|LDR             R2, [R4,R3]; void (__cdecl *)(void *)|226-88
96360|code|BLX             __cxa_throw|251-247-222-232
96364|code|MOV             R4, R0|4-70
96366|code|MOV             R0, R5; void *|40-70
96368|code|MOV             R5, R1|13-70
96370|code|BLX             __cxa_free_exception|250-247-92-239
96374|code|BLX             __cxa_end_catch|251-247-180-232
96378|code|B               loc_1779A|142-231
96380|code|MOV             R4, R0|4-70
96382|code|MOV             R5, R1|13-70
96384|code|B               loc_17876|249-231
96386|code|BLX             __cxa_begin_catch|250-247-242-238
96390|code|B               loc_17822|204-231
96392|code|BLX             __cxa_call_unexpected|251-247-20-232
96396|code|MOV             R5, R0|5-70
96398|code|MOV             R7, R1|15-70
96400|code|MOV             R0, R6; void *|48-70
96402|code|BLX             _ZdlPv; operator delete(void *)|250-247-146-239
96406|code|MOV             R0, R5|40-70
96408|code|MOV             R1, R7|57-70
96410|code|B               loc_175B6|140-230
96412|code|B               loc_177A4|130-231
96414|code|B               loc_175BC|141-230
96416|code|ADD             R1, SP, #0x130+var_110|8-169
96418|code|BL              sub_12B78|251-247-105-249
96422|code|B               loc_176EC|33-231
96424|code|B               loc_177B4|132-231
96426|code|ADD             R1, SP, #0x130+var_110|8-169
96428|code|BL              sub_12B78|251-247-100-249
96432|code|B               loc_1777C|100-231
96434|code|MOV             R5, R0|5-70
96436|code|MOV             R6, R1|14-70
96438|code|MOV             R0, R7; void *|56-70
96440|code|ADD.W           R9, SP, #0x130+var_F8|13-241-56-9
96444|code|BLX             __cxa_free_exception|250-247-54-239
96448|code|MOV             R0, R5|40-70
96450|code|MOV             R1, R6|49-70
96452|code|B               loc_175B6|119-230
96454|data|ALIGN 4|0-191
96456|data|DCD _GLOBAL_OFFSET_TABLE_ - 0x173DA|38-108-1-0
96460|data|DCD __stack_chk_guard_ptr - 0x2E000|208-1-0-0
96464|data|DCD aErrorFinalizin - 0x17488; "Error finalizing encryption"|248-77-0-0
96468|data|DCD aYapet - 0x17490; "yapet"|228-71-0-0
96472|data|DCD _ZTVN5YAPET14YAPETExceptionE_ptr - 0x2E000|188-1-0-0
96476|data|DCD _ZNSs4_Rep20_S_empty_rep_storageE_ptr - 0x2E000|196-1-0-0
96480|data|DCD _ZTVN5YAPET24YAPETEncryptionExceptionE_ptr - 0x2E000|0-2-0-0
96484|data|DCD _ZTIN5YAPET24YAPETEncryptionExceptionE_ptr - 0x2E000|240-1-0-0
96488|data|DCD off_2E1E0 - 0x2E000|224-1-0-0
96492|data|DCD aErrorEncryptin - 0x17516; "Error encrypting data"|82-77-0-0
96496|data|DCD aYapet - 0x1751C; "yapet"|88-71-0-0
96500|data|DCD __pthread_key_create_ptr - 0x2E000|236-1-0-0
96504|data|DCD aErrorInitializ - 0x176C2; "Error initializing encryption engine"|94-75-0-0
96508|data|DCD aYapet - 0x176C8; "yapet"|172-69-0-0
96512|data|DCD aErrorSettingTh - 0x1770E; "Error setting the key length"|58-75-0-0
96516|data|DCD aYapet - 0x17714; "yapet"|96-69-0-0
96520|data|DCD _ZTIN5YAPET14YAPETExceptionE_ptr - 0x2E000|200-1-0-0
96524|data|DCD off_2E21C - 0x2E000|28-2-0-0
96528|data|DCD aIvecLengthMiss - 0x17752; "IVec length missmatch"|182-74-0-0
96532|data|DCD aYapet - 0x17758; "yapet"|28-69-0-0
96536|data|DCD aUnknownExcepti - 0x17830; "Unknown exception catched"|108-74-0-0
96540|data|DCD aYapet - 0x17836; "yapet"|62-68-0-0
96544|code|PUSH.W          {R4-R11,LR}|45-233-240-79
96548|code|SUB             SP, SP, #0x8C|163-176
96550|code|ADD             R3, SP, #0xB0+var_78|14-171
96552|code|LDR             R7, =(_GLOBAL_OFFSET_TABLE_ - 0x17936)|159-79
96554|code|STR             R3, [SP,#0xB0+var_B0]|0-147
96556|code|MOV             R6, R0|6-70
96558|code|MOV             R2, R3|26-70
96560|code|LDR             R3, =(__stack_chk_guard_ptr - 0x2E000)|158-75
96562|code|ADD             R7, PC; _GLOBAL_OFFSET_TABLE_|127-68
96564|code|MOV             R0, R2|16-70
96566|code|MOV             R10, R1|138-70
96568|code|LDR             R3, [R7,R3]; __stack_chk_guard|251-88
96570|code|STR             R3, [SP,#0xB0+var_AC]|1-147
96572|code|LDR             R3, [R3]|27-104
96574|code|STR             R3, [SP,#0xB0+var_2C]|33-147
96576|code|BL              sub_1A8E0|2-240-206-255
96580|code|LDR             R3, =(_ZTVN5YAPET6RecordINS_13FileHeader_64EEE_ptr - 0x2E000)|154-75
96582|code|MOVS            R0, #0x20 ; ' '; size|32-32
96584|code|LDR             R5, [R7,R3]; _ZTVN5YAPET6RecordINS_13FileHeader_64EEE_ptr ...|253-88
96586|code|ADD.W           R3, R5, #8|5-241-8-3
96590|code|STR             R3, [SP,#0xB0+var_84]|11-147
96592|code|BLX             malloc|251-247-10-232
96596|code|MOV             R11, R0|131-70
96598|code|STR             R0, [SP,#0xB0+s]|13-144
96600|code|CMP             R0, #0|0-40
96602|code|BEQ.W           loc_17B28|0-240-229-128
96606|code|LDR.W           LR, =(aYapet10 - 0x1796E); "YAPET1.0"|223-248-84-226
96610|code|MOV             R4, R0|4-70
96612|code|MOVS            R3, #2|2-35
96614|code|STRB.W          R3, [R4],#1|4-248-1-59
96618|code|ADD             LR, PC; "YAPET1.0"|254-68
96620|code|MOVS            R3, #0x20 ; ' '|32-35
96622|code|ADD.W           LR, LR, #0xC|14-241-12-14
96626|code|STR             R3, [SP,#0xB0+n]|12-147
96628|code|MOV.W           R8, #0|79-240-0-8
96632|code|MOV.W           R9, #0|79-240-0-9
96636|code|LDM.W           LR!, {R0-R3}; "ABCDEFGHIJKLMNOPQRSTUVW"|190-232-15-0
96640|code|STR.W           R0, [R11,#1]|203-248-1-0
96644|code|LDR.W           R0, [LR]; "QRSTUVW"|222-248-0-0
96648|code|STR             R1, [R4,#4]|97-96
96650|code|STR             R2, [R4,#8]|162-96
96652|code|STR             R0, [R4,#0x10]|32-97
96654|code|MOVS            R0, #0; timer|0-32
96656|code|STR             R3, [R4,#0xC]|227-96
96658|code|BLX             time|251-247-68-232
96662|code|ADD.W           R2, SP, #0xB0+var_9C+3|13-241-23-2
96666|code|ADD.W           LR, SP, #0xB0+var_90|13-241-32-14
96670|code|ADD             R3, SP, #0xB0+var_88|10-171
96672|code|STRD.W          R8, R9, [SP,#0xB0+var_90]|205-233-8-137
96676|code|ASRS            R1, R0, #0x1F|193-23
96678|code|STRD.W          R0, R1, [SP,#0xB0+var_98]|205-233-6-1
96682|code|LDRB.W          R1, [R2,#1]!|18-248-1-31
96686|code|STRB.W          R1, [R3,#-1]!|3-248-1-29
96690|code|CMP             R3, LR|115-69
96692|code|BNE             loc_179AA|249-209
96694|code|LDRD.W          R2, R3, [SP,#0xB0+var_90]|221-233-8-35
96698|code|MOV             R0, R6|48-70
96700|code|STRD.W          R2, R3, [R11,#0x18]|203-233-6-35
96704|code|BL              sub_15E80|254-247-94-250
96708|code|STRD.W          R0, R1, [R6,#8]|198-233-2-1
96712|code|MOV             R2, R10|82-70
96714|code|MOV             R0, R6|48-70
96716|code|ADD             R1, SP, #0xB0+var_84|11-169
96718|code|BL              sub_173C4|255-247-249-252
96722|code|MOV             R0, R6|48-70
96724|code|BL              sub_16D60|255-247-196-249
96728|code|MOV             R10, R0|130-70
96730|code|CMP             R0, #0|0-40
96732|code|BEQ             loc_17ADA|125-208
96734|code|LDR             R0, [SP,#0xB0+var_B0]|0-152
96736|code|MOV             R1, R10|81-70
96738|code|BL              sub_193E4|1-240-255-252
96742|code|MOV             R6, R0|6-70
96744|code|LDR             R0, [R0,#8]|128-104
96746|code|MOV             R1, R4; s2|33-70
96748|code|MOVS            R2, #0x14; n|20-34
96750|code|ADDS            R0, #1; s1|1-48
96752|code|BLX             memcmp|251-247-56-232
96756|code|CMP             R0, #0|0-40
96758|code|BNE             loc_17A60|51-209
96760|code|MOV             R0, R10|80-70
96762|code|BL              sub_1AC38|3-240-29-249
96766|code|MOV             R0, R10; void *|80-70
96768|code|BLX             _ZdlPv; operator delete(void *)|250-247-218-238
96772|code|LDR             R2, [R6]|50-104
96774|code|LDR             R3, =(off_2E1D4 - 0x2E000)|108-75
96776|code|LDR             R2, [R2,#4]|82-104
96778|code|LDR             R3, [R7,R3]; YAPET::Record<YAPET::FileHeader_64>::~Record()|251-88
96780|code|CMP             R2, R3|154-66
96782|code|BNE             loc_17A56|34-209
96784|code|ADD.W           R3, R5, #8|5-241-8-3
96788|code|MOVS            R1, #0; c|0-33
96790|code|STR             R3, [R6]|51-96
96792|code|LDR             R2, [R6,#4]; n|114-104
96794|code|LDR             R0, [R6,#8]; s|176-104
96796|code|BLX             memset|250-247-102-238
96800|code|LDR             R0, [R6,#8]; ptr|176-104
96802|code|BLX             free|250-247-10-238
96806|code|MOV             R0, R6; void *|48-70
96808|code|BLX             _ZdlPv; operator delete(void *)|250-247-198-238
96812|code|MOVS            R1, #0; c|0-33
96814|code|LDR             R2, [SP,#0xB0+n]; n|12-154
96816|code|LDR             R0, [SP,#0xB0+s]; s|13-152
96818|code|ADDS            R5, #8|8-53
96820|code|STR             R5, [SP,#0xB0+var_84]|11-149
96822|code|BLX             memset|250-247-90-238
96826|code|LDR             R0, [SP,#0xB0+s]; ptr|13-152
96828|code|BLX             free|250-247-252-237
96832|code|ADD             R0, SP, #0xB0+var_6C|17-168
96834|code|BL              sub_15DB4|254-247-183-249
96838|code|LDR             R3, [SP,#0xB0+var_AC]|1-155
96840|code|LDR             R2, [SP,#0xB0+var_2C]|33-154
96842|code|LDR             R3, [R3]|27-104
96844|code|CMP             R2, R3|154-66
96846|code|BNE             loc_17A5C|5-209
96848|code|ADD             SP, SP, #0x8C|35-176
96850|code|POP.W           {R4-R11,PC}|189-232-240-143
96854|code|MOV             R0, R6|48-70
96856|code|BLX             R2|144-71
96858|code|B               loc_17A2C|231-231
96860|code|BLX             __stack_chk_fail|250-247-244-238
96864|code|MOVS            R0, #0xC; thrown_size|12-32
96866|code|ADD             R4, SP, #0xB0+var_A0|4-172
96868|code|BLX             __cxa_allocate_exception|250-247-24-238
96872|code|LDR             R1, =(aSanityCheckFor - 0x17A6E); "Sanity check for control field failed"|84-73
96874|code|ADD             R1, PC; "Sanity check for control field failed"|121-68
96876|code|MOV             R6, R0|6-70
96878|code|LDR             R0, =(aYapet - 0x17A74); "yapet"|84-72
96880|code|ADD             R0, PC; "yapet"|120-68
96882|code|BLX             dgettext|251-247-40-232
96886|code|ADD             R2, SP, #0xB0+var_A4|3-170
96888|code|MOV             R1, R0|1-70
96890|code|MOV             R0, R4|32-70
96892|code|BLX             _ZNSsC1EPKcRKSaIcE; std::string::string(char const*,std::allocator<char> const&)|250-247-246-238
96896|code|MOV             R0, R6|48-70
96898|code|MOV             R1, R4|33-70
96900|code|BL              sub_15E40|254-247-220-249
96904|code|LDR             R2, =(_ZNSs4_Rep20_S_empty_rep_storageE_ptr - 0x2E000)|78-74
96906|code|LDR             R3, [SP,#0xB0+var_A0]|4-155
96908|code|LDR             R2, [R7,R2]; _ZNSs4_Rep20_S_empty_rep_storageE_ptr ...|186-88
96910|code|SUB.W           R0, R3, #0xC|163-241-12-0
96914|code|CMP             R0, R2|144-66
96916|code|BEQ             loc_17A9C|2-208
96918|code|ADD             R1, SP, #0xB0+var_9C|5-169
96920|code|BL              sub_12B78|251-247-110-248
96924|code|LDR             R2, =(_ZTIN5YAPET14YAPETExceptionE_ptr - 0x2E000)|74-74
96926|code|MOV             R0, R6; void *|48-70
96928|code|LDR             R3, =(off_2E21C - 0x2E000)|74-75
96930|code|LDR             R1, [R7,R2]; _ZTIN5YAPET14YAPETExceptionE_ptr ; lptinfo|185-88
96932|code|LDR             R2, [R7,R3]; YAPET::YAPETException::~YAPETException() ; void (__cdecl *)(void *)|250-88
96934|code|BLX             __cxa_throw|250-247-192-239
96938|code|MOV             R4, R0|4-70
96940|code|MOV             R0, R6; void *|48-70
96942|code|MOV             R6, R1|14-70
96944|code|BLX             __cxa_free_exception|250-247-60-238
96948|code|LDR             R0, [SP,#0xB0+s]; s|13-152
96950|code|MOVS            R1, #0; c|0-33
96952|code|LDR             R2, [SP,#0xB0+n]; n|12-154
96954|code|ADDS            R5, #8|8-53
96956|code|STR             R5, [SP,#0xB0+var_84]|11-149
96958|code|BLX             memset|250-247-22-238
96962|code|LDR             R0, [SP,#0xB0+s]; ptr|13-152
96964|code|BLX             free|250-247-184-237
96968|code|ADD             R0, SP, #0xB0+var_6C|17-168
96970|code|BL              sub_15DB4|254-247-115-249
96974|code|MOV             R0, R4; void *|32-70
96976|code|MOV             R1, R6|49-70
96978|code|ADDS            R1, #1|1-49
96980|code|BEQ             loc_17B94|94-208
96982|code|BLX             __cxa_end_cleanup|250-247-190-238
96986|code|MOVS            R0, #0xC; thrown_size|12-32
96988|code|ADD.W           R4, SP, R0|13-235-0-4
96992|code|BLX             __cxa_allocate_exception|250-247-218-237
96996|code|LDR             R1, =(aEofEncountered - 0x17AEA); "EOF encountered while reading header"|58-73
96998|code|ADD             R1, PC; "EOF encountered while reading header"|121-68
97000|code|MOV             R6, R0|6-70
97002|code|LDR             R0, =(aYapet - 0x17AF0); "yapet"|58-72
97004|code|ADD             R0, PC; "yapet"|120-68
97006|code|BLX             dgettext|250-247-234-239
97010|code|ADD             R2, SP, #0xB0+var_A0|4-170
97012|code|MOV             R1, R0|1-70
97014|code|MOV             R0, R4|32-70
97016|code|BLX             _ZNSsC1EPKcRKSaIcE; std::string::string(char const*,std::allocator<char> const&)|250-247-184-238
97020|code|MOV             R0, R6|48-70
97022|code|MOV             R1, R4|33-70
97024|code|BL              sub_15E40|254-247-158-249
97028|code|LDR             R2, =(_ZNSs4_Rep20_S_empty_rep_storageE_ptr - 0x2E000)|47-74
97030|code|LDR             R3, [SP,#0xB0+var_A4]|3-155
97032|code|LDR             R2, [R7,R2]; _ZNSs4_Rep20_S_empty_rep_storageE_ptr ...|186-88
97034|code|SUB.W           R0, R3, #0xC|163-241-12-0
97038|code|CMP             R0, R2|144-66
97040|code|BEQ             loc_17B18|2-208
97042|code|ADD             R1, SP, #0xB0+var_9C|5-169
97044|code|BL              sub_12B78|251-247-48-248
97048|code|LDR             R2, =(_ZTIN5YAPET14YAPETExceptionE_ptr - 0x2E000)|43-74
97050|code|MOV             R0, R6; void *|48-70
97052|code|LDR             R3, =(off_2E21C - 0x2E000)|43-75
97054|code|LDR             R1, [R7,R2]; _ZTIN5YAPET14YAPETExceptionE_ptr ; lptinfo|185-88
97056|code|LDR             R2, [R7,R3]; YAPET::YAPETException::~YAPETException() ; void (__cdecl *)(void *)|250-88
97058|code|BLX             __cxa_throw|250-247-130-239
97062|code|B               loc_17AAA|192-231
97064|code|MOVS            R0, #0xC; thrown_size|12-32
97066|code|ADD             R4, SP, #0xB0+var_9C|5-172
97068|code|BLX             __cxa_allocate_exception|250-247-180-237
97072|code|LDR             R1, =(aMemoryExhauste - 0x17B36); "Memory exhausted"|41-73
97074|code|ADD             R1, PC; "Memory exhausted"|121-68
97076|code|MOV             R6, R0|6-70
97078|code|LDR             R0, =(aYapet - 0x17B3C); "yapet"|41-72
97080|code|ADD             R0, PC; "yapet"|120-68
97082|code|BLX             dgettext|250-247-196-239
97086|code|ADD             R2, SP, #0xB0+var_A0|4-170
97088|code|MOV             R1, R0|1-70
97090|code|MOV             R0, R4|32-70
97092|code|BLX             _ZNSsC1EPKcRKSaIcE; std::string::string(char const*,std::allocator<char> const&)|250-247-146-238
97096|code|MOV             R0, R6|48-70
97098|code|MOV             R1, R4|33-70
97100|code|BL              sub_15E40|254-247-120-249
97104|code|LDR             R2, =(_ZNSs4_Rep20_S_empty_rep_storageE_ptr - 0x2E000)|28-74
97106|code|LDR             R3, [SP,#0xB0+var_9C]|5-155
97108|code|LDR             R2, [R7,R2]; _ZNSs4_Rep20_S_empty_rep_storageE_ptr ...|186-88
97110|code|SUB.W           R0, R3, #0xC|163-241-12-0
97114|code|CMP             R0, R2|144-66
97116|code|BEQ             loc_17B64|2-208
97118|code|ADD             R1, SP, #0xB0+var_A4|3-169
97120|code|BL              sub_12B78|251-247-10-248
97124|code|LDR             R2, =(_ZTIN5YAPET14YAPETExceptionE_ptr - 0x2E000)|24-74
97126|code|MOV             R0, R6; void *|48-70
97128|code|LDR             R3, =(off_2E21C - 0x2E000)|24-75
97130|code|LDR             R1, [R7,R2]; _ZTIN5YAPET14YAPETExceptionE_ptr ; lptinfo|185-88
97132|code|LDR             R2, [R7,R3]; YAPET::YAPETException::~YAPETException() ; void (__cdecl *)(void *)|250-88
97134|code|BLX             __cxa_throw|250-247-92-239
97138|code|MOV             R4, R0|4-70
97140|code|MOV             R5, R1|13-70
97142|code|MOV             R0, R6; void *|48-70
97144|code|BLX             __cxa_free_exception|250-247-216-237
97148|code|MOV             R0, R4; void *|32-70
97150|code|MOV             R1, R5|41-70
97152|code|ADDS            R2, R1, #1|74-28
97154|code|BEQ             loc_17BA0|13-208
97156|code|ADDS            R3, R1, #1|75-28
97158|code|BEQ             loc_17B9C|9-208
97160|code|MOV             R4, R0|4-70
97162|code|MOV             R6, R1|14-70
97164|code|B               loc_17AC8|156-231
97166|code|MOV             R4, R0|4-70
97168|code|MOV             R6, R1|14-70
97170|code|B               loc_17AB4|143-231
97172|code|BLX             __cxa_call_unexpected|250-247-142-238
97176|code|B               loc_17AD2|155-231
97178|code|B               loc_17B80|241-231
97180|code|BLX             __cxa_call_unexpected|250-247-138-238
97184|code|BLX             __cxa_call_unexpected|250-247-136-238
97188|code|B               loc_17B88|240-231
97190|code|B               loc_17B84|237-231
97192|data|DCD _GLOBAL_OFFSET_TABLE_ - 0x17936|202-102-1-0
97196|data|DCD __stack_chk_guard_ptr - 0x2E000|208-1-0-0
97200|data|DCD _ZTVN5YAPET6RecordINS_13FileHeader_64EEE_ptr - 0x2E000|16-2-0-0
97204|data|DCD aYapet10 - 0x1796E; "YAPET1.0"|62-71-0-0
97208|data|DCD off_2E1D4 - 0x2E000|212-1-0-0
97212|data|DCD aSanityCheckFor - 0x17A6E; "Sanity check for control field failed"|6-73-0-0
97216|data|DCD aYapet - 0x17A74; "yapet"|0-66-0-0
97220|data|DCD _ZNSs4_Rep20_S_empty_rep_storageE_ptr - 0x2E000|196-1-0-0
97224|data|DCD _ZTIN5YAPET14YAPETExceptionE_ptr - 0x2E000|200-1-0-0
97228|data|DCD off_2E21C - 0x2E000|28-2-0-0
97232|data|DCD aEofEncountered - 0x17AEA; "EOF encountered while reading header"|98-72-0-0
97236|data|DCD aYapet - 0x17AF0; "yapet"|132-65-0-0
97240|data|DCD aMemoryExhauste - 0x17B36; "Memory exhausted"|70-65-0-0
97244|data|DCD aYapet - 0x17B3C; "yapet"|56-65-0-0
97248|code|PUSH.W          {R4-R10,LR}|45-233-240-71
97252|code|MOV             R9, R3|153-70
97254|code|LDR             R5, =(_GLOBAL_OFFSET_TABLE_ - 0x17BF2)|175-77
97256|code|SUB             SP, SP, #0x60|152-176
97258|code|LDR             R4, =(__stack_chk_guard_ptr - 0x2E000)|175-76
97260|code|MOV             R6, R2|22-70
97262|code|ADD             R5, PC; _GLOBAL_OFFSET_TABLE_|125-68
97264|code|LDR             R7, [R5,R4]; __stack_chk_guard|47-89
97266|code|LDR             R3, [R7]|59-104
97268|code|STR             R3, [SP,#0x80+var_24]|23-147
97270|code|CBZ             R2, loc_17C3E|18-179
97272|code|CMP.W           R9, #0|185-241-0-15
97276|code|BEQ             loc_17C90|72-208
97278|code|ADD.W           R8, SP, #0x80+var_70|13-241-16-8
97282|code|MOV             R10, R0|130-70
97284|code|MOV             R0, R8|64-70
97286|code|BL              sub_1A8E0|2-240-107-254
97290|code|MOV             R0, R10|80-70
97292|code|BL              sub_16D60|255-247-168-248
97296|code|MOV             R4, R0|4-70
97298|code|MOV             R0, R8|64-70
97300|code|MOV             R1, R4|33-70
97302|code|BL              sub_19AFC|1-240-113-255
97306|code|STR             R0, [R6]|48-96
97308|code|CBZ             R4, loc_17C2A|44-177
97310|code|MOV             R0, R4|32-70
97312|code|BL              sub_1AC38|3-240-10-248
97316|code|MOV             R0, R4; void *|32-70
97318|code|BLX             _ZdlPv; operator delete(void *)|250-247-200-237
97322|code|ADD             R0, SP, #0x80+var_64|7-168
97324|code|BL              sub_15DB4|254-247-194-248
97328|code|LDR             R2, [SP,#0x80+var_24]|23-154
97330|code|LDR             R3, [R7]|59-104
97332|code|CMP             R2, R3|154-66
97334|code|BNE             loc_17C8C|41-209
97336|code|ADD             SP, SP, #0x60 ; '`'|24-176
97338|code|POP.W           {R4-R10,PC}|189-232-240-135
97342|code|MOVS            R0, #0xC; thrown_size|12-32
97344|code|ADD             R4, SP, #0x80+var_78|2-172
97346|code|BLX             __cxa_allocate_exception|250-247-42-237
97350|code|LDR             R1, =(aNullPointerPas - 0x17C4C); "Null pointer passed in ptr32"|153-73
97352|code|ADD             R1, PC; "Null pointer passed in ptr32"|121-68
97354|code|MOV             R6, R0|6-70
97356|code|LDR             R0, =(aYapet - 0x17C52); "yapet"|152-72
97358|code|ADD             R0, PC; "yapet"|120-68
97360|code|BLX             dgettext|250-247-56-239
97364|code|ADD             R2, SP, #0x80+var_7C|1-170
97366|code|MOV             R1, R0|1-70
97368|code|MOV             R0, R4|32-70
97370|code|BLX             _ZNSsC1EPKcRKSaIcE; std::string::string(char const*,std::allocator<char> const&)|250-247-8-238
97374|code|MOVS            R2, #3|3-34
97376|code|MOV             R0, R6|48-70
97378|code|MOV             R1, R4|33-70
97380|code|BL              sub_190E4|1-240-62-250
97384|code|LDR             R2, =(_ZNSs4_Rep20_S_empty_rep_storageE_ptr - 0x2E000)|146-74
97386|code|LDR             R3, [SP,#0x80+var_78]|2-155
97388|code|LDR             R2, [R5,R2]; _ZNSs4_Rep20_S_empty_rep_storageE_ptr ...|170-88
97390|code|SUB.W           R0, R3, #0xC|163-241-12-0
97394|code|CMP             R0, R2|144-66
97396|code|BNE             loc_17D02|69-209
97398|code|LDR             R2, =(_ZTIN5YAPET14YAPETExceptionE_ptr - 0x2E000)|144-74
97400|code|MOV             R0, R6; void *|48-70
97402|code|LDR             R3, =(off_2E21C - 0x2E000)|144-75
97404|code|LDR             R1, [R5,R2]; _ZTIN5YAPET14YAPETExceptionE_ptr ; lptinfo|169-88
97406|code|LDR             R2, [R5,R3]; YAPET::YAPETException::~YAPETException() ; void (__cdecl *)(void *)|234-88
97408|code|BLX             __cxa_throw|250-247-210-238
97412|code|ADDS            R1, #1|1-49
97414|code|BEQ             loc_17D0A|64-208
97416|code|BLX             __cxa_end_cleanup|250-247-228-237
97420|code|BLX             __stack_chk_fail|250-247-220-237
97424|code|MOVS            R0, #0xC; thrown_size|12-32
97426|code|ADD.W           R4, SP, R0|13-235-0-4
97430|code|BLX             __cxa_allocate_exception|250-247-0-237
97434|code|LDR             R1, =(aNullPointerPas_0 - 0x17CA0); "Null pointer passed in ptr64"|137-73
97436|code|ADD             R1, PC; "Null pointer passed in ptr64"|121-68
97438|code|MOV             R6, R0|6-70
97440|code|LDR             R0, =(aYapet - 0x17CA6); "yapet"|136-72
97442|code|ADD             R0, PC; "yapet"|120-68
97444|code|BLX             dgettext|250-247-14-239
97448|code|ADD             R2, SP, #0x80+var_7C|1-170
97450|code|MOV             R1, R0|1-70
97452|code|MOV             R0, R4|32-70
97454|code|BLX             _ZNSsC1EPKcRKSaIcE; std::string::string(char const*,std::allocator<char> const&)|250-247-222-237
97458|code|MOVS            R2, #3|3-34
97460|code|MOV             R0, R6|48-70
97462|code|MOV             R1, R4|33-70
97464|code|BL              sub_190E4|1-240-20-250
97468|code|LDR             R2, =(_ZNSs4_Rep20_S_empty_rep_storageE_ptr - 0x2E000)|125-74
97470|code|LDR             R3, [SP,#0x80+var_74]|3-155
97472|code|LDR             R2, [R5,R2]; _ZNSs4_Rep20_S_empty_rep_storageE_ptr ...|170-88
97474|code|SUB.W           R0, R3, #0xC|163-241-12-0
97478|code|CMP             R0, R2|144-66
97480|code|BNE             loc_17CF8|22-209
97482|code|LDR             R2, =(_ZTIN5YAPET14YAPETExceptionE_ptr - 0x2E000)|123-74
97484|code|MOV             R0, R6; void *|48-70
97486|code|LDR             R3, =(off_2E21C - 0x2E000)|123-75
97488|code|LDR             R1, [R5,R2]; _ZTIN5YAPET14YAPETExceptionE_ptr ; lptinfo|169-88
97490|code|LDR             R2, [R5,R3]; YAPET::YAPETException::~YAPETException() ; void (__cdecl *)(void *)|234-88
97492|code|BLX             __cxa_throw|250-247-168-238
97496|code|MOV             R5, R0|5-70
97498|code|MOV             R4, R1|12-70
97500|code|MOV             R0, R6; void *|48-70
97502|code|BLX             __cxa_free_exception|250-247-38-237
97506|code|MOV             R0, R5; void *|40-70
97508|code|MOV             R1, R4|33-70
97510|code|B               loc_17C84|205-231
97512|code|MOV             R5, R0|5-70
97514|code|MOV             R4, R1|12-70
97516|code|ADD             R0, SP, #0x80+var_64|7-168
97518|code|BL              sub_15DB4|254-247-97-248
97522|code|MOV             R0, R5|40-70
97524|code|MOV             R1, R4|33-70
97526|code|B               loc_17C84|197-231
97528|code|ADD             R1, SP, #0x80+var_78|2-169
97530|code|BL              sub_12B78|250-247-61-255
97534|code|B               loc_17CCA|228-231
97536|code|B               loc_17CD8|234-231
97538|code|ADD             R1, SP, #0x80+var_74|3-169
97540|code|BL              sub_12B78|250-247-56-255
97544|code|B               loc_17C76|181-231
97546|code|BLX             __cxa_call_unexpected|250-247-212-237
97550|code|CMP             R1, #2|2-41
97552|code|MOV             R3, R0|3-70
97554|code|BNE             loc_17D4C|27-209
97556|code|BLX             __cxa_begin_catch|250-247-168-236
97560|code|LDR             R0, [R6]|48-104
97562|code|CBZ             R0, loc_17D26|32-177
97564|code|LDR             R3, [R0]|3-104
97566|code|LDR             R3, [R3,#4]|91-104
97568|code|BLX             R3|152-71
97570|code|MOVS            R3, #0|0-35
97572|code|STR             R3, [R6]|51-96
97574|code|MOV             R0, R8|64-70
97576|code|MOV             R1, R4|33-70
97578|code|BL              sub_193E4|1-240-91-251
97582|code|STR.W           R0, [R9]|201-248-0-0
97586|code|BLX             __cxa_end_catch|250-247-86-238
97590|code|B               loc_17C1C|113-231
97592|code|CMP             R1, #1|1-41
97594|code|BEQ             loc_17E36|124-208
97596|code|CMP             R1, #2|2-41
97598|code|BEQ             loc_17E1C|109-208
97600|code|MOV             R8, R0|128-70
97602|code|MOV             R7, R1|15-70
97604|code|BLX             __cxa_end_catch|250-247-76-238
97608|code|MOV             R3, R8|67-70
97610|code|MOV             R1, R7|57-70
97612|code|CMP             R1, #1|1-41
97614|code|BEQ             loc_17D9C|37-208
97616|code|CMP             R1, #2|2-41
97618|code|BEQ             loc_17D5A|2-208
97620|code|MOV             R5, R3|29-70
97622|code|MOV             R4, R1|12-70
97624|code|B               loc_17CEC|200-231
97626|code|MOV             R0, R3; void *|24-70
97628|code|BLX             __cxa_begin_catch|250-247-132-236
97632|code|CBZ             R4, loc_17D6E|44-177
97634|code|MOV             R0, R4|32-70
97636|code|BL              sub_1AC38|2-240-104-255
97640|code|MOV             R0, R4; void *|32-70
97642|code|BLX             _ZdlPv; operator delete(void *)|250-247-38-237
97646|code|LDR             R0, [R6]|48-104
97648|code|CBZ             R0, loc_17D92|120-177
97650|code|LDR             R3, [R0]|3-104
97652|code|LDR             R3, [R3,#4]|91-104
97654|code|BLX             R3|152-71
97656|code|MOVS            R3, #0|0-35
97658|code|STR             R3, [R6]|51-96
97660|code|LDR.W           R0, [R9]|217-248-0-0
97664|code|CBZ             R0, loc_17D8E|40-177
97666|code|LDR             R3, [R0]|3-104
97668|code|LDR             R3, [R3,#4]|91-104
97670|code|BLX             R3|152-71
97672|code|MOVS            R3, #0|0-35
97674|code|STR.W           R3, [R9]|201-248-0-48
97678|code|BLX             __cxa_rethrow|250-247-224-237
97682|code|LDR.W           R0, [R9]|217-248-0-0
97686|code|CMP             R0, #0|0-40
97688|code|BNE             loc_17D82|243-209
97690|code|B               loc_17D8E|248-231
97692|code|MOV             R0, R3; void *|24-70
97694|code|BLX             __cxa_begin_catch|250-247-100-236
97698|code|CBZ             R4, loc_17DB0|44-177
97700|code|MOV             R0, R4|32-70
97702|code|BL              sub_1AC38|2-240-71-255
97706|code|MOV             R0, R4; void *|32-70
97708|code|BLX             _ZdlPv; operator delete(void *)|250-247-4-237
97712|code|LDR             R0, [R6]|48-104
97714|code|CBZ             R0, loc_17DEA|208-177
97716|code|LDR             R3, [R0]|3-104
97718|code|LDR             R3, [R3,#4]|91-104
97720|code|BLX             R3|152-71
97722|code|MOVS            R3, #0|0-35
97724|code|STR             R3, [R6]|51-96
97726|code|LDR.W           R0, [R9]|217-248-0-0
97730|code|CBZ             R0, loc_17DD0|40-177
97732|code|LDR             R3, [R0]|3-104
97734|code|LDR             R3, [R3,#4]|91-104
97736|code|BLX             R3|152-71
97738|code|MOVS            R3, #0|0-35
97740|code|STR.W           R3, [R9]|201-248-0-48
97744|code|MOVS            R0, #0xC; thrown_size|12-32
97746|code|BLX             __cxa_allocate_exception|250-247-98-236
97750|code|MOV             R4, R0|4-70
97752|code|BL              sub_192B0|1-240-106-250
97756|code|LDR             R2, =0x1E8|58-74
97758|code|MOV             R0, R4; void *|32-70
97760|code|LDR             R3, =0x1C0|58-75
97762|code|LDR             R1, [R5,R2]; lptinfo|169-88
97764|code|LDR             R2, [R5,R3]; void (__cdecl *)(void *)|234-88
97766|code|BLX             __cxa_throw|250-247-32-238
97770|code|LDR.W           R0, [R9]|217-248-0-0
97774|code|CMP             R0, #0|0-40
97776|code|BNE             loc_17DC4|232-209
97778|code|B               loc_17DD0|237-231
97780|code|MOV             R5, R0|5-70
97782|code|MOV             R4, R1|12-70
97784|code|BLX             __cxa_end_catch|250-247-242-237
97788|code|B               loc_17CEC|118-231
97790|code|B               loc_17DF4|249-231
97792|code|CMP             R1, #1|1-41
97794|code|MOV             R3, R0|3-70
97796|code|BEQ             loc_17E16|7-208
97798|code|CMP             R1, #2|2-41
97800|code|BNE             loc_17D54|164-209
97802|code|BLX             __cxa_begin_catch|250-247-46-236
97806|code|B               loc_17D6E|174-231
97808|code|MOV             R8, R0|128-70
97810|code|MOV             R7, R1|15-70
97812|code|B               loc_17D44|150-231
97814|code|BLX             __cxa_begin_catch|250-247-40-236
97818|code|B               loc_17DB0|201-231
97820|code|BLX             __cxa_begin_catch|250-247-36-236
97824|code|LDR.W           R0, [R9]|217-248-0-0
97828|code|CBZ             R0, loc_17E32|40-177
97830|code|LDR             R3, [R0]|3-104
97832|code|LDR             R3, [R3,#4]|91-104
97834|code|BLX             R3|152-71
97836|code|MOVS            R3, #0|0-35
97838|code|STR.W           R3, [R9]|201-248-0-48
97842|code|BLX             __cxa_rethrow|250-247-142-237
97846|code|BLX             __cxa_begin_catch|250-247-24-236
97850|code|CBZ             R4, loc_17E48|44-177
97852|code|MOV             R0, R4|32-70
97854|code|BL              sub_1AC38|2-240-251-254
97858|code|MOV             R0, R4; void *|32-70
97860|code|BLX             _ZdlPv; operator delete(void *)|250-247-184-236
97864|code|LDR             R0, [R6]|48-104
97866|code|CBZ             R0, loc_17E90|8-179
97868|code|LDR             R3, [R0]|3-104
97870|code|LDR             R3, [R3,#4]|91-104
97872|code|BLX             R3|152-71
97874|code|MOVS            R3, #0|0-35
97876|code|STR             R3, [R6]|51-96
97878|code|LDR.W           R0, [R9]|217-248-0-0
97882|code|CBZ             R0, loc_17E68|40-177
97884|code|LDR             R3, [R0]|3-104
97886|code|LDR             R3, [R3,#4]|91-104
97888|code|BLX             R3|152-71
97890|code|MOVS            R3, #0|0-35
97892|code|STR.W           R3, [R9]|201-248-0-48
97896|code|MOVS            R0, #0xC; thrown_size|12-32
97898|code|BLX             __cxa_allocate_exception|250-247-22-236
97902|code|MOV             R4, R0|4-70
97904|code|BL              sub_192B0|1-240-30-250
97908|code|LDR             R2, =0x1E8|20-74
97910|code|MOV             R0, R4; void *|32-70
97912|code|LDR             R3, =0x1C0|20-75
97914|code|LDR             R1, [R5,R2]; lptinfo|169-88
97916|code|LDR             R2, [R5,R3]; void (__cdecl *)(void *)|234-88
97918|code|BLX             __cxa_throw|250-247-212-237
97922|code|MOV             R8, R0|128-70
97924|code|MOV             R7, R1|15-70
97926|code|MOVS            R4, #0|0-36
97928|code|BLX             __cxa_end_catch|250-247-170-237
97932|code|B               loc_17D44|90-231
97934|code|B               loc_17E82|248-231
97936|code|LDR.W           R0, [R9]|217-248-0-0
97940|code|CMP             R0, #0|0-40
97942|code|BNE             loc_17E5C|225-209
97944|code|B               loc_17E68|230-231
97946|code|B               loc_17E82|242-231
97948|code|MOV             R8, R0|128-70
97950|code|MOV             R7, R1|15-70
97952|code|B               loc_17E88|242-231
97954|code|B               loc_17E9C|251-231
97956|data|DCD _GLOBAL_OFFSET_TABLE_ - 0x17BF2|14-100-1-0
97960|data|DCD __stack_chk_guard_ptr - 0x2E000|208-1-0-0
97964|data|DCD aNullPointerPas - 0x17C4C; "Null pointer passed in ptr32"|80-71-0-0
97968|data|DCD aYapet - 0x17C52; "yapet"|34-64-0-0
97972|data|DCD _ZNSs4_Rep20_S_empty_rep_storageE_ptr - 0x2E000|196-1-0-0
97976|data|DCD _ZTIN5YAPET14YAPETExceptionE_ptr - 0x2E000|200-1-0-0
97980|data|DCD off_2E21C - 0x2E000|28-2-0-0
97984|data|DCD aNullPointerPas_0 - 0x17CA0; "Null pointer passed in ptr64"|28-71-0-0
97988|data|DCD aYapet - 0x17CA6; "yapet"|206-63-0-0
97992|data|DCD 0x1E8|232-1-0-0
97996|data|DCD 0x1C0|192-1-0-0
98000|code|PUSH.W          {R4-R8,LR}|45-233-240-65
98004|code|SUB             SP, SP, #0x10|132-176
98006|code|LDR             R6, =(_GLOBAL_OFFSET_TABLE_ - 0x17EE2)|65-78
98008|code|ADD             R2, SP, #0x28+var_24|1-170
98010|code|LDR             R4, =(__stack_chk_guard_ptr - 0x2E000)|65-76
98012|code|ADD             R3, SP, #0x28+var_20|2-171
98014|code|ADD             R6, PC; _GLOBAL_OFFSET_TABLE_|126-68
98016|code|MOVS            R5, #0|0-37
98018|code|LDR             R7, [R6,R4]; __stack_chk_guard|55-89
98020|code|STR             R5, [SP,#0x28+var_24]|1-149
98022|code|STR             R5, [SP,#0x28+var_20]|2-149
98024|code|LDR             R4, [R7]|60-104
98026|code|STR             R4, [SP,#0x28+var_1C]|3-148
98028|code|BL              sub_17BE0|255-247-120-254
98032|code|LDR             R5, [SP,#0x28+var_24]|1-157
98034|code|LDR             R4, [SP,#0x28+var_20]|2-156
98036|code|CMP             R5, #0|0-45
98038|code|BEQ             loc_17F94|77-208
98040|code|LDR             R0, [R5,#8]|168-104
98042|code|CMP             R4, #0|0-44
98044|code|BEQ             loc_17FAE|87-208
98046|code|LDR             R3, [R4,#8]|163-104
98048|code|CMP             R0, #0|0-40
98050|code|BEQ             loc_17F9C|75-208
98052|code|LDR             R1, =(aYapet10 - 0x17F0E); "YAPET1.0"|55-73
98054|code|ADDS            R0, #1; s1|1-48
98056|code|MOVS            R2, #0x14; n|20-34
98058|code|ADD             R1, PC; "YAPET1.0"|121-68
98060|code|ADDS            R1, #0xC; s2|12-49
98062|code|BLX             memcmp|250-247-170-237
98066|code|MOV             R8, R0|128-70
98068|code|CBZ             R5, loc_17F58|5-179
98070|code|LDR             R2, [R5]|42-104
98072|code|LDR             R3, =(off_2E1E4 - 0x2E000)|51-75
98074|code|LDR             R2, [R2,#4]|82-104
98076|code|LDR             R3, [R6,R3]; YAPET::Record<YAPET::FileHeader_32>::~Record()|243-88
98078|code|CMP             R2, R3|154-66
98080|code|BNE             loc_17F88|50-209
98082|code|LDR             R3, =(_ZTVN5YAPET6RecordINS_13FileHeader_32EEE_ptr - 0x2E000)|50-75
98084|code|MOVS            R1, #0; c|0-33
98086|code|LDR             R2, [R5,#4]; n|106-104
98088|code|LDR             R0, [R5,#8]; s|168-104
98090|code|LDR             R3, [R6,R3]; _ZTVN5YAPET6RecordINS_13FileHeader_32EEE_ptr ...|243-88
98092|code|ADDS            R3, #8|8-51
98094|code|STR             R3, [R5]|43-96
98096|code|BLX             memset|250-247-220-235
98100|code|LDR             R0, [R5,#8]; ptr|168-104
98102|code|BLX             free|250-247-128-235
98106|code|MOV             R0, R5; void *|40-70
98108|code|BLX             _ZdlPv; operator delete(void *)|250-247-60-236
98112|code|LDR             R4, [SP,#0x28+var_20]|2-156
98114|code|CBNZ            R4, loc_17F5C|92-185
98116|code|CMP.W           R8, #0|184-241-0-15
98120|code|BNE             loc_17FB6|53-209
98122|code|LDR             R2, [SP,#0x28+var_1C]|3-154
98124|code|LDR             R3, [R7]|59-104
98126|code|CMP             R2, R3|154-66
98128|code|BNE             loc_17FB2|47-209
98130|code|ADD             SP, SP, #0x10|4-176
98132|code|POP.W           {R4-R8,PC}|189-232-240-129
98136|code|CMP             R4, #0|0-44
98138|code|BEQ             loc_17F44|243-208
98140|code|LDR             R2, [R4]|34-104
98142|code|LDR             R3, =(off_2E1D4 - 0x2E000)|36-75
98144|code|LDR             R2, [R2,#4]|82-104
98146|code|LDR             R3, [R6,R3]; YAPET::Record<YAPET::FileHeader_64>::~Record()|243-88
98148|code|CMP             R2, R3|154-66
98150|code|BNE             loc_17F8E|18-209
98152|code|LDR             R3, =(_ZTVN5YAPET6RecordINS_13FileHeader_64EEE_ptr - 0x2E000)|34-75
98154|code|MOVS            R1, #0; c|0-33
98156|code|LDR             R2, [R4,#4]; n|98-104
98158|code|LDR             R0, [R4,#8]; s|160-104
98160|code|LDR             R3, [R6,R3]; _ZTVN5YAPET6RecordINS_13FileHeader_64EEE_ptr ...|243-88
98162|code|ADDS            R3, #8|8-51
98164|code|STR             R3, [R4]|35-96
98166|code|BLX             memset|250-247-186-235
98170|code|LDR             R0, [R4,#8]; ptr|160-104
98172|code|BLX             free|250-247-92-235
98176|code|MOV             R0, R4; void *|32-70
98178|code|BLX             _ZdlPv; operator delete(void *)|250-247-26-236
98182|code|B               loc_17F44|221-231
98184|code|MOV             R0, R5|40-70
98186|code|BLX             R2|144-71
98188|code|B               loc_17F40|216-231
98190|code|MOV             R0, R4|32-70
98192|code|BLX             R2|144-71
98194|code|B               loc_17F44|215-231
98196|code|MOV             R3, R4|35-70
98198|code|CBZ             R4, loc_17F9C|12-177
98200|code|MOV             R0, R5|40-70
98202|code|B               loc_17EFE|176-231
98204|code|LDR             R1, =(aYapet10 - 0x17FA6); "YAPET1.0"|22-73
98206|code|ADDS            R0, R3, #1; s1|88-28
98208|code|MOVS            R2, #0x14; n|20-34
98210|code|ADD             R1, PC; "YAPET1.0"|121-68
98212|code|ADDS            R1, #0xC; s2|12-49
98214|code|BLX             memcmp|250-247-94-237
98218|code|MOV             R8, R0|128-70
98220|code|B               loc_17F14|178-231
98222|code|MOV             R3, R4|35-70
98224|code|B               loc_17F00|166-231
98226|code|BLX             __stack_chk_fail|250-247-74-236
98230|code|MOVS            R0, #0xC; thrown_size|12-32
98232|code|BLX             __cxa_allocate_exception|250-247-110-235
98236|code|MOV             R4, R0|4-70
98238|code|BL              sub_192B0|1-240-119-249
98242|code|LDR             R2, =(_ZTIN5YAPET29YAPETInvalidPasswordExceptionE_ptr - 0x2E000)|14-74
98244|code|MOV             R0, R4; void *|32-70
98246|code|LDR             R3, =(off_2E1C0 - 0x2E000)|14-75
98248|code|LDR             R1, [R6,R2]; _ZTIN5YAPET29YAPETInvalidPasswordExceptionE_ptr ; lptinfo|177-88
98250|code|LDR             R2, [R6,R3]; YAPET::YAPETInvalidPasswordException::~YAPETInvalidPasswordException() ; void (__cdecl *)(void *)|242-88
98252|code|BLX             __cxa_throw|250-247-44-237
98256|code|ADDS            R1, #1|1-49
98258|code|BEQ             loc_17FD8|1-208
98260|code|BLX             __cxa_end_cleanup|250-247-62-236
98264|code|BLX             __cxa_call_unexpected|250-247-108-236
98268|data|DCD _GLOBAL_OFFSET_TABLE_ - 0x17EE2|30-97-1-0
98272|data|DCD __stack_chk_guard_ptr - 0x2E000|208-1-0-0
98276|data|DCD aYapet10 - 0x17F0E; "YAPET1.0"|158-65-0-0
98280|data|DCD off_2E1E4 - 0x2E000|228-1-0-0
98284|data|DCD _ZTVN5YAPET6RecordINS_13FileHeader_32EEE_ptr - 0x2E000|32-2-0-0
98288|data|DCD off_2E1D4 - 0x2E000|212-1-0-0
98292|data|DCD _ZTVN5YAPET6RecordINS_13FileHeader_64EEE_ptr - 0x2E000|16-2-0-0
98296|data|DCD aYapet10 - 0x17FA6; "YAPET1.0"|6-65-0-0
98300|data|DCD _ZTIN5YAPET29YAPETInvalidPasswordExceptionE_ptr - 0x2E000|232-1-0-0
98304|data|DCD off_2E1C0 - 0x2E000|192-1-0-0
98308|code|PUSH.W          {R4-R9,LR}|45-233-240-67
98312|code|MOV             R8, R3|152-70
98314|code|LDR             R6, =(_GLOBAL_OFFSET_TABLE_ - 0x18016)|36-78
98316|code|SUB             SP, SP, #0xC|131-176
98318|code|LDR             R5, =(__stack_chk_guard_ptr - 0x2E000)|36-77
98320|code|MOV             R4, R0|4-70
98322|code|ADD             R6, PC; _GLOBAL_OFFSET_TABLE_|126-68
98324|code|ADDS            R0, #4; this|4-48
98326|code|MOV             R7, R2|23-70
98328|code|LDRB.W          R9, [SP,#0x28+arg_0]|157-248-40-144
98332|code|LDR             R5, [R6,R5]; __stack_chk_guard|117-89
98334|code|LDR             R3, [R5]|43-104
98336|code|STR             R3, [SP,#0x28+var_24]|1-147
98338|code|BLX             _ZNSsC1ERKSs; std::string::string(std::string const&)|250-247-82-235
98342|code|MOVS            R2, #0|0-34
98344|code|MOVS            R3, #0|0-35
98346|code|STRB.W          R9, [R4,#0x10]|132-248-16-144
98350|code|MOV             R0, R4|32-70
98352|code|STRD.W          R2, R3, [R4,#8]|196-233-2-35
98356|code|CMP.W           R8, #0|184-241-0-15
98360|code|BEQ             loc_1805E|17-208
98362|code|BL              sub_16514|254-247-107-250
98366|code|MOV             R0, R4|32-70
98368|code|BL              sub_15FD8|253-247-202-255
98372|code|CBZ             R0, loc_18064|112-177
98374|code|MOV             R1, R7|57-70
98376|code|MOV             R0, R4|32-70
98378|code|BL              sub_17920|255-247-105-252
98382|code|LDR             R2, [SP,#0x28+var_24]|1-154
98384|code|MOV             R0, R4|32-70
98386|code|LDR             R3, [R5]|43-104
98388|code|CMP             R2, R3|154-66
98390|code|BNE             loc_1806E|10-209
98392|code|ADD             SP, SP, #0xC|3-176
98394|code|POP.W           {R4-R9,PC}|189-232-240-131
98398|code|BL              sub_165E4|254-247-193-250
98402|code|B               loc_1803E|236-231
98404|code|MOV             R1, R7|57-70
98406|code|MOV             R0, R4|32-70
98408|code|BL              sub_17ED0|255-247-50-255
98412|code|B               loc_1804E|239-231
98414|code|BLX             __stack_chk_fail|250-247-236-235
98418|code|LDR             R3, =0x1C4|12-75
98420|code|MOV             R5, R0|5-70
98422|code|LDR             R0, [R4,#4]|96-104
98424|code|MOV             R4, R1|12-70
98426|code|LDR             R3, [R6,R3]|243-88
98428|code|SUBS            R0, #0xC|12-56
98430|code|CMP             R0, R3|152-66
98432|code|BEQ             loc_18088|2-208
98434|code|MOV             R1, SP|105-70
98436|code|BL              sub_12B78|250-247-120-253
98440|code|MOV             R0, R5; void *|40-70
98442|code|MOV             R1, R4|33-70
98444|code|ADDS            R1, #1|1-49
98446|code|BEQ             loc_18096|2-208
98448|code|BLX             __cxa_end_cleanup|250-247-224-235
98452|code|B               loc_1808C|250-231
98454|code|BLX             __cxa_call_unexpected|250-247-14-236
98458|data|ALIGN 4|0-191
98460|data|DCD _GLOBAL_OFFSET_TABLE_ - 0x18016|234-95-1-0
98464|data|DCD __stack_chk_guard_ptr - 0x2E000|208-1-0-0
98468|data|DCD 0x1C4|196-1-0-0
98472|code|PUSH.W          {R4-R9,LR}|45-233-240-67
98476|code|SUB             SP, SP, #0x24 ; '$'|137-176
98478|code|LDR             R5, =(_GLOBAL_OFFSET_TABLE_ - 0x180BA)|76-77
98480|code|ADD             R3, SP, #4|1-171
98482|code|LDR             R4, =(__stack_chk_guard_ptr - 0x2E000)|76-76
98484|code|MOV             R2, SP|106-70
98486|code|ADD             R5, PC; _GLOBAL_OFFSET_TABLE_|125-68
98488|code|MOVS            R6, #0|0-38
98490|code|LDR.W           R8, [R5,R4]; __stack_chk_guard|85-248-4-128
98494|code|STR             R6, [SP]|0-150
98496|code|STR             R6, [SP,#4]|1-150
98498|code|LDR.W           R4, [R8]|216-248-0-64
98502|code|STR             R4, [SP,#0x1C]|7-148
98504|code|BL              sub_17BE0|255-247-138-253
98508|code|LDR.W           R9, [SP]|221-248-0-144
98512|code|LDR             R4, [SP,#4]|1-156
98514|code|CMP.W           R9, #0|185-241-0-15
98518|code|BEQ             loc_181B8|111-208
98520|code|LDR.W           R3, [R9,#8]|217-248-8-48
98524|code|CMP             R4, #0|0-44
98526|code|BEQ             loc_181CA|116-208
98528|code|LDR             R2, [R4,#8]|162-104
98530|code|CMP             R3, #0|0-43
98532|code|BEQ             loc_1818C|82-208
98534|code|LDR             R3, [R3,#0x18]|155-105
98536|code|MOVS            R6, #0|0-38
98538|code|UBFX.W          R2, R3, #8, #8|195-243-7-34
98542|code|BFI.W           R6, R3, #0x18, #8|99-243-31-102
98546|code|BFI.W           R6, R2, #0x10, #8|98-243-23-70
98550|code|UBFX.W          R2, R3, #0x10, #8|195-243-7-66
98554|code|BFI.W           R6, R2, #8, #8|98-243-15-38
98558|code|LSRS            R3, R3, #0x18|27-14
98560|code|BFI.W           R6, R3, #0, #8|99-243-7-6
98564|code|ASRS            R7, R6, #0x1F|247-23
98566|code|CMP.W           R9, #0|185-241-0-15
98570|code|BEQ             loc_18146|28-208
98572|code|LDR.W           R2, [R9]|217-248-0-32
98576|code|LDR             R3, =(off_2E1E4 - 0x2E000)|53-75
98578|code|LDR             R2, [R2,#4]|82-104
98580|code|LDR             R3, [R5,R3]; YAPET::Record<YAPET::FileHeader_32>::~Record()|235-88
98582|code|CMP             R2, R3|154-66
98584|code|BNE             loc_18186|53-209
98586|code|LDR             R3, =(_ZTVN5YAPET6RecordINS_13FileHeader_32EEE_ptr - 0x2E000)|52-75
98588|code|MOVS            R1, #0|0-33
98590|code|LDR.W           R2, [R9,#4]|217-248-4-32
98594|code|LDR.W           R0, [R9,#8]|217-248-8-0
98598|code|LDR             R3, [R5,R3]; _ZTVN5YAPET6RecordINS_13FileHeader_32EEE_ptr ...|235-88
98600|code|ADDS            R3, #8|8-51
98602|code|STR.W           R3, [R9]|201-248-0-48
98606|code|BLX             memset|250-247-222-234
98610|code|LDR.W           R0, [R9,#8]|217-248-8-0
98614|code|BLX             free|250-247-128-234
98618|code|MOV             R0, R9|72-70
98620|code|BLX             _ZdlPv; operator delete(void *)|250-247-60-235
98624|code|LDR             R4, [SP,#4]|1-156
98626|code|CBNZ            R4, loc_18148|12-185
98628|code|B               loc_18172|21-224
98630|code|CBZ             R4, loc_18172|164-177
98632|code|LDR             R2, [R4]|34-104
98634|code|LDR             R3, =(off_2E1D4 - 0x2E000)|41-75
98636|code|LDR             R2, [R2,#4]|82-104
98638|code|LDR             R3, [R5,R3]; YAPET::Record<YAPET::FileHeader_64>::~Record()|235-88
98640|code|CMP             R2, R3|154-66
98642|code|BNE             loc_181C4|55-209
98644|code|LDR             R3, =(_ZTVN5YAPET6RecordINS_13FileHeader_64EEE_ptr - 0x2E000)|39-75
98646|code|MOVS            R1, #0|0-33
98648|code|LDR             R2, [R4,#4]|98-104
98650|code|LDR             R0, [R4,#8]|160-104
98652|code|LDR             R3, [R5,R3]; _ZTVN5YAPET6RecordINS_13FileHeader_64EEE_ptr ...|235-88
98654|code|ADDS            R3, #8|8-51
98656|code|STR             R3, [R4]|35-96
98658|code|BLX             memset|250-247-196-234
98662|code|LDR             R0, [R4,#8]|160-104
98664|code|BLX             free|250-247-102-234
98668|code|MOV             R0, R4|32-70
98670|code|BLX             _ZdlPv; operator delete(void *)|250-247-36-235
98674|code|LDR             R2, [SP,#0x1C]|7-154
98676|code|MOV             R0, R6|48-70
98678|code|LDR.W           R3, [R8]|216-248-0-48
98682|code|MOV             R1, R7|57-70
98684|code|CMP             R2, R3|154-66
98686|code|BNE             loc_181CE|38-209
98688|code|ADD             SP, SP, #0x24 ; '$'|9-176
98690|code|POP.W           {R4-R9,PC}|189-232-240-131
98694|code|MOV             R0, R9|72-70
98696|code|BLX             R2|144-71
98698|code|B               loc_18140|217-231
98700|code|LDRD.W          R2, R3, [R2,#0x18]|210-233-6-35
98704|code|ADD.W           R7, SP, #7|13-241-7-7
98708|code|ADD.W           LR, SP, #0x10|13-241-16-14
98712|code|ADD             R6, SP, #0x18|6-174
98714|code|MOVS            R0, #0|0-32
98716|code|MOVS            R1, #0|0-33
98718|code|STRD.W          R2, R3, [SP,#8]|205-233-2-35
98722|code|STRD.W          R0, R1, [SP,#0x10]|205-233-4-1
98726|code|LDRB.W          R3, [R7,#1]!|23-248-1-63
98730|code|STRB.W          R3, [R6,#-1]!|6-248-1-61
98734|code|CMP             R6, LR|118-69
98736|code|BNE             loc_181A6|249-209
98738|code|LDRD.W          R6, R7, [SP,#0x10]|221-233-4-103
98742|code|B               loc_18106|166-231
98744|code|MOV             R3, R9|75-70
98746|code|CMP             R4, #0|0-44
98748|code|BNE             loc_180E0|144-209
98750|code|LDRD.W          R2, R3, [R4,#0x18]|212-233-6-35
98754|code|UND             #0xFF|255-222
98756|code|MOV             R0, R4|32-70
98758|code|BLX             R2|144-71
98760|code|B               loc_18172|211-231
98762|code|MOV             R2, R4|34-70
98764|code|B               loc_180E2|137-231
98766|code|BLX             __stack_chk_fail|250-247-60-235
98770|code|ADDS            R1, #1|1-49
98772|code|BEQ             loc_181DA|1-208
98774|code|BLX             __cxa_end_cleanup|250-247-62-235
98778|code|BLX             __cxa_call_unexpected|250-247-108-235
98782|data|ALIGN 0x10|0-191
98784|data|DCD _GLOBAL_OFFSET_TABLE_ - 0x180BA|70-95-1-0
98788|data|DCD __stack_chk_guard_ptr - 0x2E000|208-1-0-0
98792|data|DCD off_2E1E4 - 0x2E000|228-1-0-0
98796|data|DCD _ZTVN5YAPET6RecordINS_13FileHeader_32EEE_ptr - 0x2E000|32-2-0-0
98800|data|DCD off_2E1D4 - 0x2E000|212-1-0-0
98804|data|DCD _ZTVN5YAPET6RecordINS_13FileHeader_64EEE_ptr - 0x2E000|16-2-0-0
98808|code|PUSH.W          {R4-R8,LR}|45-233-240-65
98812|code|SUB             SP, SP, #0x10|132-176
98814|code|LDR             R6, =(_GLOBAL_OFFSET_TABLE_ - 0x1820A)|52-78
98816|code|ADD             R2, SP, #4|1-170
98818|code|LDR             R4, =(__stack_chk_guard_ptr - 0x2E000)|52-76
98820|code|ADD             R3, SP, #8|2-171
98822|code|ADD             R6, PC; _GLOBAL_OFFSET_TABLE_|126-68
98824|code|MOVS            R5, #0|0-37
98826|code|LDR             R7, [R6,R4]; __stack_chk_guard|55-89
98828|code|STR             R5, [SP,#4]|1-149
98830|code|STR             R5, [SP,#8]|2-149
98832|code|LDR             R4, [R7]|60-104
98834|code|STR             R4, [SP,#0xC]|3-148
98836|code|BL              sub_17BE0|255-247-228-252
98840|code|LDR             R5, [SP,#4]|1-157
98842|code|LDR             R4, [SP,#8]|2-156
98844|code|CMP             R5, #0|0-45
98846|code|BEQ             loc_182AA|68-208
98848|code|LDR             R3, [R5,#8]|171-104
98850|code|CMP             R4, #0|0-44
98852|code|BEQ             loc_182BA|73-208
98854|code|LDR             R2, [R4,#8]|162-104
98856|code|CMP             R3, #0|0-43
98858|code|BEQ             loc_182A4|59-208
98860|code|LDRB.W          R8, [R3]|147-248-0-128
98864|code|CBZ             R5, loc_18262|189-177
98866|code|LDR             R2, [R5]|42-104
98868|code|LDR             R3, =(off_2E1E4 - 0x2E000)|40-75
98870|code|LDR             R2, [R2,#4]|82-104
98872|code|LDR             R3, [R6,R3]; YAPET::Record<YAPET::FileHeader_32>::~Record()|243-88
98874|code|CMP             R2, R3|154-66
98876|code|BNE             loc_1829E|47-209
98878|code|LDR             R3, =(_ZTVN5YAPET6RecordINS_13FileHeader_32EEE_ptr - 0x2E000)|39-75
98880|code|MOVS            R1, #0|0-33
98882|code|LDR             R2, [R5,#4]|106-104
98884|code|LDR             R0, [R5,#8]|168-104
98886|code|LDR             R3, [R6,R3]; _ZTVN5YAPET6RecordINS_13FileHeader_32EEE_ptr ...|243-88
98888|code|ADDS            R3, #8|8-51
98890|code|STR             R3, [R5]|43-96
98892|code|BLX             memset|250-247-78-234
98896|code|LDR             R0, [R5,#8]|168-104
98898|code|BLX             free|250-247-242-233
98902|code|MOV             R0, R5|40-70
98904|code|BLX             _ZdlPv; operator delete(void *)|250-247-174-234
98908|code|LDR             R4, [SP,#8]|2-156
98910|code|CBNZ            R4, loc_18264|12-185
98912|code|B               loc_1828E|21-224
98914|code|CBZ             R4, loc_1828E|164-177
98916|code|LDR             R2, [R4]|34-104
98918|code|LDR             R3, =(off_2E1D4 - 0x2E000)|30-75
98920|code|LDR             R2, [R2,#4]|82-104
98922|code|LDR             R3, [R6,R3]; YAPET::Record<YAPET::FileHeader_64>::~Record()|243-88
98924|code|CMP             R2, R3|154-66
98926|code|BNE             loc_182B4|33-209
98928|code|LDR             R3, =(_ZTVN5YAPET6RecordINS_13FileHeader_64EEE_ptr - 0x2E000)|28-75
98930|code|MOVS            R1, #0|0-33
98932|code|LDR             R2, [R4,#4]|98-104
98934|code|LDR             R0, [R4,#8]|160-104
98936|code|LDR             R3, [R6,R3]; _ZTVN5YAPET6RecordINS_13FileHeader_64EEE_ptr ...|243-88
98938|code|ADDS            R3, #8|8-51
98940|code|STR             R3, [R4]|35-96
98942|code|BLX             memset|250-247-54-234
98946|code|LDR             R0, [R4,#8]|160-104
98948|code|BLX             free|250-247-216-233
98952|code|MOV             R0, R4|32-70
98954|code|BLX             _ZdlPv; operator delete(void *)|250-247-150-234
98958|code|LDR             R2, [SP,#0xC]|3-154
98960|code|MOV             R0, R8|64-70
98962|code|LDR             R3, [R7]|59-104
98964|code|CMP             R2, R3|154-66
98966|code|BNE             loc_182BE|18-209
98968|code|ADD             SP, SP, #0x10|4-176
98970|code|POP.W           {R4-R8,PC}|189-232-240-129
98974|code|MOV             R0, R5|40-70
98976|code|BLX             R2|144-71
98978|code|B               loc_1825C|219-231
98980|code|LDRB.W          R8, [R2]|146-248-0-128
98984|code|B               loc_18230|194-231
98986|code|MOV             R3, R5|43-70
98988|code|CMP             R4, #0|0-44
98990|code|BNE             loc_18226|186-209
98992|code|LDRB            R3, [R4]|35-120
98994|code|UND             #0xFF|255-222
98996|code|MOV             R0, R4|32-70
98998|code|BLX             R2|144-71
99000|code|B               loc_1828E|233-231
99002|code|MOV             R2, R4|34-70
99004|code|B               loc_18228|180-231
99006|code|BLX             __stack_chk_fail|250-247-196-234
99010|code|ADDS            R1, #1|1-49
99012|code|BEQ             loc_182CA|1-208
99014|code|BLX             __cxa_end_cleanup|250-247-198-234
99018|code|BLX             __cxa_call_unexpected|250-247-244-234
99022|data|ALIGN 0x10|0-191
99024|data|DCD _GLOBAL_OFFSET_TABLE_ - 0x1820A|246-93-1-0
99028|data|DCD __stack_chk_guard_ptr - 0x2E000|208-1-0-0
99032|data|DCD off_2E1E4 - 0x2E000|228-1-0-0
99036|data|DCD _ZTVN5YAPET6RecordINS_13FileHeader_32EEE_ptr - 0x2E000|32-2-0-0
99040|data|DCD off_2E1D4 - 0x2E000|212-1-0-0
99044|data|DCD _ZTVN5YAPET6RecordINS_13FileHeader_64EEE_ptr - 0x2E000|16-2-0-0
99048|code|LDR             R3, =(_GLOBAL_OFFSET_TABLE_ - 0x182F6)|63-75
99050|code|PUSH.W          {R4-R10,LR}|45-233-240-71
99054|code|MOV             R9, R1|137-70
99056|code|LDR             R1, =(__stack_chk_guard_ptr - 0x2E000)|62-73
99058|code|ADD             R3, PC; _GLOBAL_OFFSET_TABLE_|123-68
99060|code|SUB             SP, SP, #0x90|164-176
99062|code|MOV             R7, R0|7-70
99064|code|MOV             R0, R9|72-70
99066|code|MOV             R8, R2|144-70
99068|code|LDR.W           R10, [R3,R1]; __stack_chk_guard|83-248-1-160
99072|code|LDR.W           R3, [R10]|218-248-0-48
99076|code|STR             R3, [SP,#0xB0+var_24]|35-147
99078|code|BL              sub_169A0|254-247-75-251
99082|code|STR             R7, [R7]|63-96
99084|code|MOV             R0, R9|72-70
99086|code|STR             R7, [R7,#4]|127-96
99088|code|BL              sub_16AD4|254-247-224-251
99092|code|MOV             R4, R0|4-70
99094|code|CBZ             R0, loc_1835C|8-179
99096|code|ADD             R6, SP, #0xB0+var_AC|1-174
99098|code|B               loc_1831E|0-224
99100|code|MOV             R4, R0|4-70
99102|code|MOV             R0, R6|48-70
99104|code|MOV             R1, R4|33-70
99106|code|MOV             R2, R8|66-70
99108|code|BL              sub_1B3FC|3-240-106-248
99112|code|MOVS            R0, #0x90; unsigned int|144-32
99114|code|BLX             _Znwj; operator new(uint)|250-247-82-233
99118|code|MOV             R5, R0|5-70
99120|code|MOV             R1, R6|49-70
99122|code|ADDS            R0, #8|8-48
99124|code|BL              sub_1AE80|2-240-164-253
99128|code|MOV             R0, R5|40-70
99130|code|MOV             R1, R7|57-70
99132|code|BLX             _ZNSt8__detail15_List_node_base7_M_hookEPS0_; std::__detail::_List_node_base::_M_hook(std::__detail::_List_node_base*)|250-247-78-233
99136|code|MOV             R0, R6|48-70
99138|code|BL              sub_1AE9C|2-240-171-253
99142|code|MOV             R0, R4|32-70
99144|code|BL              sub_1AC38|2-240-118-252
99148|code|MOV             R0, R4; void *|32-70
99150|code|BLX             _ZdlPv; operator delete(void *)|250-247-52-234
99154|code|MOV             R0, R9|72-70
99156|code|BL              sub_16AD4|254-247-190-251
99160|code|CMP             R0, #0|0-40
99162|code|BNE             loc_1831C|223-209
99164|code|LDR             R2, [SP,#0xB0+var_24]|35-154
99166|code|MOV             R0, R7|56-70
99168|code|LDR.W           R3, [R10]|218-248-0-48
99172|code|CMP             R2, R3|154-66
99174|code|BNE             loc_18376|6-209
99176|code|ADD             SP, SP, #0x90|36-176
99178|code|POP.W           {R4-R10,PC}|189-232-240-135
99182|code|ADDS            R1, #1|1-49
99184|code|BEQ             loc_1837A|3-208
99186|code|BLX             __cxa_end_cleanup|250-247-112-234
99190|code|BLX             __stack_chk_fail|250-247-104-234
99194|code|BLX             __cxa_call_unexpected|250-247-156-234
99198|code|BLX             __cxa_begin_catch|250-247-116-233
99202|code|MOV             R0, R5; void *|40-70
99204|code|BLX             _ZdlPv; operator delete(void *)|250-247-24-234
99208|code|BLX             __cxa_rethrow|250-247-226-234
99212|code|MOV             R8, R0|128-70
99214|code|MOV             R5, R1|13-70
99216|code|MOV             R0, R6|48-70
99218|code|BL              sub_1AE9C|2-240-131-253
99222|code|MOV             R3, R8|67-70
99224|code|MOV             R1, R5|41-70
99226|code|CMP             R1, #1|1-41
99228|code|BNE             loc_183D2|25-209
99230|code|MOV             R0, R3; void *|24-70
99232|code|BLX             __cxa_begin_catch|250-247-98-233
99236|code|MOV             R0, R4|32-70
99238|code|BL              sub_1AC38|2-240-71-252
99242|code|MOV             R0, R4; void *|32-70
99244|code|BLX             _ZdlPv; operator delete(void *)|250-247-4-234
99248|code|BLX             __cxa_rethrow|250-247-206-234
99252|code|MOV             R8, R0|128-70
99254|code|MOV             R5, R1|13-70
99256|code|BLX             __cxa_end_catch|250-247-18-235
99260|code|B               loc_18390|232-231
99262|code|MOV             R5, R0|5-70
99264|code|MOV             R4, R1|12-70
99266|code|BLX             __cxa_end_catch|250-247-14-235
99270|code|MOV             R0, R7|56-70
99272|code|BL              sub_152D0|252-247-130-255
99276|code|MOV             R0, R5; void *|40-70
99278|code|MOV             R1, R4|33-70
99280|code|B               loc_1836E|205-231
99282|code|MOV             R5, R3|29-70
99284|code|MOV             R4, R1|12-70
99286|code|B               loc_183C6|246-231
99288|code|MOV             R3, R0|3-70
99290|code|B               loc_1839A|222-231
99292|code|CMP             R1, #1|1-41
99294|code|MOV             R3, R0|3-70
99296|code|BNE             loc_183D2|247-209
99298|code|BLX             __cxa_begin_catch|250-247-66-233
99302|code|B               loc_183B0|227-231
99304|data|DCD _GLOBAL_OFFSET_TABLE_ - 0x182F6|10-93-1-0
99308|data|DCD __stack_chk_guard_ptr - 0x2E000|208-1-0-0
99312|code|PUSH.W          {R4-R11,LR}|45-233-240-79
99316|code|MOV             R10, R3|154-70
99318|code|LDR.W           R4, =(_GLOBAL_OFFSET_TABLE_ - 0x18406)|223-248-108-72
99322|code|SUB             SP, SP, #0x18C|227-176
99324|code|LDR.W           LR, =(__stack_chk_guard_ptr - 0x2E000)|223-248-104-232
99328|code|MOV             R7, R0|7-70
99330|code|ADD             R4, PC; _GLOBAL_OFFSET_TABLE_|124-68
99332|code|MOV             R6, R1|14-70
99334|code|MOV             R5, R2|21-70
99336|code|LDRD.W          R8, R9, [R0,#8]|208-233-2-137
99340|code|LDR.W           R3, [R4,LR]; __stack_chk_guard|84-248-14-48
99344|code|STR             R3, [SP,#0x28]|10-147
99346|code|LDR             R3, [R3]|27-104
99348|code|STR             R3, [SP,#0x184]|97-147
99350|code|BL              sub_15E80|253-247-51-253
99354|code|CMP             R9, R1|137-69
99356|code|ITTE EQ|6-191
99358|code|CMPEQ           R8, R0|128-69
99360|code|ORREQ.W         R3, R10, #1|74-240-1-3
99364|code|MOVNE           R3, R10|83-70
99366|code|CBNZ            R3, loc_1847A|67-187
99368|code|MOVS            R0, #0xC|12-32
99370|code|ADD.W           R11, SP, #0x50 ; 'P'|13-241-80-11
99374|code|BLX             __cxa_allocate_exception|250-247-52-233
99378|code|LDR.W           R1, =(aFileHasBeenExt - 0x1843A); "File has been externally modified"|223-248-56-24
99382|code|ADD             R1, PC; "File has been externally modified"|121-68
99384|code|MOV             R5, R0|5-70
99386|code|LDR.W           R0, =(aYapet - 0x18442); "yapet"|223-248-52-8
99390|code|ADD             R0, PC; "yapet"|120-68
99392|code|BLX             dgettext|250-247-64-235
99396|code|ADD             R2, SP, #0x4C ; 'L'|19-170
99398|code|MOV             R1, R0|1-70
99400|code|MOV             R0, R11|88-70
99402|code|BLX             _ZNSsC1EPKcRKSaIcE; std::string::string(char const*,std::allocator<char> const&)|250-247-16-234
99406|code|MOV             R0, R5|40-70
99408|code|MOV             R1, R11|89-70
99410|code|BL              sub_19120|0-240-101-254
99414|code|LDR.W           R3, =(_ZNSs4_Rep20_S_empty_rep_storageE_ptr - 0x2E000)|223-248-28-56
99418|code|LDR.W           R0, [R11]|219-248-0-0
99422|code|LDR             R3, [R4,R3]; _ZNSs4_Rep20_S_empty_rep_storageE_ptr ...|227-88
99424|code|SUBS            R0, #0xC|12-56
99426|code|CMP             R0, R3|152-66
99428|code|BNE.W           loc_18AEC|64-240-66-131
99432|code|LDR.W           R2, =(_ZTIN5YAPET19YAPETRetryExceptionE_ptr - 0x2E000)|223-248-12-40
99436|code|MOV             R0, R5|40-70
99438|code|LDR.W           R3, =(off_2E1F8 - 0x2E000)|223-248-12-56
99442|code|LDR             R1, [R4,R2]; _ZTIN5YAPET19YAPETRetryExceptionE_ptr ...|161-88
99444|code|LDR             R2, [R4,R3]; YAPET::YAPETRetryException::~YAPETRetryException()|226-88
99446|code|BLX             __cxa_throw|250-247-216-234
99450|code|LDR             R0, [R7]|56-104
99452|code|BLX             close|250-247-104-233
99456|code|ADD             R3, SP, #0x38 ; '8'|14-171
99458|code|ADDS            R1, R7, #4|57-29
99460|code|STR             R3, [SP,#0x20]|8-147
99462|code|MOV             R0, R3|24-70
99464|code|MOV             R8, R3|152-70
99466|code|BLX             _ZNSsC1ERKSs; std::string::string(std::string const&)|250-247-30-233
99470|code|LDR.W           R1, =(aBak - 0x1849A); ".bak"|223-248-240-23
99474|code|MOV             R0, R8|64-70
99476|code|MOVS            R2, #4|4-34
99478|code|ADD             R1, PC; ".bak"|121-68
99480|code|BLX             _ZNSs6appendEPKcj; std::string::append(char const*,uint)|250-247-226-233
99484|code|LDR             R0, [R7,#4]|120-104
99486|code|LDR.W           R1, [R8]|216-248-0-16
99490|code|BLX             rename|250-247-22-235
99494|code|ADDS            R0, #1|1-48
99496|code|BEQ.W           loc_18A50|0-240-210-130
99500|code|MOVS            R0, #0x18|24-32
99502|code|BLX             _Znwj; operator new(uint)|250-247-144-232
99506|code|MOVS            R3, #0|0-35
99508|code|LDR             R1, [SP,#0x20]|8-153
99510|code|STR             R3, [SP]|0-147
99512|code|MOV             R2, R6|50-70
99514|code|MOV             R8, R0|128-70
99516|code|STR             R0, [SP,#0x24]|9-144
99518|code|BL              sub_18004|255-247-161-253
99522|code|MOV             R0, R7|56-70
99524|code|BL              sub_16514|254-247-38-248
99528|code|MOV             R0, R7|56-70
99530|code|MOV             R1, R5|41-70
99532|code|BL              sub_17920|255-247-40-250
99536|code|ADD.W           R11, SP, #0x50 ; 'P'|13-241-80-11
99540|code|MOV             R1, R8|65-70
99542|code|MOV             R2, R6|50-70
99544|code|MOV             R0, R11|88-70
99546|code|BL              sub_182E8|255-247-5-255
99550|code|ADD             R3, SP, #0x60 ; '`'|24-171
99552|code|LDR.W           R2, [R11]|219-248-0-32
99556|code|MOV             R1, R6|49-70
99558|code|STR             R3, [SP,#0x18]|6-147
99560|code|MOV             R0, R3|24-70
99562|code|MOV             R6, R2|22-70
99564|code|STR             R2, [SP,#0xC]|3-146
99566|code|BL              sub_1A8E0|2-240-247-249
99570|code|MOV             R1, R5|41-70
99572|code|ADD             R0, SP, #0xAC|43-168
99574|code|BL              sub_1A8E0|2-240-243-249
99578|code|CMP             R6, R11|94-69
99580|code|BEQ.W           loc_1891A|0-240-13-130
99584|code|ADD             R6, SP, #0xF8|62-174
99586|code|ADD             R3, SP, #0x58 ; 'X'|22-171
99588|code|STR             R3, [SP,#0x10]|4-147
99590|code|ADD             R3, SP, #0xB8|46-171
99592|code|STR             R3, [SP,#0x14]|5-147
99594|code|ADD             R3, SP, #0xF0|60-171
99596|code|STR             R3, [SP,#0x1C]|7-147
99598|code|LDR             R5, [SP,#0x10]|4-157
99600|code|LDR             R3, [SP,#0xC]|3-155
99602|code|MOV             R0, R5|40-70
99604|code|ADD.W           R1, R3, #0x88|3-241-136-1
99608|code|BL              sub_1AC00|2-240-114-251
99612|code|LDR             R0, [SP,#0x18]|6-152
99614|code|MOV             R1, R5|41-70
99616|code|BL              sub_1A20C|1-240-116-254
99620|code|LDR             R3, [SP,#0xB0]|44-155
99622|code|MOV             R8, R0|128-70
99624|code|CMP             R3, #8|8-43
99626|code|BNE.W           loc_189BE|64-240-72-130
99630|code|LDR.W           R3, =(_ZNSs4_Rep20_S_empty_rep_storageE_ptr - 0x2E000)|223-248-68-55
99634|code|MOV             R0, R6|48-70
99636|code|LDR             R5, [R4,R3]; _ZNSs4_Rep20_S_empty_rep_storageE_ptr ...|229-88
99638|code|BLX             EVP_CIPHER_CTX_init|250-247-38-233
99642|code|LDR             R3, [SP,#0x1C]|7-155
99644|code|MOV             R0, R6|48-70
99646|code|LDR.W           R5, =(_ZNSs4_Rep20_S_empty_rep_storageE_ptr - 0x2E000)|223-248-52-87
99650|code|MOVS            R2, #0|0-34
99652|code|LDR             R1, [SP,#0xAC]|43-153
99654|code|STR             R3, [SP]|0-147
99656|code|LDR             R3, [SP,#0x14]|5-155
99658|code|LDR             R5, [R4,R5]; _ZNSs4_Rep20_S_empty_rep_storageE_ptr ...|101-89
99660|code|BLX             EVP_EncryptInit_ex|250-247-48-234
99664|code|LDR.W           R3, =(_ZNSs4_Rep20_S_empty_rep_storageE_ptr - 0x2E000)|223-248-32-55
99668|code|CMP             R0, #0|0-40
99670|code|BEQ.W           loc_18970|0-240-11-130
99674|code|MOV             R0, R6|48-70
99676|code|MOVS            R1, #0x38 ; '8'|56-33
99678|code|LDR             R5, [R4,R3]; _ZNSs4_Rep20_S_empty_rep_storageE_ptr ...|229-88
99680|code|BLX             EVP_CIPHER_CTX_set_key_length|250-247-240-233
99684|code|LDR.W           R3, =(_ZNSs4_Rep20_S_empty_rep_storageE_ptr - 0x2E000)|223-248-12-55
99688|code|CMP             R0, #0|0-40
99690|code|BEQ.W           loc_18A00|0-240-73-130
99694|code|LDR.W           R2, [R8,#4]|216-248-4-32
99698|code|MOVS            R0, #8|8-32
99700|code|LDR             R5, [R4,R3]; _ZNSs4_Rep20_S_empty_rep_storageE_ptr ...|229-88
99702|code|ADD.W           R10, R2, #0x20 ; ' '|2-241-32-10
99706|code|BLX             _Znwj; operator new(uint)|250-247-42-232
99710|code|MOV             R1, R10|81-70
99712|code|MOV             R9, R0|129-70
99714|code|BL              sub_1ABDC|2-240-43-251
99718|code|LDR.W           R5, [R8,#4]|216-248-4-80
99722|code|ADD.W           R10, SP, #0x44 ; 'D'|13-241-68-10
99726|code|LDR.W           LR, =(_ZNSs4_Rep20_S_empty_rep_storageE_ptr - 0x2E000)|223-248-228-230
99730|code|MOV             R0, R6|48-70
99732|code|LDR.W           R1, [R9,#4]|217-248-4-16
99736|code|MOV             R2, R10|82-70
99738|code|LDR.W           R3, [R8,#8]|216-248-8-48
99742|code|STR             R5, [SP]|0-149
99744|code|LDR.W           R5, [R4,LR]; _ZNSs4_Rep20_S_empty_rep_storageE_ptr ...|84-248-14-80
99748|code|BLX             EVP_EncryptUpdate|250-247-188-232
99752|code|LDR.W           R3, =(_ZNSs4_Rep20_S_empty_rep_storageE_ptr - 0x2E000)|223-248-200-54
99756|code|CMP             R0, #0|0-40
99758|code|BNE             loc_18650|79-209
99760|code|MOV             R0, R6|48-70
99762|code|LDR             R5, [R4,R3]; _ZNSs4_Rep20_S_empty_rep_storageE_ptr ...|229-88
99764|code|BLX             EVP_CIPHER_CTX_cleanup|250-247-108-233
99768|code|LDR.W           R3, =(_ZNSs4_Rep20_S_empty_rep_storageE_ptr - 0x2E000)|223-248-184-54
99772|code|MOV             R0, R9|72-70
99774|code|LDR             R5, [R4,R3]; _ZNSs4_Rep20_S_empty_rep_storageE_ptr ...|229-88
99776|code|BL              sub_1AC38|2-240-58-251
99780|code|MOV             R0, R9|72-70
99782|code|ADD.W           R9, SP, #0x40 ; '@'|13-241-64-9
99786|code|BLX             _ZdlPv; operator delete(void *)|250-247-246-232
99790|code|MOVS            R0, #0xC|12-32
99792|code|BLX             __cxa_allocate_exception|250-247-98-232
99796|code|LDR.W           R1, =(aErrorEncryptin - 0x185DC); "Error encrypting data"|223-248-172-22
99800|code|ADD             R1, PC; "Error encrypting data"|121-68
99802|code|MOV             R7, R0|7-70
99804|code|LDR.W           R0, =(aYapet - 0x185E4); "yapet"|223-248-168-6
99808|code|ADD             R0, PC; "yapet"|120-68
99810|code|BLX             dgettext|250-247-112-234
99814|code|ADD             R2, SP, #0x3C ; '<'|15-170
99816|code|MOV             R1, R0|1-70
99818|code|MOV             R0, R9|72-70
99820|code|BLX             _ZNSsC1EPKcRKSaIcE; std::string::string(char const*,std::allocator<char> const&)|250-247-62-233
99824|code|ADD             R6, SP, #0x4C ; 'L'|19-174
99826|code|MOV             R1, R9|73-70
99828|code|MOV             R0, R6|48-70
99830|code|BLX             _ZNSsC1ERKSs; std::string::string(std::string const&)|250-247-104-232
99834|code|LDR.W           R3, =(_ZTVN5YAPET14YAPETExceptionE_ptr - 0x2E000)|223-248-144-54
99838|code|MOVS            R2, #0xFF|255-34
99840|code|ADD.W           R0, R7, #8|7-241-8-0
99844|code|MOV             R1, R6|49-70
99846|code|LDR             R3, [R4,R3]; _ZTVN5YAPET14YAPETExceptionE_ptr ...|227-88
99848|code|STR             R2, [R7,#4]|122-96
99850|code|ADDS            R3, #8|8-51
99852|code|STR             R3, [R7]|59-96
99854|code|BLX             _ZNSsC1ERKSs; std::string::string(std::string const&)|250-247-92-232
99858|code|LDR.W           R3, =(_ZNSs4_Rep20_S_empty_rep_storageE_ptr - 0x2E000)|223-248-96-54
99862|code|LDR             R2, [R6]|50-104
99864|code|LDR             R5, [R4,R3]; _ZNSs4_Rep20_S_empty_rep_storageE_ptr ...|229-88
99866|code|SUB.W           R0, R2, #0xC|162-241-12-0
99870|code|CMP             R0, R5|168-66
99872|code|BNE.W           loc_1881A|64-240-251-128
99876|code|LDR.W           R3, =(_ZTVN5YAPET24YAPETEncryptionExceptionE_ptr - 0x2E000)|223-248-104-54
99880|code|LDR.W           R2, [R9]|217-248-0-32
99884|code|SUB.W           R0, R2, #0xC|162-241-12-0
99888|code|LDR             R3, [R4,R3]; _ZTVN5YAPET24YAPETEncryptionExceptionE_ptr ...|227-88
99890|code|CMP             R0, R5|168-66
99892|code|ADD.W           R3, R3, #8|3-241-8-3
99896|code|STR             R3, [R7]|59-96
99898|code|BNE.W           loc_187E8|64-240-213-128
99902|code|LDR.W           R2, =(_ZTIN5YAPET24YAPETEncryptionExceptionE_ptr - 0x2E000)|223-248-84-38
99906|code|MOV             R0, R7|56-70
99908|code|LDR.W           R3, =(off_2E1E0 - 0x2E000)|223-248-80-54
99912|code|LDR             R1, [R4,R2]; _ZTIN5YAPET24YAPETEncryptionExceptionE_ptr ...|161-88
99914|code|LDR             R2, [R4,R3]; YAPET::YAPETEncryptionException::~YAPETEncryptionException()|226-88
99916|code|BLX             __cxa_throw|250-247-236-233
99920|code|MOV             R0, R9|72-70
99922|code|LDR.W           R1, [R10]|218-248-0-16
99926|code|LDR             R5, [R4,R3]; _ZNSs4_Rep20_S_empty_rep_storageE_ptr ...|229-88
99928|code|BL              sub_1AC90|2-240-26-251
99932|code|ADD             R3, SP, #0x48 ; 'H'|18-171
99934|code|STR             R3, [SP,#0x2C]|11-147
99936|code|MOV             R1, R0|1-70
99938|code|MOV             R0, R6|48-70
99940|code|MOV             R2, R3|26-70
99942|code|LDR.W           R3, =(_ZNSs4_Rep20_S_empty_rep_storageE_ptr - 0x2E000)|223-248-12-54
99946|code|LDR             R5, [R4,R3]; _ZNSs4_Rep20_S_empty_rep_storageE_ptr ...|229-88
99948|code|BLX             EVP_EncryptFinal_ex|250-247-8-232
99952|code|CMP             R0, #0|0-40
99954|code|BNE             loc_18718|81-209
99956|code|LDR.W           R3, =(_ZNSs4_Rep20_S_empty_rep_storageE_ptr - 0x2E000)|223-248-252-53
99960|code|MOV             R0, R6|48-70
99962|code|LDR             R5, [R4,R3]; _ZNSs4_Rep20_S_empty_rep_storageE_ptr ...|229-88
99964|code|BLX             EVP_CIPHER_CTX_cleanup|250-247-8-233
99968|code|LDR.W           R3, =(_ZNSs4_Rep20_S_empty_rep_storageE_ptr - 0x2E000)|223-248-240-53
99972|code|MOV             R0, R9|72-70
99974|code|LDR             R5, [R4,R3]; _ZNSs4_Rep20_S_empty_rep_storageE_ptr ...|229-88
99976|code|BL              sub_1AC38|2-240-214-250
99980|code|MOV             R0, R9|72-70
99982|code|ADD.W           R9, SP, #0x3C ; '<'|13-241-60-9
99986|code|BLX             _ZdlPv; operator delete(void *)|250-247-146-232
99990|code|MOVS            R0, #0xC|12-32
99992|code|BLX             __cxa_allocate_exception|249-247-254-239
99996|code|LDR.W           R1, =(aErrorFinalizin - 0x186A4); "Error finalizing encryption"|223-248-252-21
100000|code|ADD             R1, PC; "Error finalizing encryption"|121-68
100002|code|MOV             R7, R0|7-70
100004|code|LDR.W           R0, =(aYapet - 0x186AC); "yapet"|223-248-248-5
100008|code|ADD             R0, PC; "yapet"|120-68
100010|code|BLX             dgettext|250-247-12-234
100014|code|ADD             R2, SP, #0x34 ; '4'|13-170
100016|code|MOV             R1, R0|1-70
100018|code|MOV             R0, R9|72-70
100020|code|BLX             _ZNSsC1EPKcRKSaIcE; std::string::string(char const*,std::allocator<char> const&)|250-247-218-232
100024|code|ADD             R6, SP, #0x4C ; 'L'|19-174
100026|code|MOV             R1, R9|73-70
100028|code|MOV             R0, R6|48-70
100030|code|BLX             _ZNSsC1ERKSs; std::string::string(std::string const&)|250-247-4-232
100034|code|LDR.W           R3, =(_ZTVN5YAPET14YAPETExceptionE_ptr - 0x2E000)|223-248-200-53
100038|code|MOVS            R2, #0xFF|255-34
100040|code|ADD.W           R0, R7, #8|7-241-8-0
100044|code|MOV             R1, R6|49-70
100046|code|LDR             R3, [R4,R3]; _ZTVN5YAPET14YAPETExceptionE_ptr ...|227-88
100048|code|STR             R2, [R7,#4]|122-96
100050|code|ADDS            R3, #8|8-51
100052|code|STR             R3, [R7]|59-96
100054|code|BLX             _ZNSsC1ERKSs; std::string::string(std::string const&)|249-247-248-239
100058|code|LDR.W           R3, =(_ZNSs4_Rep20_S_empty_rep_storageE_ptr - 0x2E000)|223-248-152-53
100062|code|LDR             R2, [R6]|50-104
100064|code|LDR             R5, [R4,R3]; _ZNSs4_Rep20_S_empty_rep_storageE_ptr ...|229-88
100066|code|SUB.W           R0, R2, #0xC|162-241-12-0
100070|code|CMP             R0, R5|168-66
100072|code|BNE.W           loc_188BE|64-240-233-128
100076|code|LDR.W           R3, =(_ZTVN5YAPET24YAPETEncryptionExceptionE_ptr - 0x2E000)|223-248-160-53
100080|code|LDR.W           R2, [R9]|217-248-0-32
100084|code|SUB.W           R0, R2, #0xC|162-241-12-0
100088|code|LDR             R3, [R4,R3]; _ZTVN5YAPET24YAPETEncryptionExceptionE_ptr ...|227-88
100090|code|CMP             R0, R5|168-66
100092|code|ADD.W           R3, R3, #8|3-241-8-3
100096|code|STR             R3, [R7]|59-96
100098|code|BNE.W           loc_188EC|64-240-243-128
100102|code|LDR.W           R2, =(_ZTIN5YAPET24YAPETEncryptionExceptionE_ptr - 0x2E000)|223-248-140-37
100106|code|MOV             R0, R7|56-70
100108|code|LDR.W           R3, =(off_2E1E0 - 0x2E000)|223-248-136-53
100112|code|LDR             R1, [R4,R2]; _ZTIN5YAPET24YAPETEncryptionExceptionE_ptr ...|161-88
100114|code|LDR             R2, [R4,R3]; YAPET::YAPETEncryptionException::~YAPETEncryptionException()|226-88
100116|code|BLX             __cxa_throw|250-247-136-233
100120|code|LDR             R3, [SP,#0x2C]|11-155
100122|code|MOV             R0, R9|72-70
100124|code|LDR.W           R1, [R10]|218-248-0-16
100128|code|LDR             R2, [R3]|26-104
100130|code|LDR.W           R3, =(_ZNSs4_Rep20_S_empty_rep_storageE_ptr - 0x2E000)|223-248-80-53
100134|code|ADD             R1, R2|17-68
100136|code|LDR             R5, [R4,R3]; _ZNSs4_Rep20_S_empty_rep_storageE_ptr ...|229-88
100138|code|BL              sub_1AC4C|2-240-143-250
100142|code|LDR.W           R3, =(_ZNSs4_Rep20_S_empty_rep_storageE_ptr - 0x2E000)|223-248-68-53
100146|code|MOV             R0, R6|48-70
100148|code|LDR             R5, [R4,R3]; _ZNSs4_Rep20_S_empty_rep_storageE_ptr ...|229-88
100150|code|BLX             EVP_CIPHER_CTX_cleanup|250-247-172-232
100154|code|MOV             R0, R7|56-70
100156|code|MOV             R1, R9|73-70
100158|code|MOVS            R2, #0|0-34
100160|code|BL              sub_16EE8|254-247-210-251
100164|code|LDR.W           R2, [R8]|216-248-0-32
100168|code|LDR.W           R3, =(off_2E214 - 0x2E000)|223-248-88-53
100172|code|LDR             R2, [R2,#4]|82-104
100174|code|LDR             R3, [R4,R3]; YAPET::Record<YAPET::PasswordRecord>::~Record()|227-88
100176|code|CMP             R2, R3|154-66
100178|code|BNE.W           loc_18896|64-240-160-128
100182|code|LDR.W           R3, =(_ZTVN5YAPET6RecordINS_14PasswordRecordEEE_ptr - 0x2E000)|223-248-80-53
100186|code|MOVS            R1, #0|0-33
100188|code|LDR.W           R2, [R8,#4]|216-248-4-32
100192|code|LDR.W           R0, [R8,#8]|216-248-8-0
100196|code|LDR             R3, [R4,R3]; _ZTVN5YAPET6RecordINS_14PasswordRecordEEE_ptr ...|227-88
100198|code|ADDS            R3, #8|8-51
100200|code|STR.W           R3, [R8]|200-248-0-48
100204|code|BLX             memset|249-247-190-239
100208|code|LDR.W           R0, [R8,#8]|216-248-8-0
100212|code|BLX             free|249-247-96-239
100216|code|MOV             R0, R8|64-70
100218|code|BLX             _ZdlPv; operator delete(void *)|250-247-30-232
100222|code|MOV             R0, R9|72-70
100224|code|BL              sub_1AC38|2-240-90-250
100228|code|MOV             R0, R9|72-70
100230|code|BLX             _ZdlPv; operator delete(void *)|250-247-24-232
100234|code|LDR             R0, [SP,#0x10]|4-152
100236|code|BL              sub_1AC38|2-240-84-250
100240|code|LDR             R3, [SP,#0xC]|3-155
100242|code|LDR             R3, [R3]|27-104
100244|code|CMP             R3, R11|91-69
100246|code|STR             R3, [SP,#0xC]|3-147
100248|code|BNE.W           loc_1850E|127-244-185-174
100252|code|LDR             R0, [SP,#0x14]|5-152
100254|code|BL              sub_15DB4|253-247-9-251
100258|code|ADD             R0, SP, #0x6C ; 'l'|27-168
100260|code|BL              sub_15DB4|253-247-6-251
100264|code|MOV             R0, R11|88-70
100266|code|BL              sub_152D0|252-247-145-253
100270|code|LDR             R6, [SP,#0x24]|9-158
100272|code|LDR.W           R3, =(_ZNSs4_Rep20_S_empty_rep_storageE_ptr - 0x2E000)|223-248-192-52
100276|code|MOV             R0, R6|48-70
100278|code|LDR             R5, [R4,R3]; _ZNSs4_Rep20_S_empty_rep_storageE_ptr ...|229-88
100280|code|BL              sub_1616C|253-247-216-252
100284|code|MOV             R0, R6|48-70
100286|code|BLX             _ZdlPv; operator delete(void *)|249-247-252-239
100290|code|LDR             R2, [SP,#0x20]|8-154
100292|code|LDR.W           R3, =(_ZNSs4_Rep20_S_empty_rep_storageE_ptr - 0x2E000)|223-248-172-52
100296|code|LDR             R2, [R2]|18-104
100298|code|LDR             R3, [R4,R3]; _ZNSs4_Rep20_S_empty_rep_storageE_ptr ...|227-88
100300|code|SUB.W           R0, R2, #0xC|162-241-12-0
100304|code|CMP             R0, R3|152-66
100306|code|BNE.W           loc_18938|64-240-177-128
100310|code|LDR             R3, [SP,#0x28]|10-155
100312|code|LDR             R2, [SP,#0x184]|97-154
100314|code|LDR             R3, [R3]|27-104
100316|code|CMP             R2, R3|154-66
100318|code|BNE.W           loc_18BDA|64-240-252-129
100322|code|ADD             SP, SP, #0x18C|99-176
100324|code|POP.W           {R4-R11,PC}|189-232-240-143
100328|code|LDR.W           R3, =(__pthread_key_create_ptr - 0x2E000)|223-248-192-52
100332|code|LDR             R3, [R4,R3]; __pthread_key_create|227-88
100334|code|CMP             R3, #0|0-43
100336|code|BEQ             loc_188A8|90-208
100338|code|SUBS            R2, #4|4-58
100340|code|DMB.W           SY|191-243-95-143
100344|code|LDREX.W         R3, [R2]|82-232-0-63
100348|code|SUBS            R1, R3, #1|89-30
100350|code|STREX.W         LR, R1, [R2]|66-232-0-30
100354|code|CMP.W           LR, #0|190-241-0-15
100358|code|BNE             loc_187F8|247-209
100360|code|DMB.W           SY|191-243-95-143
100364|code|CMP             R3, #0|0-43
100366|code|BGT.W           loc_1863E|63-247-22-175
100370|code|MOV             R1, R6|49-70
100372|code|BLX             _ZNSs4_Rep10_M_destroyERKSaIcE; std::string::_Rep::_M_destroy(std::allocator<char> const&)|249-247-170-239
100376|code|B               loc_1863E|17-231
100378|code|LDR.W           R3, =(__pthread_key_create_ptr - 0x2E000)|223-248-144-52
100382|code|LDR             R3, [R4,R3]; __pthread_key_create|227-88
100384|code|CMP             R3, #0|0-43
100386|code|BEQ             loc_1889C|59-208
100388|code|SUBS            R2, #4|4-58
100390|code|DMB.W           SY|191-243-95-143
100394|code|LDREX.W         R3, [R2]|82-232-0-63
100398|code|SUBS            R1, R3, #1|89-30
100400|code|STREX.W         LR, R1, [R2]|66-232-0-30
100404|code|CMP.W           LR, #0|190-241-0-15
100408|code|BNE             loc_1882A|247-209
100410|code|DMB.W           SY|191-243-95-143
100414|code|CMP             R3, #0|0-43
100416|code|BGT.W           loc_18624|63-247-240-174
100420|code|ADD             R1, SP, #0x48 ; 'H'|18-169
100422|code|BLX             _ZNSs4_Rep10_M_destroyERKSaIcE; std::string::_Rep::_M_destroy(std::allocator<char> const&)|249-247-146-239
100426|code|B               loc_18624|235-230
100428|code|ADDS            R3, R1, #4|11-29
100430|code|BEQ.W           loc_18BE0|0-240-199-129
100434|code|MOV             R6, R0|6-70
100436|code|MOV             R7, R1|15-70
100438|code|MOV.W           R9, #0|79-240-0-9
100442|code|LDR             R0, [SP,#0x10]|4-152
100444|code|BL              sub_1AC38|2-240-236-249
100448|code|CMP             R7, #1|1-47
100450|code|MOV             R3, R6|51-70
100452|code|MOV             R1, R7|57-70
100454|code|BNE.W           loc_18BB8|64-240-167-129
100458|code|MOV             R0, R6|48-70
100460|code|BLX             __cxa_begin_catch|249-247-252-238
100464|code|CMP.W           R8, #0|184-241-0-15
100468|code|BEQ             loc_18880|4-208
100470|code|LDR.W           R3, [R8]|216-248-0-48
100474|code|MOV             R0, R8|64-70
100476|code|LDR             R3, [R3,#4]|91-104
100478|code|BLX             R3|152-71
100480|code|CMP.W           R9, #0|185-241-0-15
100484|code|BEQ             loc_18892|5-208
100486|code|MOV             R0, R9|72-70
100488|code|BL              sub_1AC38|2-240-214-249
100492|code|MOV             R0, R9|72-70
100494|code|BLX             _ZdlPv; operator delete(void *)|249-247-148-239
100498|code|BLX             __cxa_rethrow|250-247-94-232
100502|code|MOV             R0, R8|64-70
100504|code|BLX             R2|144-71
100506|code|B               loc_1877E|112-231
100508|code|LDR.W           R3, [R2,#-4]|82-248-4-60
100512|code|SUBS            R1, R3, #1|89-30
100514|code|STR.W           R1, [R2,#-4]|66-248-4-28
100518|code|B               loc_1883E|202-231
100520|code|LDR.W           R3, [R2,#-4]|82-248-4-60
100524|code|SUBS            R1, R3, #1|89-30
100526|code|STR.W           R1, [R2,#-4]|66-248-4-28
100530|code|B               loc_1880C|171-231
100532|code|ADDS            R1, #1|1-49
100534|code|BEQ.W           loc_18B8A|0-240-104-129
100538|code|BLX             __cxa_end_cleanup|249-247-204-239
100542|code|LDR             R3, =(__pthread_key_create_ptr - 0x2E000)|251-75
100544|code|LDR             R3, [R4,R3]; __pthread_key_create|227-88
100546|code|CBZ             R3, loc_18920|107-179
100548|code|SUBS            R2, #4|4-58
100550|code|DMB.W           SY|191-243-95-143
100554|code|LDREX.W         R3, [R2]|82-232-0-63
100558|code|SUBS            R1, R3, #1|89-30
100560|code|STREX.W         LR, R1, [R2]|66-232-0-30
100564|code|CMP.W           LR, #0|190-241-0-15
100568|code|BNE             loc_188CA|247-209
100570|code|DMB.W           SY|191-243-95-143
100574|code|CMP             R3, #0|0-43
100576|code|BGT.W           loc_186EC|63-247-4-175
100580|code|ADD             R1, SP, #0x40 ; '@'|16-169
100582|code|BLX             _ZNSs4_Rep10_M_destroyERKSaIcE; std::string::_Rep::_M_destroy(std::allocator<char> const&)|249-247-66-239
100586|code|B               loc_186EC|255-230
100588|code|LDR             R3, =(__pthread_key_create_ptr - 0x2E000)|239-75
100590|code|LDR             R3, [R4,R3]; __pthread_key_create|227-88
100592|code|CBZ             R3, loc_1892C|227-177
100594|code|SUBS            R2, #4|4-58
100596|code|DMB.W           SY|191-243-95-143
100600|code|LDREX.W         R3, [R2]|82-232-0-63
100604|code|SUBS            R1, R3, #1|89-30
100606|code|STREX.W         LR, R1, [R2]|66-232-0-30
100610|code|CMP.W           LR, #0|190-241-0-15
100614|code|BNE             loc_188F8|247-209
100616|code|DMB.W           SY|191-243-95-143
100620|code|CMP             R3, #0|0-43
100622|code|BGT.W           loc_18706|63-247-250-174
100626|code|MOV             R1, R6|49-70
100628|code|BLX             _ZNSs4_Rep10_M_destroyERKSaIcE; std::string::_Rep::_M_destroy(std::allocator<char> const&)|249-247-42-239
100632|code|B               loc_18706|245-230
100634|code|ADD             R3, SP, #0xB8|46-171
100636|code|STR             R3, [SP,#0x14]|5-147
100638|code|B               loc_1879C|61-231
100640|code|LDR.W           R3, [R2,#-4]|82-248-4-60
100644|code|SUBS            R1, R3, #1|89-30
100646|code|STR.W           R1, [R2,#-4]|66-248-4-28
100650|code|B               loc_188DE|216-231
100652|code|LDR.W           R3, [R2,#-4]|82-248-4-60
100656|code|SUBS            R1, R3, #1|89-30
100658|code|STR.W           R1, [R2,#-4]|66-248-4-28
100662|code|B               loc_1890C|233-231
100664|code|LDR             R3, =(__pthread_key_create_ptr - 0x2E000)|220-75
100666|code|LDR             R3, [R4,R3]; __pthread_key_create|227-88
100668|code|CBZ             R3, loc_18964|147-177
100670|code|SUBS            R2, #4|4-58
100672|code|DMB.W           SY|191-243-95-143
100676|code|LDREX.W         R3, [R2]|82-232-0-63
100680|code|SUBS            R1, R3, #1|89-30
100682|code|STREX.W         R4, R1, [R2]|66-232-0-20
100686|code|CMP             R4, #0|0-44
100688|code|BNE             loc_18944|248-209
100690|code|DMB.W           SY|191-243-95-143
100694|code|CMP             R3, #0|0-43
100696|code|BGT.W           loc_187D6|63-247-61-175
100700|code|ADD             R1, SP, #0x58 ; 'X'|22-169
100702|code|BLX             _ZNSs4_Rep10_M_destroyERKSaIcE; std::string::_Rep::_M_destroy(std::allocator<char> const&)|249-247-6-239
100706|code|B               loc_187D6|56-231
100708|code|LDR.W           R3, [R2,#-4]|82-248-4-60
100712|code|SUBS            R1, R3, #1|89-30
100714|code|STR.W           R1, [R2,#-4]|66-248-4-28
100718|code|B               loc_18956|242-231
100720|code|MOV             R0, R6|48-70
100722|code|LDR             R5, [R4,R3]; _ZNSs4_Rep20_S_empty_rep_storageE_ptr ...|229-88
100724|code|BLX             EVP_CIPHER_CTX_cleanup|249-247-140-239
100728|code|ADD             R3, SP, #0x48 ; 'H'|18-171
100730|code|MOVS            R0, #0xC|12-32
100732|code|MOV             R5, R3|29-70
100734|code|BLX             __cxa_allocate_exception|249-247-140-238
100738|code|LDR             R1, =(aErrorInitializ - 0x18988); "Error initializing encryption engine"|203-73
100740|code|ADD             R1, PC; "Error initializing encryption engine"|121-68
100742|code|MOV             R6, R0|6-70
100744|code|LDR             R0, =(aYapet - 0x1898E); "yapet"|202-72
100746|code|ADD             R0, PC; "yapet"|120-68
100748|code|BLX             dgettext|250-247-154-232
100752|code|ADD             R2, SP, #0x4C ; 'L'|19-170
100754|code|MOV             R1, R0|1-70
100756|code|MOV             R0, R5|40-70
100758|code|BLX             _ZNSsC1EPKcRKSaIcE; std::string::string(char const*,std::allocator<char> const&)|249-247-106-239
100762|code|MOV             R1, R5|41-70
100764|code|MOV             R0, R6|48-70
100766|code|BL              sub_191E8|0-240-35-252
100770|code|LDR             R3, =(_ZNSs4_Rep20_S_empty_rep_storageE_ptr - 0x2E000)|180-75
100772|code|LDR             R0, [R5]|40-104
100774|code|LDR             R5, [R4,R3]; _ZNSs4_Rep20_S_empty_rep_storageE_ptr ...|229-88
100776|code|SUBS            R0, #0xC|12-56
100778|code|CMP             R0, R5|168-66
100780|code|BNE.W           loc_18C3E|64-240-71-129
100784|code|LDR             R2, =(_ZTIN5YAPET24YAPETEncryptionExceptionE_ptr - 0x2E000)|184-74
100786|code|MOV             R0, R6|48-70
100788|code|LDR             R3, =(off_2E1E0 - 0x2E000)|184-75
100790|code|LDR             R1, [R4,R2]; _ZTIN5YAPET24YAPETEncryptionExceptionE_ptr ...|161-88
100792|code|LDR             R2, [R4,R3]; YAPET::YAPETEncryptionException::~YAPETEncryptionException()|226-88
100794|code|BLX             __cxa_throw|250-247-54-232
100798|code|MOVS            R0, #0xC|12-32
100800|code|ADD             R6, SP, #0x4C ; 'L'|19-174
100802|code|BLX             __cxa_allocate_exception|249-247-106-238
100806|code|LDR             R1, =(aIvecLengthMiss - 0x189CC); "IVec length missmatch"|188-73
100808|code|ADD             R1, PC; "IVec length missmatch"|121-68
100810|code|MOV             R7, R0|7-70
100812|code|LDR             R0, =(aYapet - 0x189D2); "yapet"|187-72
100814|code|ADD             R0, PC; "yapet"|120-68
100816|code|BLX             dgettext|250-247-120-232
100820|code|ADD             R2, SP, #0x48 ; 'H'|18-170
100822|code|MOV             R1, R0|1-70
100824|code|MOV             R0, R6|48-70
100826|code|BLX             _ZNSsC1EPKcRKSaIcE; std::string::string(char const*,std::allocator<char> const&)|249-247-72-239
100830|code|MOV             R0, R7|56-70
100832|code|MOV             R1, R6|49-70
100834|code|BL              sub_15E40|253-247-45-250
100838|code|LDR             R3, =(_ZNSs4_Rep20_S_empty_rep_storageE_ptr - 0x2E000)|163-75
100840|code|LDR             R0, [R6]|48-104
100842|code|LDR             R5, [R4,R3]; _ZNSs4_Rep20_S_empty_rep_storageE_ptr ...|229-88
100844|code|SUBS            R0, #0xC|12-56
100846|code|CMP             R0, R5|168-66
100848|code|BNE             loc_18AD0|110-209
100850|code|LDR             R2, =(_ZTIN5YAPET14YAPETExceptionE_ptr - 0x2E000)|179-74
100852|code|MOV             R0, R7|56-70
100854|code|LDR             R3, =(off_2E21C - 0x2E000)|179-75
100856|code|LDR             R1, [R4,R2]; _ZTIN5YAPET14YAPETExceptionE_ptr ...|161-88
100858|code|LDR             R2, [R4,R3]; YAPET::YAPETException::~YAPETException()|226-88
100860|code|BLX             __cxa_throw|250-247-20-232
100864|code|MOV             R0, R6|48-70
100866|code|LDR             R5, [R4,R3]; _ZNSs4_Rep20_S_empty_rep_storageE_ptr ...|229-88
100868|code|BLX             EVP_CIPHER_CTX_cleanup|249-247-68-239
100872|code|MOVS            R0, #0xC|12-32
100874|code|ADD.W           R10, SP, #0x44 ; 'D'|13-241-68-10
100878|code|BLX             __cxa_allocate_exception|249-247-68-238
100882|code|LDR             R1, =(aErrorSettingTh - 0x18A18); "Error setting the key length"|173-73
100884|code|ADD             R1, PC; "Error setting the key length"|121-68
100886|code|MOV             R6, R0|6-70
100888|code|LDR             R0, =(aYapet - 0x18A1E); "yapet"|172-72
100890|code|ADD             R0, PC; "yapet"|120-68
100892|code|BLX             dgettext|250-247-82-232
100896|code|ADD             R2, SP, #0x4C ; 'L'|19-170
100898|code|MOV             R1, R0|1-70
100900|code|MOV             R0, R10|80-70
100902|code|BLX             _ZNSsC1EPKcRKSaIcE; std::string::string(char const*,std::allocator<char> const&)|249-247-34-239
100906|code|MOV             R0, R6|48-70
100908|code|MOV             R1, R10|81-70
100910|code|BL              sub_15E40|253-247-7-250
100914|code|LDR             R3, =(_ZNSs4_Rep20_S_empty_rep_storageE_ptr - 0x2E000)|144-75
100916|code|LDR.W           R0, [R10]|218-248-0-0
100920|code|LDR             R5, [R4,R3]; _ZNSs4_Rep20_S_empty_rep_storageE_ptr ...|229-88
100922|code|SUBS            R0, #0xC|12-56
100924|code|CMP             R0, R5|168-66
100926|code|BNE.W           loc_18C5A|64-240-12-129
100930|code|LDR             R2, =(_ZTIN5YAPET14YAPETExceptionE_ptr - 0x2E000)|159-74
100932|code|MOV             R0, R6|48-70
100934|code|LDR             R3, =(off_2E21C - 0x2E000)|159-75
100936|code|LDR             R1, [R4,R2]; _ZTIN5YAPET14YAPETExceptionE_ptr ...|161-88
100938|code|LDR             R2, [R4,R3]; YAPET::YAPETException::~YAPETException()|226-88
100940|code|BLX             __cxa_throw|249-247-236-239
100944|code|LDR             R3, =(_ZNSs4_Rep20_S_empty_rep_storageE_ptr - 0x2E000)|136-75
100946|code|MOV             R0, R7|56-70
100948|code|LDR             R5, [R4,R3]; _ZNSs4_Rep20_S_empty_rep_storageE_ptr ...|229-88
100950|code|BL              sub_165E4|253-247-197-253
100954|code|ADD             R3, SP, #0x58 ; 'X'|22-171
100956|code|MOVS            R0, #0xC|12-32
100958|code|MOV             R5, R3|29-70
100960|code|BLX             __cxa_allocate_exception|249-247-26-238
100964|code|MOV             R6, R0|6-70
100966|code|BLX             __errno_location|249-247-236-239
100970|code|LDR             R0, [R0]|0-104
100972|code|BLX             strerror|249-247-38-238
100976|code|ADD             R2, SP, #0x4C ; 'L'|19-170
100978|code|MOV             R1, R0|1-70
100980|code|MOV             R0, R5|40-70
100982|code|BLX             _ZNSsC1EPKcRKSaIcE; std::string::string(char const*,std::allocator<char> const&)|249-247-250-238
100986|code|MOV             R1, R5|41-70
100988|code|MOV             R0, R6|48-70
100990|code|BL              sub_15E40|253-247-223-249
100994|code|LDR             R2, =(_ZNSs4_Rep20_S_empty_rep_storageE_ptr - 0x2E000)|124-74
100996|code|LDR             R3, [R5]|43-104
100998|code|LDR             R5, [R4,R2]; _ZNSs4_Rep20_S_empty_rep_storageE_ptr ...|165-88
101000|code|SUB.W           R0, R3, #0xC|163-241-12-0
101004|code|CMP             R0, R5|168-66
101006|code|BNE             loc_18AB8|19-209
101008|code|LDR             R2, =(_ZTIN5YAPET14YAPETExceptionE_ptr - 0x2E000)|139-74
101010|code|MOV             R0, R6|48-70
101012|code|LDR             R3, =(off_2E21C - 0x2E000)|139-75
101014|code|LDR             R1, [R4,R2]; _ZTIN5YAPET14YAPETExceptionE_ptr ...|161-88
101016|code|LDR             R2, [R4,R3]; YAPET::YAPETException::~YAPETException()|226-88
101018|code|BLX             __cxa_throw|249-247-198-239
101022|code|MOV             R7, R0|7-70
101024|code|MOV             R6, R1|14-70
101026|code|LDR             R3, [SP,#0x20]|8-155
101028|code|LDR             R0, [R3]|24-104
101030|code|SUBS            R0, #0xC|12-56
101032|code|CMP             R0, R5|168-66
101034|code|BEQ             loc_18AB2|2-208
101036|code|ADD             R1, SP, #0x50 ; 'P'|20-169
101038|code|BL              sub_12B78|250-247-99-248
101042|code|MOV             R0, R7|56-70
101044|code|MOV             R1, R6|49-70
101046|code|B               loc_188B4|253-230
101048|code|ADD             R1, SP, #0x50 ; 'P'|20-169
101050|code|BL              sub_12B78|250-247-93-248
101054|code|B               loc_18A90|231-231
101056|code|MOV             R7, R0|7-70
101058|code|MOV             R0, R6|48-70
101060|code|MOV             R6, R1|14-70
101062|code|BLX             __cxa_free_exception|249-247-50-238
101066|code|LDR             R3, =(_ZNSs4_Rep20_S_empty_rep_storageE_ptr - 0x2E000)|106-75
101068|code|LDR             R5, [R4,R3]|229-88
101070|code|B               loc_18AA2|232-231
101072|code|ADD             R1, SP, #0x44 ; 'D'|17-169
101074|code|BL              sub_12B78|250-247-81-248
101078|code|B               loc_189F2|140-231
101080|code|MOV             R6, R0|6-70
101082|code|MOV             R0, R7|56-70
101084|code|MOV             R5, R1|13-70
101086|code|BLX             __cxa_free_exception|249-247-38-238
101090|code|LDR             R3, =(_ZNSs4_Rep20_S_empty_rep_storageE_ptr - 0x2E000)|100-75
101092|code|MOV             R1, R5|41-70
101094|code|MOV             R0, R6|48-70
101096|code|LDR             R5, [R4,R3]|229-88
101098|code|B               loc_1884C|175-230
101100|code|ADD             R1, SP, #0x58 ; 'X'|22-169
101102|code|BL              sub_12B78|250-247-67-248
101106|code|B               loc_18468|185-228
101108|code|LDR             R3, =(_ZNSs4_Rep20_S_empty_rep_storageE_ptr - 0x2E000)|95-75
101110|code|MOV             R7, R0|7-70
101112|code|MOV             R6, R1|14-70
101114|code|LDR             R5, [R4,R3]|229-88
101116|code|MOV             R0, R11|88-70
101118|code|BL              sub_152D0|252-247-231-251
101122|code|MOV             R3, R7|59-70
101124|code|MOV             R1, R6|49-70
101126|code|CMP             R1, #1|1-41
101128|code|BNE             loc_18B54|36-209
101130|code|MOV             R0, R3|24-70
101132|code|BLX             __cxa_begin_catch|249-247-172-237
101136|code|LDR             R0, [SP,#0x24]|9-152
101138|code|BL              sub_1616C|253-247-43-251
101142|code|LDR             R0, [SP,#0x24]|9-152
101144|code|BLX             _ZdlPv; operator delete(void *)|249-247-78-238
101148|code|BLX             __cxa_rethrow|249-247-24-239
101152|code|LDR             R2, =(_ZNSs4_Rep20_S_empty_rep_storageE_ptr - 0x2E000)|84-74
101154|code|MOV             R3, R0|3-70
101156|code|LDR             R5, [R4,R2]|165-88
101158|code|B               loc_18B06|238-231
101160|code|MOV             R6, R0|6-70
101162|code|LDR             R0, [SP,#0x24]|9-152
101164|code|MOV             R5, R1|13-70
101166|code|BLX             _ZdlPv; operator delete(void *)|249-247-68-238
101170|code|CMP             R5, #1|1-45
101172|code|MOV             R1, R5|41-70
101174|code|MOV             R3, R6|51-70
101176|code|BNE             loc_18B50|10-209
101178|code|MOV             R0, R6|48-70
101180|code|BLX             __cxa_begin_catch|249-247-148-237
101184|code|LDR             R3, =(_ZNSs4_Rep20_S_empty_rep_storageE_ptr - 0x2E000)|76-75
101186|code|LDR             R5, [R4,R3]|229-88
101188|code|B               loc_18B1C|234-231
101190|code|MOV             R7, R0|7-70
101192|code|MOV             R6, R1|14-70
101194|code|BLX             __cxa_end_catch|249-247-74-239
101198|code|B               loc_18AA2|168-231
101200|code|LDR             R2, =(_ZNSs4_Rep20_S_empty_rep_storageE_ptr - 0x2E000)|72-74
101202|code|LDR             R5, [R4,R2]|165-88
101204|code|MOV             R7, R3|31-70
101206|code|MOV             R6, R1|14-70
101208|code|B               loc_18AA2|163-231
101210|code|MOV             R6, R0|6-70
101212|code|MOV             R0, R9|72-70
101214|code|MOV             R5, R1|13-70
101216|code|BLX             _ZdlPv; operator delete(void *)|249-247-42-238
101220|code|LDR             R3, =(_ZNSs4_Rep20_S_empty_rep_storageE_ptr - 0x2E000)|67-75
101222|code|MOV             R1, R5|41-70
101224|code|MOV             R0, R6|48-70
101226|code|LDR             R5, [R4,R3]|229-88
101228|code|B               loc_1884C|110-230
101230|code|MOV             R7, R0|7-70
101232|code|MOV             R0, R5|40-70
101234|code|MOV             R6, R1|14-70
101236|code|BLX             __cxa_free_exception|249-247-218-237
101240|code|B               loc_18AB2|155-231
101242|code|LDR             R3, =(_ZNSs4_Rep20_S_empty_rep_storageE_ptr - 0x2E000)|62-75
101244|code|MOV             R6, R0|6-70
101246|code|MOV             R7, R1|15-70
101248|code|LDR             R5, [R4,R3]|229-88
101250|code|B               loc_1885A|106-230
101252|code|ADDS            R1, #7|7-49
101254|code|BNE.W           loc_188BA|127-244-152-174
101258|code|BLX             __cxa_call_unexpected|249-247-148-238
101262|code|CMP             R1, #1|1-41
101264|code|MOV             R3, R0|3-70
101266|code|BNE             loc_18B50|221-209
101268|code|BLX             __cxa_begin_catch|249-247-104-237
101272|code|LDR             R3, =(_ZNSs4_Rep20_S_empty_rep_storageE_ptr - 0x2E000)|54-75
101274|code|LDR             R5, [R4,R3]|229-88
101276|code|B               loc_18B1C|190-231
101278|code|LDR             R3, =(_ZNSs4_Rep20_S_empty_rep_storageE_ptr - 0x2E000)|53-75
101280|code|MOV.W           R9, #0|79-240-0-9
101284|code|MOV             R6, R0|6-70
101286|code|MOV             R7, R1|15-70
101288|code|MOV             R8, R9|200-70
101290|code|LDR             R5, [R4,R3]|229-88
101292|code|B               loc_1885A|85-230
101294|code|CMP             R1, #1|1-41
101296|code|MOV             R3, R0|3-70
101298|code|BEQ             loc_18BCE|12-208
101300|code|LDR             R2, =(_ZNSs4_Rep20_S_empty_rep_storageE_ptr - 0x2E000)|47-74
101302|code|LDR             R5, [R4,R2]|165-88
101304|code|MOV             R7, R3|31-70
101306|code|MOV             R4, R1|12-70
101308|code|LDR             R0, [SP,#0x14]|5-152
101310|code|BL              sub_15DB4|253-247-249-248
101314|code|MOV             R1, R4|33-70
101316|code|ADD             R0, SP, #0x6C ; 'l'|27-168
101318|code|MOV             R6, R1|14-70
101320|code|BL              sub_15DB4|253-247-244-248
101324|code|B               loc_18AFC|150-231
101326|code|BLX             __cxa_begin_catch|249-247-76-237
101330|code|LDR             R3, =(_ZNSs4_Rep20_S_empty_rep_storageE_ptr - 0x2E000)|40-75
101332|code|LDR             R5, [R4,R3]|229-88
101334|code|B               loc_18892|92-230
101336|code|B               loc_18AD8|126-231
101338|code|BLX             __stack_chk_fail|249-247-54-238
101342|code|B               loc_18AD8|123-231
101344|code|BLX             __cxa_call_unexpected|249-247-104-238
101348|code|MOV             R7, R0|7-70
101350|code|MOV             R4, R1|12-70
101352|code|BLX             __cxa_end_catch|249-247-250-238
101356|code|B               loc_18BBC|230-231
101358|code|B               loc_18852|48-230
101360|code|LDR             R2, [SP,#0x20]|8-154
101362|code|MOV             R7, R0|7-70
101364|code|LDR             R3, =(_ZNSs4_Rep20_S_empty_rep_storageE_ptr - 0x2E000)|31-75
101366|code|MOV             R6, R1|14-70
101368|code|LDR             R0, [R2]|16-104
101370|code|LDR             R3, [R4,R3]|227-88
101372|code|SUBS            R0, #0xC|12-56
101374|code|CMP             R0, R3|152-66
101376|code|BEQ.W           loc_18AB2|63-244-87-175
101380|code|ADD             R1, SP, #0x58 ; 'X'|22-169
101382|code|BL              sub_12B78|249-247-183-255
101386|code|B               loc_18AB2|82-231
101388|code|LDR             R3, =(_ZNSs4_Rep20_S_empty_rep_storageE_ptr - 0x2E000)|25-75
101390|code|MOV             R7, R0|7-70
101392|code|LDR             R5, [R4,R3]|229-88
101394|code|B               loc_18BC4|215-231
101396|code|CMP             R1, #1|1-41
101398|code|MOV             R3, R0|3-70
101400|code|BNE             loc_18BB4|204-209
101402|code|BLX             __cxa_begin_catch|249-247-38-237
101406|code|LDR             R3, =(_ZNSs4_Rep20_S_empty_rep_storageE_ptr - 0x2E000)|21-75
101408|code|LDR             R5, [R4,R3]|229-88
101410|code|B               loc_18876|40-230
101412|code|MOV             R4, R0|4-70
101414|code|MOV             R0, R7|56-70
101416|code|MOV             R5, R1|13-70
101418|code|BLX             _ZNSt9exceptionD2Ev; std::exception::~exception()|249-247-40-239
101422|code|ADDS            R5, #7|7-53
101424|code|BNE.W           loc_188BA|127-244-67-174
101428|code|MOV             R0, R4|32-70
101430|code|BLX             __cxa_call_unexpected|249-247-62-238
101434|code|B               loc_18B84|163-231
101436|code|B               loc_18C24|242-231
101438|code|ADD             R1, SP, #0x44 ; 'D'|17-169
101440|code|BL              sub_12B78|249-247-154-255
101444|code|B               loc_189B0|180-230
101446|code|MOV             R7, R0|7-70
101448|code|MOV             R0, R6|48-70
101450|code|MOV             R5, R1|13-70
101452|code|BLX             __cxa_free_exception|249-247-110-237
101456|code|LDR             R3, =(_ZNSs4_Rep20_S_empty_rep_storageE_ptr - 0x2E000)|8-75
101458|code|MOV             R1, R5|41-70
101460|code|MOV             R0, R7|56-70
101462|code|LDR             R5, [R4,R3]|229-88
101464|code|B               loc_1884C|248-229
101466|code|ADD             R1, SP, #0x48 ; 'H'|18-169
101468|code|BL              sub_12B78|249-247-140-255
101472|code|B               loc_18A42|239-230
101474|code|B               loc_18C46|240-231
101476|data|DCD _GLOBAL_OFFSET_TABLE_ - 0x18406|250-91-1-0
101480|data|DCD __stack_chk_guard_ptr - 0x2E000|208-1-0-0
101484|data|DCD aFileHasBeenExt - 0x1843A; "File has been externally modified"|170-61-0-0
101488|data|DCD aYapet - 0x18442; "yapet"|50-56-0-0
101492|data|DCD _ZNSs4_Rep20_S_empty_rep_storageE_ptr - 0x2E000|196-1-0-0
101496|data|DCD _ZTIN5YAPET19YAPETRetryExceptionE_ptr - 0x2E000|220-1-0-0
101500|data|DCD off_2E1F8 - 0x2E000|248-1-0-0
101504|data|DCD aBak - 0x1849A; ".bak"|66-63-0-0
101508|data|DCD aErrorEncryptin - 0x185DC; "Error encrypting data"|140-60-0-0
101512|data|DCD aYapet - 0x185E4; "yapet"|144-54-0-0
101516|data|DCD _ZTVN5YAPET14YAPETExceptionE_ptr - 0x2E000|188-1-0-0
101520|data|DCD _ZTVN5YAPET24YAPETEncryptionExceptionE_ptr - 0x2E000|0-2-0-0
101524|data|DCD _ZTIN5YAPET24YAPETEncryptionExceptionE_ptr - 0x2E000|240-1-0-0
101528|data|DCD off_2E1E0 - 0x2E000|224-1-0-0
101532|data|DCD aErrorFinalizin - 0x186A4; "Error finalizing encryption"|220-59-0-0
101536|data|DCD aYapet - 0x186AC; "yapet"|200-53-0-0
101540|data|DCD off_2E214 - 0x2E000|20-2-0-0
101544|data|DCD _ZTVN5YAPET6RecordINS_14PasswordRecordEEE_ptr - 0x2E000|244-1-0-0
101548|data|DCD __pthread_key_create_ptr - 0x2E000|236-1-0-0
101552|data|DCD aErrorInitializ - 0x18988; "Error initializing encryption engine"|152-56-0-0
101556|data|DCD aYapet - 0x1898E; "yapet"|230-50-0-0
101560|data|DCD aIvecLengthMiss - 0x189CC; "IVec length missmatch"|60-56-0-0
101564|data|DCD aYapet - 0x189D2; "yapet"|162-50-0-0
101568|data|DCD _ZTIN5YAPET14YAPETExceptionE_ptr - 0x2E000|200-1-0-0
101572|data|DCD off_2E21C - 0x2E000|28-2-0-0
101576|data|DCD aErrorSettingTh - 0x18A18; "Error setting the key length"|48-56-0-0
101580|data|DCD aYapet - 0x18A1E; "yapet"|86-50-0-0
101584|code|PUSH            {R3-R5,LR}|56-181
101586|code|MOV             R4, R0|4-70
101588|code|LDR             R3, =(_GLOBAL_OFFSET_TABLE_ - 0x18CDE)|7-75
101590|code|MOVS            R1, #0; c|0-33
101592|code|LDR             R5, =(_ZTVN5YAPET6RecordINS_13FileHeader_32EEE_ptr - 0x2E000)|7-77
101594|code|ADD             R3, PC; _GLOBAL_OFFSET_TABLE_|123-68
101596|code|LDR             R2, [R4,#4]; n|98-104
101598|code|LDR             R0, [R0,#8]; s|128-104
101600|code|LDR             R3, [R3,R5]; _ZTVN5YAPET6RecordINS_13FileHeader_32EEE_ptr ...|91-89
101602|code|ADDS            R3, #8|8-51
101604|code|STR             R3, [R4]|35-96
101606|code|BLX             memset|249-247-2-237
101610|code|LDR             R0, [R4,#8]; ptr|160-104
101612|code|BLX             free|249-247-164-236
101616|code|MOV             R0, R4|32-70
101618|code|POP             {R3-R5,PC}|56-189
101620|data|DCD _GLOBAL_OFFSET_TABLE_ - 0x18CDE|34-83-1-0
101624|data|DCD _ZTVN5YAPET6RecordINS_13FileHeader_32EEE_ptr - 0x2E000|32-2-0-0
101628|code|PUSH            {R3-R5,LR}|56-181
101630|code|MOV             R4, R0|4-70
101632|code|LDR             R3, =(_GLOBAL_OFFSET_TABLE_ - 0x18D0A)|9-75
101634|code|MOVS            R1, #0; c|0-33
101636|code|LDR             R5, =(_ZTVN5YAPET6RecordINS_13FileHeader_32EEE_ptr - 0x2E000)|9-77
101638|code|ADD             R3, PC; _GLOBAL_OFFSET_TABLE_|123-68
101640|code|LDR             R2, [R4,#4]; n|98-104
101642|code|LDR             R0, [R0,#8]; s|128-104
101644|code|LDR             R3, [R3,R5]; _ZTVN5YAPET6RecordINS_13FileHeader_32EEE_ptr ...|91-89
101646|code|ADDS            R3, #8|8-51
101648|code|STR             R3, [R4]|35-96
101650|code|BLX             memset|249-247-236-236
101654|code|LDR             R0, [R4,#8]; ptr|160-104
101656|code|BLX             free|249-247-142-236
101660|code|MOV             R0, R4; void *|32-70
101662|code|BLX             _ZdlPv; operator delete(void *)|249-247-76-237
101666|code|MOV             R0, R4|32-70
101668|code|POP             {R3-R5,PC}|56-189
101670|data|ALIGN 4|0-191
101672|data|DCD _GLOBAL_OFFSET_TABLE_ - 0x18D0A|246-82-1-0
101676|data|DCD _ZTVN5YAPET6RecordINS_13FileHeader_32EEE_ptr - 0x2E000|32-2-0-0
101680|code|PUSH            {R3-R5,LR}|56-181
101682|code|MOV             R4, R0|4-70
101684|code|LDR             R3, =(_GLOBAL_OFFSET_TABLE_ - 0x18D3E)|7-75
101686|code|MOVS            R1, #0; c|0-33
101688|code|LDR             R5, =(_ZTVN5YAPET6RecordINS_13FileHeader_64EEE_ptr - 0x2E000)|7-77
101690|code|ADD             R3, PC; _GLOBAL_OFFSET_TABLE_|123-68
101692|code|LDR             R2, [R4,#4]; n|98-104
101694|code|LDR             R0, [R0,#8]; s|128-104
101696|code|LDR             R3, [R3,R5]; _ZTVN5YAPET6RecordINS_13FileHeader_64EEE_ptr ...|91-89
101698|code|ADDS            R3, #8|8-51
101700|code|STR             R3, [R4]|35-96
101702|code|BLX             memset|249-247-210-236
101706|code|LDR             R0, [R4,#8]; ptr|160-104
101708|code|BLX             free|249-247-116-236
101712|code|MOV             R0, R4|32-70
101714|code|POP             {R3-R5,PC}|56-189
101716|data|DCD _GLOBAL_OFFSET_TABLE_ - 0x18D3E|194-82-1-0
101720|data|DCD _ZTVN5YAPET6RecordINS_13FileHeader_64EEE_ptr - 0x2E000|16-2-0-0
101724|code|PUSH            {R3-R5,LR}|56-181
101726|code|MOV             R4, R0|4-70
101728|code|LDR             R3, =(_GLOBAL_OFFSET_TABLE_ - 0x18D6A)|9-75
101730|code|MOVS            R1, #0; c|0-33
101732|code|LDR             R5, =(_ZTVN5YAPET6RecordINS_13FileHeader_64EEE_ptr - 0x2E000)|9-77
101734|code|ADD             R3, PC; _GLOBAL_OFFSET_TABLE_|123-68
101736|code|LDR             R2, [R4,#4]; n|98-104
101738|code|LDR             R0, [R0,#8]; s|128-104
101740|code|LDR             R3, [R3,R5]; _ZTVN5YAPET6RecordINS_13FileHeader_64EEE_ptr ...|91-89
101742|code|ADDS            R3, #8|8-51
101744|code|STR             R3, [R4]|35-96
101746|code|BLX             memset|249-247-188-236
101750|code|LDR             R0, [R4,#8]; ptr|160-104
101752|code|BLX             free|249-247-94-236
101756|code|MOV             R0, R4; void *|32-70
101758|code|BLX             _ZdlPv; operator delete(void *)|249-247-28-237
101762|code|MOV             R0, R4|32-70
101764|code|POP             {R3-R5,PC}|56-189
101766|data|ALIGN 4|0-191
101768|data|DCD _GLOBAL_OFFSET_TABLE_ - 0x18D6A|150-82-1-0
101772|data|DCD _ZTVN5YAPET6RecordINS_13FileHeader_64EEE_ptr - 0x2E000|16-2-0-0
101776|code|LDR             R3, =(_GLOBAL_OFFSET_TABLE_ - 0x18D9C)|29-75
101778|code|PUSH            {R4-R7,LR}|240-181
101780|code|MOV             R4, R0|4-70
101782|code|LDR             R0, =(__stack_chk_guard_ptr - 0x2E000)|29-72
101784|code|ADD             R3, PC; _GLOBAL_OFFSET_TABLE_|123-68
101786|code|LDR             R1, =(_ZTVN5YAPET14YAPETExceptionE_ptr - 0x2E000)|29-73
101788|code|SUB             SP, SP, #0xC|131-176
101790|code|LDR             R2, =(_ZNSs4_Rep20_S_empty_rep_storageE_ptr - 0x2E000)|29-74
101792|code|LDR             R5, [R3,R0]; __stack_chk_guard|29-88
101794|code|LDR             R6, [R4,#8]|166-104
101796|code|LDR             R7, [R5]|47-104
101798|code|SUB.W           R0, R6, #0xC|166-241-12-0
101802|code|STR             R7, [SP,#0x20+var_1C]|1-151
101804|code|LDR             R1, [R3,R1]; _ZTVN5YAPET14YAPETExceptionE_ptr ...|89-88
101806|code|ADDS            R1, #8|8-49
101808|code|STR             R1, [R4]|33-96
101810|code|LDR             R2, [R3,R2]; _ZNSs4_Rep20_S_empty_rep_storageE_ptr ...|154-88
101812|code|CMP             R0, R2|144-66
101814|code|BNE             loc_18DCC|9-209
101816|code|MOV             R0, R4; this|32-70
101818|code|BLX             _ZNSt9exceptionD2Ev; std::exception::~exception()|249-247-96-238
101822|code|LDR             R2, [SP,#0x20+var_1C]|1-154
101824|code|LDR             R3, [R5]|43-104
101826|code|MOV             R0, R4|32-70
101828|code|CMP             R2, R3|154-66
101830|code|BNE             loc_18E02|28-209
101832|code|ADD             SP, SP, #0xC|3-176
101834|code|POP             {R4-R7,PC}|240-189
101836|code|LDR             R2, =(__pthread_key_create_ptr - 0x2E000)|18-74
101838|code|LDR             R3, [R3,R2]; __pthread_key_create|155-88
101840|code|CBZ             R3, loc_18DF6|139-177
101842|code|SUBS            R6, #4|4-62
101844|code|DMB.W           SY|191-243-95-143
101848|code|LDREX.W         R3, [R6]|86-232-0-63
101852|code|SUBS            R2, R3, #1|90-30
101854|code|STREX.W         R1, R2, [R6]|70-232-0-33
101858|code|CMP             R1, #0|0-41
101860|code|BNE             loc_18DD8|248-209
101862|code|DMB.W           SY|191-243-95-143
101866|code|CMP             R3, #0|0-43
101868|code|BGT             loc_18DB8|228-220
101870|code|MOV             R1, SP|105-70
101872|code|BLX             _ZNSs4_Rep10_M_destroyERKSaIcE; std::string::_Rep::_M_destroy(std::allocator<char> const&)|249-247-188-236
101876|code|B               loc_18DB8|224-231
101878|code|LDR.W           R3, [R6,#-4]|86-248-4-60
101882|code|SUBS            R2, R3, #1|90-30
101884|code|STR.W           R2, [R6,#-4]|70-248-4-44
101888|code|B               loc_18DEA|243-231
101890|code|BLX             __stack_chk_fail|249-247-34-237
101894|data|ALIGN 4|0-191
101896|data|DCD _GLOBAL_OFFSET_TABLE_ - 0x18D9C|100-82-1-0
101900|data|DCD __stack_chk_guard_ptr - 0x2E000|208-1-0-0
101904|data|DCD _ZTVN5YAPET14YAPETExceptionE_ptr - 0x2E000|188-1-0-0
101908|data|DCD _ZNSs4_Rep20_S_empty_rep_storageE_ptr - 0x2E000|196-1-0-0
101912|data|DCD __pthread_key_create_ptr - 0x2E000|236-1-0-0
101916|code|LDR             R3, =(_GLOBAL_OFFSET_TABLE_ - 0x18E28)|29-75
101918|code|PUSH            {R4-R7,LR}|240-181
101920|code|MOV             R4, R0|4-70
101922|code|LDR             R0, =(__stack_chk_guard_ptr - 0x2E000)|29-72
101924|code|ADD             R3, PC; _GLOBAL_OFFSET_TABLE_|123-68
101926|code|LDR             R1, =(_ZTVN5YAPET14YAPETExceptionE_ptr - 0x2E000)|29-73
101928|code|SUB             SP, SP, #0xC|131-176
101930|code|LDR             R2, =(_ZNSs4_Rep20_S_empty_rep_storageE_ptr - 0x2E000)|29-74
101932|code|LDR             R5, [R3,R0]; __stack_chk_guard|29-88
101934|code|LDR             R6, [R4,#8]|166-104
101936|code|LDR             R7, [R5]|47-104
101938|code|SUB.W           R0, R6, #0xC|166-241-12-0
101942|code|STR             R7, [SP,#0x20+var_1C]|1-151
101944|code|LDR             R1, [R3,R1]; _ZTVN5YAPET14YAPETExceptionE_ptr ...|89-88
101946|code|ADDS            R1, #8|8-49
101948|code|STR             R1, [R4]|33-96
101950|code|LDR             R2, [R3,R2]; _ZNSs4_Rep20_S_empty_rep_storageE_ptr ...|154-88
101952|code|CMP             R0, R2|144-66
101954|code|BNE             loc_18E58|9-209
101956|code|MOV             R0, R4; this|32-70
101958|code|BLX             _ZNSt9exceptionD2Ev; std::exception::~exception()|249-247-26-238
101962|code|LDR             R2, [SP,#0x20+var_1C]|1-154
101964|code|LDR             R3, [R5]|43-104
101966|code|MOV             R0, R4|32-70
101968|code|CMP             R2, R3|154-66
101970|code|BNE             loc_18E8E|28-209
101972|code|ADD             SP, SP, #0xC|3-176
101974|code|POP             {R4-R7,PC}|240-189
101976|code|LDR             R2, =(__pthread_key_create_ptr - 0x2E000)|18-74
101978|code|LDR             R3, [R3,R2]; __pthread_key_create|155-88
101980|code|CBZ             R3, loc_18E82|139-177
101982|code|SUBS            R6, #4|4-62
101984|code|DMB.W           SY|191-243-95-143
101988|code|LDREX.W         R3, [R6]|86-232-0-63
101992|code|SUBS            R2, R3, #1|90-30
101994|code|STREX.W         R1, R2, [R6]|70-232-0-33
101998|code|CMP             R1, #0|0-41
102000|code|BNE             loc_18E64|248-209
102002|code|DMB.W           SY|191-243-95-143
102006|code|CMP             R3, #0|0-43
102008|code|BGT             loc_18E44|228-220
102010|code|MOV             R1, SP|105-70
102012|code|BLX             _ZNSs4_Rep10_M_destroyERKSaIcE; std::string::_Rep::_M_destroy(std::allocator<char> const&)|249-247-118-236
102016|code|B               loc_18E44|224-231
102018|code|LDR.W           R3, [R6,#-4]|86-248-4-60
102022|code|SUBS            R2, R3, #1|90-30
102024|code|STR.W           R2, [R6,#-4]|70-248-4-44
102028|code|B               loc_18E76|243-231
102030|code|BLX             __stack_chk_fail|249-247-220-236
102034|data|ALIGN 4|0-191
102036|data|DCD _GLOBAL_OFFSET_TABLE_ - 0x18E28|216-81-1-0
102040|data|DCD __stack_chk_guard_ptr - 0x2E000|208-1-0-0
102044|data|DCD _ZTVN5YAPET14YAPETExceptionE_ptr - 0x2E000|188-1-0-0
102048|data|DCD _ZNSs4_Rep20_S_empty_rep_storageE_ptr - 0x2E000|196-1-0-0
102052|data|DCD __pthread_key_create_ptr - 0x2E000|236-1-0-0
102056|code|LDR             R3, =(_GLOBAL_OFFSET_TABLE_ - 0x18EB4)|29-75
102058|code|PUSH            {R4-R7,LR}|240-181
102060|code|MOV             R4, R0|4-70
102062|code|LDR             R0, =(__stack_chk_guard_ptr - 0x2E000)|29-72
102064|code|ADD             R3, PC; _GLOBAL_OFFSET_TABLE_|123-68
102066|code|LDR             R1, =(_ZTVN5YAPET14YAPETExceptionE_ptr - 0x2E000)|29-73
102068|code|SUB             SP, SP, #0xC|131-176
102070|code|LDR             R2, =(_ZNSs4_Rep20_S_empty_rep_storageE_ptr - 0x2E000)|29-74
102072|code|LDR             R5, [R3,R0]; __stack_chk_guard|29-88
102074|code|LDR             R6, [R4,#8]|166-104
102076|code|LDR             R7, [R5]|47-104
102078|code|SUB.W           R0, R6, #0xC|166-241-12-0
102082|code|STR             R7, [SP,#0x20+var_1C]|1-151
102084|code|LDR             R1, [R3,R1]; _ZTVN5YAPET14YAPETExceptionE_ptr ...|89-88
102086|code|ADDS            R1, #8|8-49
102088|code|STR             R1, [R4]|33-96
102090|code|LDR             R2, [R3,R2]; _ZNSs4_Rep20_S_empty_rep_storageE_ptr ...|154-88
102092|code|CMP             R0, R2|144-66
102094|code|BNE             loc_18EE4|9-209
102096|code|MOV             R0, R4; this|32-70
102098|code|BLX             _ZNSt9exceptionD2Ev; std::exception::~exception()|249-247-212-237
102102|code|LDR             R2, [SP,#0x20+var_1C]|1-154
102104|code|LDR             R3, [R5]|43-104
102106|code|MOV             R0, R4|32-70
102108|code|CMP             R2, R3|154-66
102110|code|BNE             loc_18F1A|28-209
102112|code|ADD             SP, SP, #0xC|3-176
102114|code|POP             {R4-R7,PC}|240-189
102116|code|LDR             R2, =(__pthread_key_create_ptr - 0x2E000)|18-74
102118|code|LDR             R3, [R3,R2]; __pthread_key_create|155-88
102120|code|CBZ             R3, loc_18F0E|139-177
102122|code|SUBS            R6, #4|4-62
102124|code|DMB.W           SY|191-243-95-143
102128|code|LDREX.W         R3, [R6]|86-232-0-63
102132|code|SUBS            R2, R3, #1|90-30
102134|code|STREX.W         R1, R2, [R6]|70-232-0-33
102138|code|CMP             R1, #0|0-41
102140|code|BNE             loc_18EF0|248-209
102142|code|DMB.W           SY|191-243-95-143
102146|code|CMP             R3, #0|0-43
102148|code|BGT             loc_18ED0|228-220
102150|code|MOV             R1, SP|105-70
102152|code|BLX             _ZNSs4_Rep10_M_destroyERKSaIcE; std::string::_Rep::_M_destroy(std::allocator<char> const&)|249-247-48-236
102156|code|B               loc_18ED0|224-231
102158|code|LDR.W           R3, [R6,#-4]|86-248-4-60
102162|code|SUBS            R2, R3, #1|90-30
102164|code|STR.W           R2, [R6,#-4]|70-248-4-44
102168|code|B               loc_18F02|243-231
102170|code|BLX             __stack_chk_fail|249-247-150-236
102174|data|ALIGN 0x10|0-191
102176|data|DCD _GLOBAL_OFFSET_TABLE_ - 0x18EB4|76-81-1-0
102180|data|DCD __stack_chk_guard_ptr - 0x2E000|208-1-0-0
102184|data|DCD _ZTVN5YAPET14YAPETExceptionE_ptr - 0x2E000|188-1-0-0
102188|data|DCD _ZNSs4_Rep20_S_empty_rep_storageE_ptr - 0x2E000|196-1-0-0
102192|data|DCD __pthread_key_create_ptr - 0x2E000|236-1-0-0
102196|code|LDR             R3, =(_GLOBAL_OFFSET_TABLE_ - 0x18F40)|30-75
102198|code|PUSH            {R4-R7,LR}|240-181
102200|code|MOV             R4, R0|4-70
102202|code|LDR             R0, =(__stack_chk_guard_ptr - 0x2E000)|30-72
102204|code|ADD             R3, PC; _GLOBAL_OFFSET_TABLE_|123-68
102206|code|LDR             R1, =(_ZTVN5YAPET14YAPETExceptionE_ptr - 0x2E000)|30-73
102208|code|SUB             SP, SP, #0xC|131-176
102210|code|LDR             R2, =(_ZNSs4_Rep20_S_empty_rep_storageE_ptr - 0x2E000)|30-74
102212|code|LDR             R5, [R3,R0]; __stack_chk_guard|29-88
102214|code|LDR             R6, [R4,#8]|166-104
102216|code|LDR             R7, [R5]|47-104
102218|code|SUB.W           R0, R6, #0xC|166-241-12-0
102222|code|STR             R7, [SP,#0x20+var_1C]|1-151
102224|code|LDR             R1, [R3,R1]; _ZTVN5YAPET14YAPETExceptionE_ptr ...|89-88
102226|code|ADDS            R1, #8|8-49
102228|code|STR             R1, [R4]|33-96
102230|code|LDR             R2, [R3,R2]; _ZNSs4_Rep20_S_empty_rep_storageE_ptr ...|154-88
102232|code|CMP             R0, R2|144-66
102234|code|BNE             loc_18F76|12-209
102236|code|MOV             R0, R4; this|32-70
102238|code|BLX             _ZNSt9exceptionD2Ev; std::exception::~exception()|249-247-142-237
102242|code|MOV             R0, R4; void *|32-70
102244|code|BLX             _ZdlPv; operator delete(void *)|249-247-40-236
102248|code|LDR             R2, [SP,#0x20+var_1C]|1-154
102250|code|LDR             R3, [R5]|43-104
102252|code|MOV             R0, R4|32-70
102254|code|CMP             R2, R3|154-66
102256|code|BNE             loc_18FAC|28-209
102258|code|ADD             SP, SP, #0xC|3-176
102260|code|POP             {R4-R7,PC}|240-189
102262|code|LDR             R2, =(__pthread_key_create_ptr - 0x2E000)|18-74
102264|code|LDR             R3, [R3,R2]; __pthread_key_create|155-88
102266|code|CBZ             R3, loc_18FA0|139-177
102268|code|SUBS            R6, #4|4-62
102270|code|DMB.W           SY|191-243-95-143
102274|code|LDREX.W         R3, [R6]|86-232-0-63
102278|code|SUBS            R2, R3, #1|90-30
102280|code|STREX.W         R1, R2, [R6]|70-232-0-33
102284|code|CMP             R1, #0|0-41
102286|code|BNE             loc_18F82|248-209
102288|code|DMB.W           SY|191-243-95-143
102292|code|CMP             R3, #0|0-43
102294|code|BGT             loc_18F5C|225-220
102296|code|MOV             R1, SP|105-70
102298|code|BLX             _ZNSs4_Rep10_M_destroyERKSaIcE; std::string::_Rep::_M_destroy(std::allocator<char> const&)|249-247-232-235
102302|code|B               loc_18F5C|221-231
102304|code|LDR.W           R3, [R6,#-4]|86-248-4-60
102308|code|SUBS            R2, R3, #1|90-30
102310|code|STR.W           R2, [R6,#-4]|70-248-4-44
102314|code|B               loc_18F94|243-231
102316|code|BLX             __stack_chk_fail|249-247-76-236
102320|data|DCD _GLOBAL_OFFSET_TABLE_ - 0x18F40|192-80-1-0
102324|data|DCD __stack_chk_guard_ptr - 0x2E000|208-1-0-0
102328|data|DCD _ZTVN5YAPET14YAPETExceptionE_ptr - 0x2E000|188-1-0-0
102332|data|DCD _ZNSs4_Rep20_S_empty_rep_storageE_ptr - 0x2E000|196-1-0-0
102336|data|DCD __pthread_key_create_ptr - 0x2E000|236-1-0-0
102340|code|LDR             R3, =(_GLOBAL_OFFSET_TABLE_ - 0x18FD0)|30-75
102342|code|PUSH            {R4-R7,LR}|240-181
102344|code|MOV             R4, R0|4-70
102346|code|LDR             R0, =(__stack_chk_guard_ptr - 0x2E000)|30-72
102348|code|ADD             R3, PC; _GLOBAL_OFFSET_TABLE_|123-68
102350|code|LDR             R1, =(_ZTVN5YAPET14YAPETExceptionE_ptr - 0x2E000)|30-73
102352|code|SUB             SP, SP, #0xC|131-176
102354|code|LDR             R2, =(_ZNSs4_Rep20_S_empty_rep_storageE_ptr - 0x2E000)|30-74
102356|code|LDR             R5, [R3,R0]; __stack_chk_guard|29-88
102358|code|LDR             R6, [R4,#8]|166-104
102360|code|LDR             R7, [R5]|47-104
102362|code|SUB.W           R0, R6, #0xC|166-241-12-0
102366|code|STR             R7, [SP,#0x20+var_1C]|1-151
102368|code|LDR             R1, [R3,R1]; _ZTVN5YAPET14YAPETExceptionE_ptr ...|89-88
102370|code|ADDS            R1, #8|8-49
102372|code|STR             R1, [R4]|33-96
102374|code|LDR             R2, [R3,R2]; _ZNSs4_Rep20_S_empty_rep_storageE_ptr ...|154-88
102376|code|CMP             R0, R2|144-66
102378|code|BNE             loc_19006|12-209
102380|code|MOV             R0, R4; this|32-70
102382|code|BLX             _ZNSt9exceptionD2Ev; std::exception::~exception()|249-247-70-237
102386|code|MOV             R0, R4; void *|32-70
102388|code|BLX             _ZdlPv; operator delete(void *)|249-247-224-235
102392|code|LDR             R2, [SP,#0x20+var_1C]|1-154
102394|code|LDR             R3, [R5]|43-104
102396|code|MOV             R0, R4|32-70
102398|code|CMP             R2, R3|154-66
102400|code|BNE             loc_1903C|28-209
102402|code|ADD             SP, SP, #0xC|3-176
102404|code|POP             {R4-R7,PC}|240-189
102406|code|LDR             R2, =(__pthread_key_create_ptr - 0x2E000)|18-74
102408|code|LDR             R3, [R3,R2]; __pthread_key_create|155-88
102410|code|CBZ             R3, loc_19030|139-177
102412|code|SUBS            R6, #4|4-62
102414|code|DMB.W           SY|191-243-95-143
102418|code|LDREX.W         R3, [R6]|86-232-0-63
102422|code|SUBS            R2, R3, #1|90-30
102424|code|STREX.W         R1, R2, [R6]|70-232-0-33
102428|code|CMP             R1, #0|0-41
102430|code|BNE             loc_19012|248-209
102432|code|DMB.W           SY|191-243-95-143
102436|code|CMP             R3, #0|0-43
102438|code|BGT             loc_18FEC|225-220
102440|code|MOV             R1, SP|105-70
102442|code|BLX             _ZNSs4_Rep10_M_destroyERKSaIcE; std::string::_Rep::_M_destroy(std::allocator<char> const&)|249-247-160-235
102446|code|B               loc_18FEC|221-231
102448|code|LDR.W           R3, [R6,#-4]|86-248-4-60
102452|code|SUBS            R2, R3, #1|90-30
102454|code|STR.W           R2, [R6,#-4]|70-248-4-44
102458|code|B               loc_19024|243-231
102460|code|BLX             __stack_chk_fail|249-247-4-236
102464|data|DCD _GLOBAL_OFFSET_TABLE_ - 0x18FD0|48-80-1-0
102468|data|DCD __stack_chk_guard_ptr - 0x2E000|208-1-0-0
102472|data|DCD _ZTVN5YAPET14YAPETExceptionE_ptr - 0x2E000|188-1-0-0
102476|data|DCD _ZNSs4_Rep20_S_empty_rep_storageE_ptr - 0x2E000|196-1-0-0
102480|data|DCD __pthread_key_create_ptr - 0x2E000|236-1-0-0
102484|code|LDR             R3, =(_GLOBAL_OFFSET_TABLE_ - 0x19060)|30-75
102486|code|PUSH            {R4-R7,LR}|240-181
102488|code|MOV             R4, R0|4-70
102490|code|LDR             R0, =(__stack_chk_guard_ptr - 0x2E000)|30-72
102492|code|ADD             R3, PC; _GLOBAL_OFFSET_TABLE_|123-68
102494|code|LDR             R1, =(_ZTVN5YAPET14YAPETExceptionE_ptr - 0x2E000)|30-73
102496|code|SUB             SP, SP, #0xC|131-176
102498|code|LDR             R2, =(_ZNSs4_Rep20_S_empty_rep_storageE_ptr - 0x2E000)|30-74
102500|code|LDR             R5, [R3,R0]; __stack_chk_guard|29-88
102502|code|LDR             R6, [R4,#8]|166-104
102504|code|LDR             R7, [R5]|47-104
102506|code|SUB.W           R0, R6, #0xC|166-241-12-0
102510|code|STR             R7, [SP,#0x20+var_1C]|1-151
102512|code|LDR             R1, [R3,R1]; _ZTVN5YAPET14YAPETExceptionE_ptr ...|89-88
102514|code|ADDS            R1, #8|8-49
102516|code|STR             R1, [R4]|33-96
102518|code|LDR             R2, [R3,R2]; _ZNSs4_Rep20_S_empty_rep_storageE_ptr ...|154-88
102520|code|CMP             R0, R2|144-66
102522|code|BNE             loc_19096|12-209
102524|code|MOV             R0, R4; this|32-70
102526|code|BLX             _ZNSt9exceptionD2Ev; std::exception::~exception()|249-247-254-236
102530|code|MOV             R0, R4; void *|32-70
102532|code|BLX             _ZdlPv; operator delete(void *)|249-247-152-235
102536|code|LDR             R2, [SP,#0x20+var_1C]|1-154
102538|code|LDR             R3, [R5]|43-104
102540|code|MOV             R0, R4|32-70
102542|code|CMP             R2, R3|154-66
102544|code|BNE             loc_190CC|28-209
102546|code|ADD             SP, SP, #0xC|3-176
102548|code|POP             {R4-R7,PC}|240-189
102550|code|LDR             R2, =(__pthread_key_create_ptr - 0x2E000)|18-74
102552|code|LDR             R3, [R3,R2]; __pthread_key_create|155-88
102554|code|CBZ             R3, loc_190C0|139-177
102556|code|SUBS            R6, #4|4-62
102558|code|DMB.W           SY|191-243-95-143
102562|code|LDREX.W         R3, [R6]|86-232-0-63
102566|code|SUBS            R2, R3, #1|90-30
102568|code|STREX.W         R1, R2, [R6]|70-232-0-33
102572|code|CMP             R1, #0|0-41
102574|code|BNE             loc_190A2|248-209
102576|code|DMB.W           SY|191-243-95-143
102580|code|CMP             R3, #0|0-43
102582|code|BGT             loc_1907C|225-220
102584|code|MOV             R1, SP|105-70
102586|code|BLX             _ZNSs4_Rep10_M_destroyERKSaIcE; std::string::_Rep::_M_destroy(std::allocator<char> const&)|249-247-88-235
102590|code|B               loc_1907C|221-231
102592|code|LDR.W           R3, [R6,#-4]|86-248-4-60
102596|code|SUBS            R2, R3, #1|90-30
102598|code|STR.W           R2, [R6,#-4]|70-248-4-44
102602|code|B               loc_190B4|243-231
102604|code|BLX             __stack_chk_fail|249-247-188-235
102608|data|DCD _GLOBAL_OFFSET_TABLE_ - 0x19060|160-79-1-0
102612|data|DCD __stack_chk_guard_ptr - 0x2E000|208-1-0-0
102616|data|DCD _ZTVN5YAPET14YAPETExceptionE_ptr - 0x2E000|188-1-0-0
102620|data|DCD _ZNSs4_Rep20_S_empty_rep_storageE_ptr - 0x2E000|196-1-0-0
102624|data|DCD __pthread_key_create_ptr - 0x2E000|236-1-0-0
102628|code|PUSH            {R3-R5,LR}|56-181
102630|code|MOV             R4, R0|4-70
102632|code|LDR             R3, =(_GLOBAL_OFFSET_TABLE_ - 0x190F2)|11-75
102634|code|ADDS            R0, #8; this|8-48
102636|code|LDR             R5, =(_ZTVN5YAPET14YAPETExceptionE_ptr - 0x2E000)|11-77
102638|code|ADD             R3, PC; _GLOBAL_OFFSET_TABLE_|123-68
102640|code|LDR             R3, [R3,R5]; _ZTVN5YAPET14YAPETExceptionE_ptr ...|91-89
102642|code|STR             R2, [R4,#4]|98-96
102644|code|ADDS            R3, #8|8-51
102646|code|STR             R3, [R4]|35-96
102648|code|BLX             _ZNSsC1ERKSs; std::string::string(std::string const&)|249-247-230-234
102652|code|MOV             R0, R4|32-70
102654|code|POP             {R3-R5,PC}|56-189
102656|code|MOV             R5, R0|5-70
102658|code|MOV             R0, R4; this|32-70
102660|code|MOV             R4, R1|12-70
102662|code|BLX             _ZNSt9exceptionD2Ev; std::exception::~exception()|249-247-186-236
102666|code|ADDS            R4, #1|1-52
102668|code|BEQ             loc_19112|1-208
102670|code|BLX             __cxa_end_cleanup|249-247-162-235
102674|code|MOV             R0, R5; void *|40-70
102676|code|BLX             __cxa_call_unexpected|249-247-206-235
102680|data|DCD _GLOBAL_OFFSET_TABLE_ - 0x190F2|14-79-1-0
102684|data|DCD _ZTVN5YAPET14YAPETExceptionE_ptr - 0x2E000|188-1-0-0
102688|code|PUSH            {R4-R7,LR}|240-181
102690|code|SUB             SP, SP, #0x14|133-176
102692|code|LDR             R4, =(_GLOBAL_OFFSET_TABLE_ - 0x19130)|42-76
102694|code|ADD             R7, SP, #8|2-175
102696|code|LDR             R3, =(__stack_chk_guard_ptr - 0x2E000)|42-75
102698|code|MOV             R5, R0|5-70
102700|code|ADD             R4, PC; _GLOBAL_OFFSET_TABLE_|124-68
102702|code|MOV             R0, R7; this|56-70
102704|code|LDR             R6, [R4,R3]; __stack_chk_guard|230-88
102706|code|LDR             R3, [R6]|51-104
102708|code|STR             R3, [SP,#0x14+var_8]|3-147
102710|code|BLX             _ZNSsC1ERKSs; std::string::string(std::string const&)|249-247-200-234
102714|code|LDR             R3, =(_ZTVN5YAPET14YAPETExceptionE_ptr - 0x2E000)|39-75
102716|code|MOVS            R2, #0xFF|255-34
102718|code|MOV             R1, R7; std::string *|57-70
102720|code|ADD.W           R0, R5, #8; this|5-241-8-0
102724|code|LDR             R3, [R4,R3]; _ZTVN5YAPET14YAPETExceptionE_ptr ...|227-88
102726|code|STR             R2, [R5,#4]|106-96
102728|code|ADDS            R3, #8|8-51
102730|code|STR             R3, [R5]|43-96
102732|code|BLX             _ZNSsC1ERKSs; std::string::string(std::string const&)|249-247-188-234
102736|code|LDR             R3, =(_ZNSs4_Rep20_S_empty_rep_storageE_ptr - 0x2E000)|34-75
102738|code|LDR             R2, [SP,#0x14+var_C]|2-154
102740|code|LDR             R3, [R4,R3]; _ZNSs4_Rep20_S_empty_rep_storageE_ptr ...|227-88
102742|code|SUB.W           R0, R2, #0xC|162-241-12-0
102746|code|CMP             R0, R3|152-66
102748|code|BNE             loc_19176|11-209
102750|code|LDR             R3, =(_ZTVN5YAPET19YAPETRetryExceptionE_ptr - 0x2E000)|32-75
102752|code|MOV             R0, R5|40-70
102754|code|LDR             R1, [SP,#0x14+var_8]|3-153
102756|code|LDR             R2, [R6]|50-104
102758|code|LDR             R3, [R4,R3]; _ZTVN5YAPET19YAPETRetryExceptionE_ptr ...|227-88
102760|code|CMP             R1, R2|145-66
102762|code|ADD.W           R3, R3, #8|3-241-8-3
102766|code|STR             R3, [R5]|43-96
102768|code|BNE             loc_191AC|28-209
102770|code|ADD             SP, SP, #0x14|5-176
102772|code|POP             {R4-R7,PC}|240-189
102774|code|LDR             R3, =(__pthread_key_create_ptr - 0x2E000)|27-75
102776|code|LDR             R3, [R4,R3]; __pthread_key_create|227-88
102778|code|CBZ             R3, loc_191A0|139-177
102780|code|SUBS            R2, #4|4-58
102782|code|DMB.W           SY|191-243-95-143
102786|code|LDREX.W         R3, [R2]|82-232-0-63
102790|code|SUBS            R1, R3, #1|89-30
102792|code|STREX.W         R7, R1, [R2]|66-232-0-23
102796|code|CMP             R7, #0|0-47
102798|code|BNE             loc_19182|248-209
102800|code|DMB.W           SY|191-243-95-143
102804|code|CMP             R3, #0|0-43
102806|code|BGT             loc_1915E|226-220
102808|code|ADD             R1, SP, #0x14+var_10|1-169
102810|code|BLX             _ZNSs4_Rep10_M_destroyERKSaIcE; std::string::_Rep::_M_destroy(std::allocator<char> const&)|249-247-232-234
102814|code|B               loc_1915E|222-231
102816|code|LDR.W           R3, [R2,#-4]|82-248-4-60
102820|code|SUBS            R1, R3, #1|89-30
102822|code|STR.W           R1, [R2,#-4]|66-248-4-28
102826|code|B               loc_19194|243-231
102828|code|BLX             __stack_chk_fail|249-247-76-235
102832|code|MOV             R4, R0|4-70
102834|code|MOV             R0, R5; this|40-70
102836|code|MOV             R5, R1|13-70
102838|code|BLX             _ZNSt9exceptionD2Ev; std::exception::~exception()|249-247-98-236
102842|code|ADDS            R5, #1|1-53
102844|code|BEQ             loc_191CA|5-208
102846|code|BLX             __cxa_end_cleanup|249-247-74-235
102850|code|ADDS            R1, #1|1-49
102852|code|BNE             loc_191BE|251-209
102854|code|BLX             __cxa_call_unexpected|249-247-118-235
102858|code|MOV             R0, R4; void *|32-70
102860|code|BLX             __cxa_call_unexpected|249-247-114-235
102864|data|DCD _GLOBAL_OFFSET_TABLE_ - 0x19130|208-78-1-0
102868|data|DCD __stack_chk_guard_ptr - 0x2E000|208-1-0-0
102872|data|DCD _ZTVN5YAPET14YAPETExceptionE_ptr - 0x2E000|188-1-0-0
102876|data|DCD _ZNSs4_Rep20_S_empty_rep_storageE_ptr - 0x2E000|196-1-0-0
102880|data|DCD _ZTVN5YAPET19YAPETRetryExceptionE_ptr - 0x2E000|216-1-0-0
102884|data|DCD __pthread_key_create_ptr - 0x2E000|236-1-0-0
102888|code|PUSH            {R4-R7,LR}|240-181
102890|code|SUB             SP, SP, #0x14|133-176
102892|code|LDR             R4, =(_GLOBAL_OFFSET_TABLE_ - 0x191F8)|42-76
102894|code|ADD             R7, SP, #8|2-175
102896|code|LDR             R3, =(__stack_chk_guard_ptr - 0x2E000)|42-75
102898|code|MOV             R5, R0|5-70
102900|code|ADD             R4, PC; _GLOBAL_OFFSET_TABLE_|124-68
102902|code|MOV             R0, R7; this|56-70
102904|code|LDR             R6, [R4,R3]; __stack_chk_guard|230-88
102906|code|LDR             R3, [R6]|51-104
102908|code|STR             R3, [SP,#0x14+var_8]|3-147
102910|code|BLX             _ZNSsC1ERKSs; std::string::string(std::string const&)|249-247-100-234
102914|code|LDR             R3, =(_ZTVN5YAPET14YAPETExceptionE_ptr - 0x2E000)|39-75
102916|code|MOVS            R2, #0xFF|255-34
102918|code|MOV             R1, R7; std::string *|57-70
102920|code|ADD.W           R0, R5, #8; this|5-241-8-0
102924|code|LDR             R3, [R4,R3]; _ZTVN5YAPET14YAPETExceptionE_ptr ...|227-88
102926|code|STR             R2, [R5,#4]|106-96
102928|code|ADDS            R3, #8|8-51
102930|code|STR             R3, [R5]|43-96
102932|code|BLX             _ZNSsC1ERKSs; std::string::string(std::string const&)|249-247-88-234
102936|code|LDR             R3, =(_ZNSs4_Rep20_S_empty_rep_storageE_ptr - 0x2E000)|34-75
102938|code|LDR             R2, [SP,#0x14+var_C]|2-154
102940|code|LDR             R3, [R4,R3]; _ZNSs4_Rep20_S_empty_rep_storageE_ptr ...|227-88
102942|code|SUB.W           R0, R2, #0xC|162-241-12-0
102946|code|CMP             R0, R3|152-66
102948|code|BNE             loc_1923E|11-209
102950|code|LDR             R3, =(_ZTVN5YAPET24YAPETEncryptionExceptionE_ptr - 0x2E000)|32-75
102952|code|MOV             R0, R5|40-70
102954|code|LDR             R1, [SP,#0x14+var_8]|3-153
102956|code|LDR             R2, [R6]|50-104
102958|code|LDR             R3, [R4,R3]; _ZTVN5YAPET24YAPETEncryptionExceptionE_ptr ...|227-88
102960|code|CMP             R1, R2|145-66
102962|code|ADD.W           R3, R3, #8|3-241-8-3
102966|code|STR             R3, [R5]|43-96
102968|code|BNE             loc_19274|28-209
102970|code|ADD             SP, SP, #0x14|5-176
102972|code|POP             {R4-R7,PC}|240-189
102974|code|LDR             R3, =(__pthread_key_create_ptr - 0x2E000)|27-75
102976|code|LDR             R3, [R4,R3]; __pthread_key_create|227-88
102978|code|CBZ             R3, loc_19268|139-177
102980|code|SUBS            R2, #4|4-58
102982|code|DMB.W           SY|191-243-95-143
102986|code|LDREX.W         R3, [R2]|82-232-0-63
102990|code|SUBS            R1, R3, #1|89-30
102992|code|STREX.W         R7, R1, [R2]|66-232-0-23
102996|code|CMP             R7, #0|0-47
102998|code|BNE             loc_1924A|248-209
103000|code|DMB.W           SY|191-243-95-143
103004|code|CMP             R3, #0|0-43
103006|code|BGT             loc_19226|226-220
103008|code|ADD             R1, SP, #0x14+var_10|1-169
103010|code|BLX             _ZNSs4_Rep10_M_destroyERKSaIcE; std::string::_Rep::_M_destroy(std::allocator<char> const&)|249-247-132-234
103014|code|B               loc_19226|222-231
103016|code|LDR.W           R3, [R2,#-4]|82-248-4-60
103020|code|SUBS            R1, R3, #1|89-30
103022|code|STR.W           R1, [R2,#-4]|66-248-4-28
103026|code|B               loc_1925C|243-231
103028|code|BLX             __stack_chk_fail|249-247-232-234
103032|code|MOV             R4, R0|4-70
103034|code|MOV             R0, R5; this|40-70
103036|code|MOV             R5, R1|13-70
103038|code|BLX             _ZNSt9exceptionD2Ev; std::exception::~exception()|249-247-254-235
103042|code|ADDS            R5, #1|1-53
103044|code|BEQ             loc_19292|5-208
103046|code|BLX             __cxa_end_cleanup|249-247-230-234
103050|code|ADDS            R1, #1|1-49
103052|code|BNE             loc_19286|251-209
103054|code|BLX             __cxa_call_unexpected|249-247-18-235
103058|code|MOV             R0, R4; void *|32-70
103060|code|BLX             __cxa_call_unexpected|249-247-14-235
103064|data|DCD _GLOBAL_OFFSET_TABLE_ - 0x191F8|8-78-1-0
103068|data|DCD __stack_chk_guard_ptr - 0x2E000|208-1-0-0
103072|data|DCD _ZTVN5YAPET14YAPETExceptionE_ptr - 0x2E000|188-1-0-0
103076|data|DCD _ZNSs4_Rep20_S_empty_rep_storageE_ptr - 0x2E000|196-1-0-0
103080|data|DCD _ZTVN5YAPET24YAPETEncryptionExceptionE_ptr - 0x2E000|0-2-0-0
103084|data|DCD __pthread_key_create_ptr - 0x2E000|236-1-0-0
103088|code|PUSH            {R4-R7,LR}|240-181
103090|code|MOV             R5, R0|5-70
103092|code|LDR             R4, =(_GLOBAL_OFFSET_TABLE_ - 0x192C0)|46-76
103094|code|SUB             SP, SP, #0x14|133-176
103096|code|LDR             R3, =(__stack_chk_guard_ptr - 0x2E000)|46-75
103098|code|ADD             R7, SP, #8|2-175
103100|code|ADD             R4, PC; _GLOBAL_OFFSET_TABLE_|124-68
103102|code|LDR             R0, =(aYapet - 0x192C8); "yapet"|46-72
103104|code|LDR             R1, =(aInvalidPasswor - 0x192CA); "Invalid password"|46-73
103106|code|LDR             R6, [R4,R3]; __stack_chk_guard|230-88
103108|code|ADD             R0, PC; "yapet"|120-68
103110|code|ADD             R1, PC; "Invalid password"|121-68
103112|code|LDR             R3, [R6]|51-104
103114|code|STR             R3, [SP,#0x14+var_8]|3-147
103116|code|BLX             dgettext|249-247-250-235
103120|code|MOV             R2, SP|106-70
103122|code|MOV             R1, R0|1-70
103124|code|MOV             R0, R7|56-70
103126|code|BLX             _ZNSsC1EPKcRKSaIcE; std::string::string(char const*,std::allocator<char> const&)|249-247-202-234
103130|code|LDR             R3, =(_ZTVN5YAPET14YAPETExceptionE_ptr - 0x2E000)|41-75
103132|code|MOVS            R2, #0xFF|255-34
103134|code|MOV             R1, R7; std::string *|57-70
103136|code|ADD.W           R0, R5, #8; this|5-241-8-0
103140|code|LDR             R3, [R4,R3]; _ZTVN5YAPET14YAPETExceptionE_ptr ...|227-88
103142|code|STR             R2, [R5,#4]|106-96
103144|code|ADDS            R3, #8|8-51
103146|code|STR             R3, [R5]|43-96
103148|code|BLX             _ZNSsC1ERKSs; std::string::string(std::string const&)|249-247-236-233
103152|code|LDR             R3, =(_ZNSs4_Rep20_S_empty_rep_storageE_ptr - 0x2E000)|36-75
103154|code|LDR             R2, [SP,#0x14+var_C]|2-154
103156|code|LDR             R3, [R4,R3]; _ZNSs4_Rep20_S_empty_rep_storageE_ptr ...|227-88
103158|code|SUB.W           R0, R2, #0xC|162-241-12-0
103162|code|CMP             R0, R3|152-66
103164|code|BNE             loc_19316|11-209
103166|code|LDR             R3, =(_ZTVN5YAPET29YAPETInvalidPasswordExceptionE_ptr - 0x2E000)|34-75
103168|code|MOV             R0, R5|40-70
103170|code|LDR             R1, [SP,#0x14+var_8]|3-153
103172|code|LDR             R2, [R6]|50-104
103174|code|LDR             R3, [R4,R3]; _ZTVN5YAPET29YAPETInvalidPasswordExceptionE_ptr ...|227-88
103176|code|CMP             R1, R2|145-66
103178|code|ADD.W           R3, R3, #8|3-241-8-3
103182|code|STR             R3, [R5]|43-96
103184|code|BNE             loc_1934C|28-209
103186|code|ADD             SP, SP, #0x14|5-176
103188|code|POP             {R4-R7,PC}|240-189
103190|code|LDR             R3, =(__pthread_key_create_ptr - 0x2E000)|29-75
103192|code|LDR             R3, [R4,R3]; __pthread_key_create|227-88
103194|code|CBZ             R3, loc_19340|139-177
103196|code|SUBS            R2, #4|4-58
103198|code|DMB.W           SY|191-243-95-143
103202|code|LDREX.W         R3, [R2]|82-232-0-63
103206|code|SUBS            R1, R3, #1|89-30
103208|code|STREX.W         R7, R1, [R2]|66-232-0-23
103212|code|CMP             R7, #0|0-47
103214|code|BNE             loc_19322|248-209
103216|code|DMB.W           SY|191-243-95-143
103220|code|CMP             R3, #0|0-43
103222|code|BGT             loc_192FE|226-220
103224|code|ADD             R1, SP, #0x14+var_10|1-169
103226|code|BLX             _ZNSs4_Rep10_M_destroyERKSaIcE; std::string::_Rep::_M_destroy(std::allocator<char> const&)|249-247-24-234
103230|code|B               loc_192FE|222-231
103232|code|LDR.W           R3, [R2,#-4]|82-248-4-60
103236|code|SUBS            R1, R3, #1|89-30
103238|code|STR.W           R1, [R2,#-4]|66-248-4-28
103242|code|B               loc_19334|243-231
103244|code|BLX             __stack_chk_fail|249-247-124-234
103248|code|MOV             R4, R0|4-70
103250|code|MOV             R0, R5; this|40-70
103252|code|MOV             R5, R1|13-70
103254|code|BLX             _ZNSt9exceptionD2Ev; std::exception::~exception()|249-247-146-235
103258|code|ADDS            R5, #1|1-53
103260|code|BEQ             loc_1936A|5-208
103262|code|BLX             __cxa_end_cleanup|249-247-122-234
103266|code|ADDS            R1, #1|1-49
103268|code|BNE             loc_1935E|251-209
103270|code|BLX             __cxa_call_unexpected|249-247-166-234
103274|code|MOV             R0, R4; void *|32-70
103276|code|BLX             __cxa_call_unexpected|249-247-162-234
103280|data|DCD _GLOBAL_OFFSET_TABLE_ - 0x192C0|64-77-1-0
103284|data|DCD __stack_chk_guard_ptr - 0x2E000|208-1-0-0
103288|data|DCD aYapet - 0x192C8; "yapet"|172-41-0-0
103292|data|DCD aInvalidPasswor - 0x192CA; "Invalid password"|6-46-0-0
103296|data|DCD _ZTVN5YAPET14YAPETExceptionE_ptr - 0x2E000|188-1-0-0
103300|data|DCD _ZNSs4_Rep20_S_empty_rep_storageE_ptr - 0x2E000|196-1-0-0
103304|data|DCD _ZTVN5YAPET29YAPETInvalidPasswordExceptionE_ptr - 0x2E000|204-1-0-0
103308|data|DCD __pthread_key_create_ptr - 0x2E000|236-1-0-0
103312|code|PUSH            {R4-R7,LR}|240-181
103314|code|SUB             SP, SP, #0xC|131-176
103316|code|LDR             R5, =(_GLOBAL_OFFSET_TABLE_ - 0x193A0)|16-77
103318|code|MOV             R7, R2|23-70
103320|code|LDR             R3, =(__stack_chk_guard_ptr - 0x2E000)|16-75
103322|code|MOV             R4, R0|4-70
103324|code|ADD             R5, PC; _GLOBAL_OFFSET_TABLE_|125-68
103326|code|LDR             R6, [R5,R3]; __stack_chk_guard|238-88
103328|code|LDR             R3, [R6]|51-104
103330|code|STR             R3, [SP,#0x20+var_1C]|1-147
103332|code|BLX             _ZNSsC1ERKSs; std::string::string(std::string const&)|249-247-144-233
103336|code|MOV             R0, R4; this|32-70
103338|code|MOV             R1, R7; std::string *|57-70
103340|code|BLX             _ZNSs6appendERKSs; std::string::append(std::string const&)|249-247-64-234
103344|code|LDR             R2, [SP,#0x20+var_1C]|1-154
103346|code|MOV             R0, R4|32-70
103348|code|LDR             R3, [R6]|51-104
103350|code|CMP             R2, R3|154-66
103352|code|BNE             loc_193BE|1-209
103354|code|ADD             SP, SP, #0xC|3-176
103356|code|POP             {R4-R7,PC}|240-189
103358|code|BLX             __stack_chk_fail|249-247-68-234
103362|code|LDR             R3, =0x1C4|7-75
103364|code|LDR             R0, [R4]|32-104
103366|code|LDR             R3, [R5,R3]|235-88
103368|code|SUBS            R0, #0xC|12-56
103370|code|CMP             R0, R3|152-66
103372|code|BEQ             loc_193D4|2-208
103374|code|MOV             R1, SP|105-70
103376|code|BL              sub_12B78|249-247-210-251
103380|code|BLX             __cxa_end_cleanup|249-247-62-234
103384|data|DCD _GLOBAL_OFFSET_TABLE_ - 0x193A0|96-76-1-0
103388|data|DCD __stack_chk_guard_ptr - 0x2E000|208-1-0-0
103392|data|DCD 0x1C4|196-1-0-0
103396|code|PUSH.W          {R4-R8,LR}|45-233-240-65
103400|code|SUB             SP, SP, #0xC8|178-176
103402|code|LDR.W           R5, =(_GLOBAL_OFFSET_TABLE_ - 0x193F8)|223-248-156-86
103406|code|MOV             R4, R0|4-70
103408|code|LDR.W           R3, =(__stack_chk_guard_ptr - 0x2E000)|223-248-152-54
103412|code|ADD             R5, PC; _GLOBAL_OFFSET_TABLE_|125-68
103414|code|LDR             R2, [R0,#4]|66-104
103416|code|LDR             R3, [R5,R3]; __stack_chk_guard|235-88
103418|code|CMP             R2, #8|8-42
103420|code|STR             R3, [SP,#0xE0+var_D4]|3-147
103422|code|LDR             R3, [R3]|27-104
103424|code|STR             R3, [SP,#0xE0+var_1C]|49-147
103426|code|BNE.W           loc_19800|64-240-253-129
103430|code|ADD             R7, SP, #0xE0+var_A8|14-175
103432|code|MOV             R8, R1|136-70
103434|code|MOV             R0, R7|56-70
103436|code|BLX             EVP_CIPHER_CTX_init|249-247-186-233
103440|code|MOV             R3, R4|35-70
103442|code|ADD.W           R2, R4, #0x44 ; 'D'|4-241-68-2
103446|code|LDR.W           R1, [R3],#0xC|83-248-12-27
103450|code|MOV             R0, R7|56-70
103452|code|STR             R2, [SP,#0xE0+var_E0]|0-146
103454|code|MOVS            R2, #0|0-34
103456|code|BLX             EVP_DecryptInit_ex|249-247-64-233
103460|code|CMP             R0, #0|0-40
103462|code|BEQ.W           loc_19768|0-240-159-129
103466|code|MOV             R0, R7|56-70
103468|code|MOVS            R1, #0x38 ; '8'|56-33
103470|code|BLX             EVP_CIPHER_CTX_set_key_length|249-247-138-234
103474|code|CMP             R0, #0|0-40
103476|code|BEQ.W           loc_197B4|0-240-190-129
103480|code|MOVS            R0, #8; unsigned int|8-32
103482|code|LDR.W           R6, [R8]|216-248-0-96
103486|code|BLX             _Znwj; operator new(uint)|249-247-200-232
103490|code|MOV             R1, R6|49-70
103492|code|MOV             R4, R0|4-70
103494|code|BL              sub_1ABDC|1-240-201-251
103498|code|LDR.W           R6, [R8]|216-248-0-96
103502|code|MOV             R0, R7|56-70
103504|code|LDR             R1, [R4,#4]|97-104
103506|code|ADD             R2, SP, #0xE0+var_C4|7-170
103508|code|LDR.W           R3, [R8,#4]|216-248-4-48
103512|code|STR             R6, [SP,#0xE0+var_E0]|0-150
103514|code|BLX             EVP_DecryptUpdate|249-247-228-233
103518|code|CMP             R0, #0|0-40
103520|code|BEQ             loc_1950E|85-208
103522|code|MOV             R0, R4|32-70
103524|code|LDR             R1, [SP,#0xE0+var_C4]|7-153
103526|code|BL              sub_1AC90|1-240-19-252
103530|code|MOV             R1, R0|1-70
103532|code|ADD             R2, SP, #0xE0+var_C0|8-170
103534|code|MOV             R0, R7|56-70
103536|code|BLX             EVP_DecryptFinal_ex|249-247-192-232
103540|code|CMP             R0, #0|0-40
103542|code|BNE.W           loc_195A2|64-240-148-128
103546|code|MOV             R0, R7|56-70
103548|code|BLX             EVP_CIPHER_CTX_cleanup|249-247-8-234
103552|code|MOV             R0, R4|32-70
103554|code|BL              sub_1AC38|1-240-217-251
103558|code|MOV             R0, R4; void *|32-70
103560|code|ADD             R7, SP, #0xE0+var_BC|9-175
103562|code|BLX             _ZdlPv; operator delete(void *)|249-247-150-233
103566|code|MOVS            R0, #0xC; thrown_size|12-32
103568|code|BLX             __cxa_allocate_exception|249-247-2-233
103572|code|LDR.W           R1, =(aErrorFinalizin_0 - 0x1949C); "Error finalizing decryption"|223-248-248-21
103576|code|ADD             R1, PC; "Error finalizing decryption"|121-68
103578|code|MOV             R4, R0|4-70
103580|code|LDR.W           R0, =(aYapet - 0x194A4); "yapet"|223-248-244-5
103584|code|ADD             R0, PC; "yapet"|120-68
103586|code|BLX             dgettext|249-247-16-235
103590|code|ADD             R2, SP, #0xE0+var_B4|11-170
103592|code|MOV             R1, R0|1-70
103594|code|MOV             R0, R7|56-70
103596|code|BLX             _ZNSsC1EPKcRKSaIcE; std::string::string(char const*,std::allocator<char> const&)|249-247-222-233
103600|code|ADD             R6, SP, #0xE0+var_AC|13-174
103602|code|MOV             R1, R7; std::string *|57-70
103604|code|MOV             R0, R6; this|48-70
103606|code|BLX             _ZNSsC1ERKSs; std::string::string(std::string const&)|249-247-8-233
103610|code|LDR.W           R3, =(_ZTVN5YAPET14YAPETExceptionE_ptr - 0x2E000)|223-248-220-53
103614|code|MOVS            R2, #0xFF|255-34
103616|code|ADD.W           R0, R4, #8; this|4-241-8-0
103620|code|MOV             R1, R6; std::string *|49-70
103622|code|LDR             R3, [R5,R3]; _ZTVN5YAPET14YAPETExceptionE_ptr ...|235-88
103624|code|STR             R2, [R4,#4]|98-96
103626|code|ADDS            R3, #8|8-51
103628|code|STR             R3, [R4]|35-96
103630|code|BLX             _ZNSsC1ERKSs; std::string::string(std::string const&)|249-247-252-232
103634|code|LDR.W           R3, =(_ZNSs4_Rep20_S_empty_rep_storageE_ptr - 0x2E000)|223-248-200-53
103638|code|LDR             R2, [SP,#0xE0+var_AC]|13-154
103640|code|LDR             R7, [R5,R3]; _ZNSs4_Rep20_S_empty_rep_storageE_ptr ...|239-88
103642|code|SUB.W           R0, R2, #0xC|162-241-12-0
103646|code|CMP             R0, R7|184-66
103648|code|BNE.W           loc_1970A|64-240-19-129
103652|code|LDR.W           R3, =(_ZTVN5YAPET24YAPETEncryptionExceptionE_ptr - 0x2E000)|223-248-184-53
103656|code|LDR             R2, [SP,#0xE0+var_BC]|9-154
103658|code|SUB.W           R0, R2, #0xC|162-241-12-0
103662|code|LDR             R3, [R5,R3]; _ZTVN5YAPET24YAPETEncryptionExceptionE_ptr ...|235-88
103664|code|CMP             R0, R7|184-66
103666|code|ADD.W           R3, R3, #8|3-241-8-3
103670|code|STR             R3, [R4]|35-96
103672|code|BNE.W           loc_196DE|64-240-241-128
103676|code|LDR.W           R2, =(_ZTIN5YAPET24YAPETEncryptionExceptionE_ptr - 0x2E000)|223-248-164-37
103680|code|MOV             R0, R4; void *|32-70
103682|code|LDR.W           R3, =(off_2E1E0 - 0x2E000)|223-248-164-53
103686|code|LDR             R1, [R5,R2]; _ZTIN5YAPET24YAPETEncryptionExceptionE_ptr ; lptinfo|169-88
103688|code|LDR             R2, [R5,R3]; YAPET::YAPETEncryptionException::~YAPETEncryptionException() ; void (__cdecl *)(void *)|234-88
103690|code|BLX             __cxa_throw|249-247-142-234
103694|code|MOV             R0, R7|56-70
103696|code|BLX             EVP_CIPHER_CTX_cleanup|249-247-190-233
103700|code|MOV             R0, R4|32-70
103702|code|BL              sub_1AC38|1-240-143-251
103706|code|MOV             R0, R4; void *|32-70
103708|code|ADD             R7, SP, #0xE0+var_C0|8-175
103710|code|BLX             _ZdlPv; operator delete(void *)|249-247-76-233
103714|code|MOVS            R0, #0xC; thrown_size|12-32
103716|code|BLX             __cxa_allocate_exception|249-247-184-232
103720|code|LDR.W           R1, =(aErrorDecryptin - 0x19530); "Error decrypting data"|223-248-128-21
103724|code|ADD             R1, PC; "Error decrypting data"|121-68
103726|code|MOV             R4, R0|4-70
103728|code|LDR.W           R0, =(aYapet - 0x19538); "yapet"|223-248-124-5
103732|code|ADD             R0, PC; "yapet"|120-68
103734|code|BLX             dgettext|249-247-198-234
103738|code|ADD             R2, SP, #0xE0+var_B4|11-170
103740|code|MOV             R1, R0|1-70
103742|code|MOV             R0, R7|56-70
103744|code|BLX             _ZNSsC1EPKcRKSaIcE; std::string::string(char const*,std::allocator<char> const&)|249-247-148-233
103748|code|ADD             R6, SP, #0xE0+var_AC|13-174
103750|code|MOV             R1, R7; std::string *|57-70
103752|code|MOV             R0, R6; this|48-70
103754|code|BLX             _ZNSsC1ERKSs; std::string::string(std::string const&)|249-247-190-232
103758|code|LDR.W           R3, =(_ZTVN5YAPET14YAPETExceptionE_ptr - 0x2E000)|223-248-72-53
103762|code|MOVS            R2, #0xFF|255-34
103764|code|ADD.W           R0, R4, #8; this|4-241-8-0
103768|code|MOV             R1, R6; std::string *|49-70
103770|code|LDR             R3, [R5,R3]; _ZTVN5YAPET14YAPETExceptionE_ptr ...|235-88
103772|code|STR             R2, [R4,#4]|98-96
103774|code|ADDS            R3, #8|8-51
103776|code|STR             R3, [R4]|35-96
103778|code|BLX             _ZNSsC1ERKSs; std::string::string(std::string const&)|249-247-178-232
103782|code|LDR.W           R3, =(_ZNSs4_Rep20_S_empty_rep_storageE_ptr - 0x2E000)|223-248-52-53
103786|code|LDR             R2, [SP,#0xE0+var_AC]|13-154
103788|code|LDR             R7, [R5,R3]; _ZNSs4_Rep20_S_empty_rep_storageE_ptr ...|239-88
103790|code|SUB.W           R0, R2, #0xC|162-241-12-0
103794|code|CMP             R0, R7|184-66
103796|code|BNE.W           loc_1967C|64-240-130-128
103800|code|LDR.W           R3, =(_ZTVN5YAPET24YAPETEncryptionExceptionE_ptr - 0x2E000)|223-248-36-53
103804|code|LDR             R2, [SP,#0xE0+var_C0]|8-154
103806|code|SUB.W           R0, R2, #0xC|162-241-12-0
103810|code|LDR             R3, [R5,R3]; _ZTVN5YAPET24YAPETEncryptionExceptionE_ptr ...|235-88
103812|code|CMP             R0, R7|184-66
103814|code|ADD.W           R3, R3, #8|3-241-8-3
103818|code|STR             R3, [R4]|35-96
103820|code|BNE.W           loc_196AE|64-240-143-128
103824|code|LDR.W           R2, =(_ZTIN5YAPET24YAPETEncryptionExceptionE_ptr - 0x2E000)|223-248-16-37
103828|code|MOV             R0, R4; void *|32-70
103830|code|LDR.W           R3, =(off_2E1E0 - 0x2E000)|223-248-16-53
103834|code|LDR             R1, [R5,R2]; _ZTIN5YAPET24YAPETEncryptionExceptionE_ptr ; lptinfo|169-88
103836|code|LDR             R2, [R5,R3]; YAPET::YAPETEncryptionException::~YAPETEncryptionException() ; void (__cdecl *)(void *)|234-88
103838|code|BLX             __cxa_throw|249-247-68-234
103842|code|LDR             R1, [SP,#0xE0+var_C4]|7-153
103844|code|MOV             R0, R4|32-70
103846|code|LDR             R3, [SP,#0xE0+var_C0]|8-155
103848|code|ADD             R1, R3|25-68
103850|code|BL              sub_1AC4C|1-240-79-251
103854|code|MOV             R0, R7|56-70
103856|code|BLX             EVP_CIPHER_CTX_cleanup|249-247-110-233
103860|code|MOVS            R0, #0xC; unsigned int|12-32
103862|code|BLX             _Znwj; operator new(uint)|249-247-12-232
103866|code|LDR.W           R3, =(_ZTVN5YAPET6RecordINS_13FileHeader_64EEE_ptr - 0x2E000)|223-248-248-52
103870|code|MOV             R7, R0|7-70
103872|code|MOVS            R0, #0x20 ; ' '; size|32-32
103874|code|LDR             R3, [R5,R3]; _ZTVN5YAPET6RecordINS_13FileHeader_64EEE_ptr ...|235-88
103876|code|ADDS            R3, #8|8-51
103878|code|STR             R3, [R7]|59-96
103880|code|BLX             malloc|249-247-206-233
103884|code|STR             R0, [R7,#8]|184-96
103886|code|CMP             R0, #0|0-40
103888|code|BEQ.W           loc_19846|0-240-57-129
103892|code|MOVS            R3, #0x20 ; ' '|32-35
103894|code|STR             R3, [R7,#4]|123-96
103896|code|LDR.W           R8, [R4]|212-248-0-128
103900|code|CMP.W           R8, #0x1F|184-241-31-15
103904|code|BLS.W           loc_198B6|64-242-105-129
103908|code|CMP.W           R8, #0x20 ; ' '|184-241-32-15
103912|code|BNE.W           loc_1990E|64-240-145-129
103916|code|MOV             R3, R0|3-70
103918|code|MOVS            R2, #0|0-34
103920|code|STR.W           R2, [R3],#4|67-248-4-43
103924|code|ADDS            R3, #4|4-51
103926|code|STR             R2, [R0,#4]|66-96
103928|code|STR.W           R2, [R3],#4|67-248-4-43
103932|code|STR.W           R2, [R3],#4|67-248-4-43
103936|code|STR.W           R2, [R3],#4|67-248-4-43
103940|code|STR.W           R2, [R3],#4|67-248-4-43
103944|code|STR.W           R2, [R3],#4|67-248-4-43
103948|code|STR             R2, [R3]|26-96
103950|code|LDR             R0, [R7,#8]; ptr|184-104
103952|code|BLX             free|249-247-18-232
103956|code|MOV             R0, R8; size|64-70
103958|code|BLX             malloc|249-247-168-233
103962|code|STR             R0, [R7,#8]|184-96
103964|code|CMP             R0, #0|0-40
103966|code|BEQ.W           loc_19956|0-240-154-129
103970|code|LDR.W           LR, [R4,#4]|212-248-4-224
103974|code|MOV             R5, R0|5-70
103976|code|STR.W           R8, [R7,#4]|199-248-4-128
103980|code|LDR.W           R0, [LR]|222-248-0-0
103984|code|LDR.W           R1, [LR,#4]|222-248-4-16
103988|code|LDR.W           R2, [LR,#8]|222-248-8-32
103992|code|LDR.W           R3, [LR,#0xC]|222-248-12-48
103996|code|STM             R5!, {R0-R3}|15-197
103998|code|LDR.W           R0, [LR,#0x10]|222-248-16-0
104002|code|LDR.W           R1, [LR,#0x14]|222-248-20-16
104006|code|LDR.W           R2, [LR,#0x18]|222-248-24-32
104010|code|LDR.W           R3, [LR,#0x1C]|222-248-28-48
104014|code|STM             R5!, {R0-R3}|15-197
104016|code|MOV             R0, R4|32-70
104018|code|BL              sub_1AC38|1-240-241-250
104022|code|MOV             R0, R4; void *|32-70
104024|code|BLX             _ZdlPv; operator delete(void *)|249-247-174-232
104028|code|LDR             R3, [SP,#0xE0+var_D4]|3-155
104030|code|LDR             R2, [SP,#0xE0+var_1C]|49-154
104032|code|MOV             R0, R7|56-70
104034|code|LDR             R3, [R3]|27-104
104036|code|CMP             R2, R3|154-66
104038|code|BNE             loc_19678|7-209
104040|code|ADD             SP, SP, #0xC8|50-176
104042|code|POP.W           {R4-R8,PC}|189-232-240-129
104046|code|ADDS            R1, #1|1-49
104048|code|BEQ.W           loc_199CC|0-240-172-129
104052|code|BLX             __cxa_end_cleanup|249-247-238-232
104056|code|BLX             __stack_chk_fail|249-247-230-232
104060|code|LDR.W           R3, =(__pthread_key_create_ptr - 0x2E000)|223-248-56-52
104064|code|LDR             R3, [R5,R3]; __pthread_key_create|235-88
104066|code|CMP             R3, #0|0-43
104068|code|BEQ             loc_19744|94-208
104070|code|SUBS            R2, #4|4-58
104072|code|DMB.W           SY|191-243-95-143
104076|code|LDREX.W         R3, [R2]|82-232-0-63
104080|code|SUBS            R1, R3, #1|89-30
104082|code|STREX.W         LR, R1, [R2]|66-232-0-30
104086|code|CMP.W           LR, #0|190-241-0-15
104090|code|BNE             loc_1968C|247-209
104092|code|DMB.W           SY|191-243-95-143
104096|code|CMP             R3, #0|0-43
104098|code|BGT.W           loc_19578|63-247-105-175
104102|code|ADD             R1, SP, #0xE0+var_B0|12-169
104104|code|BLX             _ZNSs4_Rep10_M_destroyERKSaIcE; std::string::_Rep::_M_destroy(std::allocator<char> const&)|249-247-96-232
104108|code|B               loc_19578|100-231
104110|code|LDR.W           R3, =(__pthread_key_create_ptr - 0x2E000)|223-248-8-52
104114|code|LDR             R3, [R5,R3]; __pthread_key_create|235-88
104116|code|CMP             R3, #0|0-43
104118|code|BEQ             loc_19738|63-208
104120|code|SUBS            R2, #4|4-58
104122|code|DMB.W           SY|191-243-95-143
104126|code|LDREX.W         R3, [R2]|82-232-0-63
104130|code|SUBS            R1, R3, #1|89-30
104132|code|STREX.W         R7, R1, [R2]|66-232-0-23
104136|code|CMP             R7, #0|0-47
104138|code|BNE             loc_196BE|248-209
104140|code|DMB.W           SY|191-243-95-143
104144|code|CMP             R3, #0|0-43
104146|code|BGT.W           loc_19590|63-247-93-175
104150|code|MOV             R1, R6|49-70
104152|code|BLX             _ZNSs4_Rep10_M_destroyERKSaIcE; std::string::_Rep::_M_destroy(std::allocator<char> const&)|249-247-72-232
104156|code|B               loc_19590|88-231
104158|code|LDR             R3, =(__pthread_key_create_ptr - 0x2E000)|246-75
104160|code|LDR             R3, [R5,R3]; __pthread_key_create|235-88
104162|code|CBZ             R3, loc_1975C|219-179
104164|code|SUBS            R2, #4|4-58
104166|code|DMB.W           SY|191-243-95-143
104170|code|LDREX.W         R3, [R2]|82-232-0-63
104174|code|SUBS            R1, R3, #1|89-30
104176|code|STREX.W         R7, R1, [R2]|66-232-0-23
104180|code|CMP             R7, #0|0-47
104182|code|BNE             loc_196EA|248-209
104184|code|DMB.W           SY|191-243-95-143
104188|code|CMP             R3, #0|0-43
104190|code|BGT.W           loc_194FC|63-247-253-174
104194|code|MOV             R1, R6|49-70
104196|code|BLX             _ZNSs4_Rep10_M_destroyERKSaIcE; std::string::_Rep::_M_destroy(std::allocator<char> const&)|249-247-50-232
104200|code|B               loc_194FC|248-230
104202|code|LDR             R3, =(__pthread_key_create_ptr - 0x2E000)|235-75
104204|code|LDR             R3, [R5,R3]; __pthread_key_create|235-88
104206|code|CBZ             R3, loc_19750|251-177
104208|code|SUBS            R2, #4|4-58
104210|code|DMB.W           SY|191-243-95-143
104214|code|LDREX.W         R3, [R2]|82-232-0-63
104218|code|SUBS            R1, R3, #1|89-30
104220|code|STREX.W         LR, R1, [R2]|66-232-0-30
104224|code|CMP.W           LR, #0|190-241-0-15
104228|code|BNE             loc_19716|247-209
104230|code|DMB.W           SY|191-243-95-143
104234|code|CMP             R3, #0|0-43
104236|code|BGT.W           loc_194E4|63-247-218-174
104240|code|ADD             R1, SP, #0xE0+var_B0|12-169
104242|code|BLX             _ZNSs4_Rep10_M_destroyERKSaIcE; std::string::_Rep::_M_destroy(std::allocator<char> const&)|249-247-28-232
104246|code|B               loc_194E4|213-230
104248|code|LDR.W           R3, [R2,#-4]|82-248-4-60
104252|code|SUBS            R1, R3, #1|89-30
104254|code|STR.W           R1, [R2,#-4]|66-248-4-28
104258|code|B               loc_196D0|197-231
104260|code|LDR.W           R3, [R2,#-4]|82-248-4-60
104264|code|SUBS            R1, R3, #1|89-30
104266|code|STR.W           R1, [R2,#-4]|66-248-4-28
104270|code|B               loc_196A0|167-231
104272|code|LDR.W           R3, [R2,#-4]|82-248-4-60
104276|code|SUBS            R1, R3, #1|89-30
104278|code|STR.W           R1, [R2,#-4]|66-248-4-28
104282|code|B               loc_1972A|230-231
104284|code|LDR.W           R3, [R2,#-4]|82-248-4-60
104288|code|SUBS            R1, R3, #1|89-30
104290|code|STR.W           R1, [R2,#-4]|66-248-4-28
104294|code|B               loc_196FC|201-231
104296|code|MOV             R0, R7|56-70
104298|code|BLX             EVP_CIPHER_CTX_cleanup|249-247-146-232
104302|code|MOVS            R0, #0xC; thrown_size|12-32
104304|code|ADD             R4, SP, #0xE0+var_C8|6-172
104306|code|BLX             __cxa_allocate_exception|248-247-146-239
104310|code|LDR             R1, =(aErrorInitializ - 0x1977C); "Error initializing encryption engine"|209-73
104312|code|ADD             R1, PC; "Error initializing encryption engine"|121-68
104314|code|MOV             R6, R0|6-70
104316|code|LDR             R0, =(aYapet - 0x19782); "yapet"|208-72
104318|code|ADD             R0, PC; "yapet"|120-68
104320|code|BLX             dgettext|249-247-160-233
104324|code|ADD             R2, SP, #0xE0+var_B0|12-170
104326|code|MOV             R1, R0|1-70
104328|code|MOV             R0, R4|32-70
104330|code|BLX             _ZNSsC1EPKcRKSaIcE; std::string::string(char const*,std::allocator<char> const&)|249-247-112-232
104334|code|MOV             R0, R6|48-70
104336|code|MOV             R1, R4|33-70
104338|code|BL              sub_191E8|255-247-41-253
104342|code|LDR             R2, =(_ZNSs4_Rep20_S_empty_rep_storageE_ptr - 0x2E000)|193-74
104344|code|LDR             R3, [SP,#0xE0+var_C8]|6-155
104346|code|LDR             R2, [R5,R2]; _ZNSs4_Rep20_S_empty_rep_storageE_ptr ...|170-88
104348|code|SUB.W           R0, R3, #0xC|163-241-12-0
104352|code|CMP             R0, R2|144-66
104354|code|BNE.W           loc_19A4A|64-240-82-129
104358|code|LDR             R2, =(_ZTIN5YAPET24YAPETEncryptionExceptionE_ptr - 0x2E000)|191-74
104360|code|MOV             R0, R6; void *|48-70
104362|code|LDR             R3, =(off_2E1E0 - 0x2E000)|191-75
104364|code|LDR             R1, [R5,R2]; _ZTIN5YAPET24YAPETEncryptionExceptionE_ptr ; lptinfo|169-88
104366|code|LDR             R2, [R5,R3]; YAPET::YAPETEncryptionException::~YAPETEncryptionException() ; void (__cdecl *)(void *)|234-88
104368|code|BLX             __cxa_throw|249-247-58-233
104372|code|MOV             R0, R7|56-70
104374|code|BLX             EVP_CIPHER_CTX_cleanup|249-247-108-232
104378|code|MOVS            R0, #0xC; thrown_size|12-32
104380|code|ADD             R4, SP, #0xE0+var_C4|7-172
104382|code|BLX             __cxa_allocate_exception|248-247-108-239
104386|code|LDR             R1, =(aErrorSettingTh - 0x197C8); "Error setting the key length"|192-73
104388|code|ADD             R1, PC; "Error setting the key length"|121-68
104390|code|MOV             R6, R0|6-70
104392|code|LDR             R0, =(aYapet - 0x197CE); "yapet"|191-72
104394|code|ADD             R0, PC; "yapet"|120-68
104396|code|BLX             dgettext|249-247-122-233
104400|code|ADD             R2, SP, #0xE0+var_B0|12-170
104402|code|MOV             R1, R0|1-70
104404|code|MOV             R0, R4|32-70
104406|code|BLX             _ZNSsC1EPKcRKSaIcE; std::string::string(char const*,std::allocator<char> const&)|249-247-74-232
104410|code|MOV             R0, R6|48-70
104412|code|MOV             R1, R4|33-70
104414|code|BL              sub_15E40|252-247-47-251
104418|code|LDR             R2, =(_ZNSs4_Rep20_S_empty_rep_storageE_ptr - 0x2E000)|174-74
104420|code|LDR             R3, [SP,#0xE0+var_C4]|7-155
104422|code|LDR             R2, [R5,R2]; _ZNSs4_Rep20_S_empty_rep_storageE_ptr ...|170-88
104424|code|SUB.W           R0, R3, #0xC|163-241-12-0
104428|code|CMP             R0, R2|144-66
104430|code|BNE.W           loc_19A62|64-240-56-129
104434|code|LDR             R2, =(_ZTIN5YAPET14YAPETExceptionE_ptr - 0x2E000)|182-74
104436|code|MOV             R0, R6; void *|48-70
104438|code|LDR             R3, =(off_2E21C - 0x2E000)|182-75
104440|code|LDR             R1, [R5,R2]; _ZTIN5YAPET14YAPETExceptionE_ptr ; lptinfo|169-88
104442|code|LDR             R2, [R5,R3]; YAPET::YAPETException::~YAPETException() ; void (__cdecl *)(void *)|234-88
104444|code|BLX             __cxa_throw|249-247-20-233
104448|code|MOVS            R0, #0xC; thrown_size|12-32
104450|code|ADD             R4, SP, #0xE0+var_CC|5-172
104452|code|BLX             __cxa_allocate_exception|248-247-72-239
104456|code|LDR             R1, =(aIvecLengthMiss - 0x1980E); "IVec length missmatch"|178-73
104458|code|ADD             R1, PC; "IVec length missmatch"|121-68
104460|code|MOV             R6, R0|6-70
104462|code|LDR             R0, =(aYapet - 0x19814); "yapet"|178-72
104464|code|ADD             R0, PC; "yapet"|120-68
104466|code|BLX             dgettext|249-247-88-233
104470|code|ADD             R2, SP, #0xE0+var_B0|12-170
104472|code|MOV             R1, R0|1-70
104474|code|MOV             R0, R4|32-70
104476|code|BLX             _ZNSsC1EPKcRKSaIcE; std::string::string(char const*,std::allocator<char> const&)|249-247-38-232
104480|code|MOV             R0, R6|48-70
104482|code|MOV             R1, R4|33-70
104484|code|BL              sub_15E40|252-247-12-251
104488|code|LDR             R2, =(_ZNSs4_Rep20_S_empty_rep_storageE_ptr - 0x2E000)|156-74
104490|code|LDR             R3, [SP,#0xE0+var_CC]|5-155
104492|code|LDR             R2, [R5,R2]; _ZNSs4_Rep20_S_empty_rep_storageE_ptr ...|170-88
104494|code|SUB.W           R0, R3, #0xC|163-241-12-0
104498|code|CMP             R0, R2|144-66
104500|code|BNE.W           loc_19A74|64-240-30-129
104504|code|LDR             R2, =(_ZTIN5YAPET14YAPETExceptionE_ptr - 0x2E000)|164-74
104506|code|MOV             R0, R6; void *|48-70
104508|code|LDR             R3, =(off_2E21C - 0x2E000)|164-75
104510|code|LDR             R1, [R5,R2]; _ZTIN5YAPET14YAPETExceptionE_ptr ; lptinfo|169-88
104512|code|LDR             R2, [R5,R3]; YAPET::YAPETException::~YAPETException() ; void (__cdecl *)(void *)|234-88
104514|code|BLX             __cxa_throw|249-247-242-232
104518|code|MOVS            R0, #0xC; thrown_size|12-32
104520|code|ADD             R6, SP, #0xE0+var_B8|10-174
104522|code|BLX             __cxa_allocate_exception|248-247-38-239
104526|code|LDR             R1, =(aMemoryExhauste - 0x19854); "Memory exhausted"|163-73
104528|code|ADD             R1, PC; "Memory exhausted"|121-68
104530|code|MOV             R8, R0|128-70
104532|code|LDR             R0, =(aYapet - 0x1985A); "yapet"|162-72
104534|code|ADD             R0, PC; "yapet"|120-68
104536|code|BLX             dgettext|249-247-52-233
104540|code|ADD             R2, SP, #0xE0+var_AC|13-170
104542|code|MOV             R1, R0|1-70
104544|code|MOV             R0, R6|48-70
104546|code|BLX             _ZNSsC1EPKcRKSaIcE; std::string::string(char const*,std::allocator<char> const&)|249-247-4-232
104550|code|MOV             R0, R8|64-70
104552|code|MOV             R1, R6|49-70
104554|code|BL              sub_15E40|252-247-233-250
104558|code|LDR             R2, =(_ZNSs4_Rep20_S_empty_rep_storageE_ptr - 0x2E000)|139-74
104560|code|LDR             R3, [SP,#0xE0+var_B8]|10-155
104562|code|LDR             R2, [R5,R2]; _ZNSs4_Rep20_S_empty_rep_storageE_ptr ...|170-88
104564|code|SUB.W           R0, R3, #0xC|163-241-12-0
104568|code|CMP             R0, R2|144-66
104570|code|BNE.W           loc_199EA|64-240-182-128
104574|code|LDR             R2, =(_ZTIN5YAPET14YAPETExceptionE_ptr - 0x2E000)|147-74
104576|code|MOV             R0, R8; void *|64-70
104578|code|LDR             R3, =(off_2E21C - 0x2E000)|147-75
104580|code|LDR             R1, [R5,R2]; _ZTIN5YAPET14YAPETExceptionE_ptr ; lptinfo|169-88
104582|code|LDR             R2, [R5,R3]; YAPET::YAPETException::~YAPETException() ; void (__cdecl *)(void *)|234-88
104584|code|BLX             __cxa_throw|249-247-206-232
104588|code|ADDS            R2, R1, #5|74-29
104590|code|BEQ.W           loc_199E2|0-240-168-128
104594|code|ADDS            R1, #5|5-49
104596|code|BEQ.W           loc_199DE|0-240-163-128
104600|code|MOV             R5, R0|5-70
104602|code|MOV             R0, R7; void *|56-70
104604|code|BLX             _ZdlPv; operator delete(void *)|248-247-140-239
104608|code|MOV             R0, R5; void *|40-70
104610|code|BLX             __cxa_begin_catch|248-247-226-238
104614|code|MOV             R0, R4|32-70
104616|code|BL              sub_1AC38|1-240-198-249
104620|code|MOV             R0, R4; void *|32-70
104622|code|BLX             _ZdlPv; operator delete(void *)|248-247-132-239
104626|code|BLX             __cxa_rethrow|249-247-78-232
104630|code|MOVS            R0, #0xC; thrown_size|12-32
104632|code|ADD             R6, SP, #0xE0+var_B0|12-174
104634|code|BLX             __cxa_allocate_exception|248-247-238-238
104638|code|LDR             R1, =(aBdbufferTooSma - 0x198C4); "BDBuffer too small. Cannot assign to Re"...|137-73
104640|code|ADD             R1, PC; "BDBuffer too small. Cannot assign to Re"...|121-68
104642|code|MOV             R8, R0|128-70
104644|code|LDR             R0, =(aYapet - 0x198CA); "yapet"|136-72
104646|code|ADD             R0, PC; "yapet"|120-68
104648|code|BLX             dgettext|249-247-252-232
104652|code|ADD             R2, SP, #0xE0+var_AC|13-170
104654|code|MOV             R1, R0|1-70
104656|code|MOV             R0, R6|48-70
104658|code|BLX             _ZNSsC1EPKcRKSaIcE; std::string::string(char const*,std::allocator<char> const&)|248-247-204-239
104662|code|MOVS            R2, #1|1-34
104664|code|MOV             R0, R8|64-70
104666|code|MOV             R1, R6|49-70
104668|code|BL              sub_190E4|255-247-2-252
104672|code|LDR             R2, =(_ZNSs4_Rep20_S_empty_rep_storageE_ptr - 0x2E000)|110-74
104674|code|LDR             R3, [SP,#0xE0+var_B0]|12-155
104676|code|LDR             R2, [R5,R2]; _ZNSs4_Rep20_S_empty_rep_storageE_ptr ...|170-88
104678|code|SUB.W           R0, R3, #0xC|163-241-12-0
104682|code|CMP             R0, R2|144-66
104684|code|BNE             loc_199BE|103-209
104686|code|LDR             R2, =(_ZTIN5YAPET14YAPETExceptionE_ptr - 0x2E000)|119-74
104688|code|MOV             R0, R8; void *|64-70
104690|code|LDR             R3, =(off_2E21C - 0x2E000)|119-75
104692|code|LDR             R1, [R5,R2]; _ZTIN5YAPET14YAPETExceptionE_ptr ; lptinfo|169-88
104694|code|LDR             R2, [R5,R3]; YAPET::YAPETException::~YAPETException() ; void (__cdecl *)(void *)|234-88
104696|code|BLX             __cxa_throw|249-247-150-232
104700|code|ADDS            R1, #5|5-49
104702|code|BEQ             loc_199BA|92-208
104704|code|BLX             __cxa_begin_catch|248-247-178-238
104708|code|LDR             R3, [R7]|59-104
104710|code|MOV             R0, R7|56-70
104712|code|LDR             R3, [R3,#4]|91-104
104714|code|BLX             R3|152-71
104716|code|B               loc_198A6|203-231
104718|code|MOVS            R0, #0xC; thrown_size|12-32
104720|code|ADD             R6, SP, #0xE0+var_B4|11-174
104722|code|BLX             __cxa_allocate_exception|248-247-194-238
104726|code|LDR             R1, =(aBdbufferTooBig - 0x1991C); "BDBuffer too big. Cannot assign to Reco"...|117-73
104728|code|ADD             R1, PC; "BDBuffer too big. Cannot assign to Reco"...|121-68
104730|code|MOV             R8, R0|128-70
104732|code|LDR             R0, =(aYapet - 0x19922); "yapet"|116-72
104734|code|ADD             R0, PC; "yapet"|120-68
104736|code|BLX             dgettext|249-247-208-232
104740|code|ADD             R2, SP, #0xE0+var_AC|13-170
104742|code|MOV             R1, R0|1-70
104744|code|MOV             R0, R6|48-70
104746|code|BLX             _ZNSsC1EPKcRKSaIcE; std::string::string(char const*,std::allocator<char> const&)|248-247-160-239
104750|code|MOVS            R2, #2|2-34
104752|code|MOV             R0, R8|64-70
104754|code|MOV             R1, R6|49-70
104756|code|BL              sub_190E4|255-247-214-251
104760|code|LDR             R2, =(_ZNSs4_Rep20_S_empty_rep_storageE_ptr - 0x2E000)|88-74
104762|code|LDR             R3, [SP,#0xE0+var_B4]|11-155
104764|code|LDR             R2, [R5,R2]; _ZNSs4_Rep20_S_empty_rep_storageE_ptr ...|170-88
104766|code|SUB.W           R0, R3, #0xC|163-241-12-0
104770|code|CMP             R0, R2|144-66
104772|code|BNE.W           loc_19A7E|64-240-155-128
104776|code|LDR             R2, =(_ZTIN5YAPET14YAPETExceptionE_ptr - 0x2E000)|96-74
104778|code|MOV             R0, R8; void *|64-70
104780|code|LDR             R3, =(off_2E21C - 0x2E000)|96-75
104782|code|LDR             R1, [R5,R2]; _ZTIN5YAPET14YAPETExceptionE_ptr ; lptinfo|169-88
104784|code|LDR             R2, [R5,R3]; YAPET::YAPETException::~YAPETException() ; void (__cdecl *)(void *)|234-88
104786|code|BLX             __cxa_throw|249-247-106-232
104790|code|MOVS            R0, #0xC; thrown_size|12-32
104792|code|ADD             R6, SP, #0xE0+var_AC|13-174
104794|code|BLX             __cxa_allocate_exception|248-247-158-238
104798|code|LDR             R1, =(aMemoryExhauste - 0x19964); "Memory exhausted"|101-73
104800|code|ADD             R1, PC; "Memory exhausted"|121-68
104802|code|MOV             R8, R0|128-70
104804|code|LDR             R0, =(aYapet - 0x1996A); "yapet"|100-72
104806|code|ADD             R0, PC; "yapet"|120-68
104808|code|BLX             dgettext|249-247-172-232
104812|code|ADD             R2, SP, #0xE0+var_B0|12-170
104814|code|MOV             R1, R0|1-70
104816|code|MOV             R0, R6|48-70
104818|code|BLX             _ZNSsC1EPKcRKSaIcE; std::string::string(char const*,std::allocator<char> const&)|248-247-124-239
104822|code|MOV             R0, R8|64-70
104824|code|MOV             R1, R6|49-70
104826|code|BL              sub_15E40|252-247-97-250
104830|code|LDR             R2, =(_ZNSs4_Rep20_S_empty_rep_storageE_ptr - 0x2E000)|71-74
104832|code|LDR             R3, [SP,#0xE0+var_AC]|13-155
104834|code|LDR             R2, [R5,R2]; _ZNSs4_Rep20_S_empty_rep_storageE_ptr ...|170-88
104836|code|SUB.W           R0, R3, #0xC|163-241-12-0
104840|code|CMP             R0, R2|144-66
104842|code|BNE             loc_199A2|10-209
104844|code|LDR             R2, =(_ZTIN5YAPET14YAPETExceptionE_ptr - 0x2E000)|79-74
104846|code|MOV             R0, R8; void *|64-70
104848|code|LDR             R3, =(off_2E21C - 0x2E000)|79-75
104850|code|LDR             R1, [R5,R2]; _ZTIN5YAPET14YAPETExceptionE_ptr ; lptinfo|169-88
104852|code|LDR             R2, [R5,R3]; YAPET::YAPETException::~YAPETException() ; void (__cdecl *)(void *)|234-88
104854|code|BLX             __cxa_throw|249-247-72-232
104858|code|ADDS            R3, R1, #5|75-29
104860|code|BNE             loc_198FC|174-209
104862|code|BLX             __cxa_call_unexpected|248-247-138-239
104866|code|ADD             R1, SP, #0xE0+var_B4|11-169
104868|code|BL              sub_12B78|249-247-232-248
104872|code|B               loc_1998C|240-231
104874|code|MOV             R5, R0|5-70
104876|code|MOV             R6, R1|14-70
104878|code|MOV             R0, R8; void *|64-70
104880|code|BLX             __cxa_free_exception|248-247-188-238
104884|code|MOV             R0, R5; void *|40-70
104886|code|MOV             R1, R6|49-70
104888|code|B               loc_1999A|239-231
104890|code|BLX             __cxa_call_unexpected|248-247-124-239
104894|code|ADD             R1, SP, #0xE0+var_B4|11-169
104896|code|BL              sub_12B78|249-247-218-248
104900|code|B               loc_198EE|147-231
104902|code|ADDS            R1, #4|4-49
104904|code|BNE.W           loc_19674|127-244-84-174
104908|code|BLX             __cxa_call_unexpected|248-247-114-239
104912|code|MOV             R4, R0|4-70
104914|code|MOV             R5, R1|13-70
104916|code|BLX             __cxa_end_catch|249-247-4-232
104920|code|MOV             R0, R4|32-70
104922|code|MOV             R1, R5|41-70
104924|code|B               loc_1966E|71-230
104926|code|BLX             __cxa_call_unexpected|248-247-106-239
104930|code|BLX             __cxa_call_unexpected|248-247-104-239
104934|code|B               loc_19898|87-231
104936|code|B               loc_19892|83-231
104938|code|ADD             R1, SP, #0xE0+var_B0|12-169
104940|code|BL              sub_12B78|249-247-196-248
104944|code|B               loc_1987E|69-231
104946|code|MOV             R5, R0|5-70
104948|code|MOV             R6, R1|14-70
104950|code|MOV             R0, R8; void *|64-70
104952|code|BLX             __cxa_free_exception|248-247-152-238
104956|code|MOV             R0, R5; void *|40-70
104958|code|MOV             R1, R6|49-70
104960|code|B               loc_1988C|68-231
104962|code|MOV             R5, R0|5-70
104964|code|MOV             R6, R1|14-70
104966|code|MOV             R0, R8; void *|64-70
104968|code|BLX             __cxa_free_exception|248-247-144-238
104972|code|MOV             R0, R5|40-70
104974|code|MOV             R1, R6|49-70
104976|code|B               loc_198FC|116-231
104978|code|B               loc_19900|117-231
104980|code|MOV             R5, R0|5-70
104982|code|MOV             R6, R1|14-70
104984|code|MOV             R0, R4; void *|32-70
104986|code|BLX             __cxa_free_exception|248-247-136-238
104990|code|MOV             R0, R5|40-70
104992|code|MOV             R1, R6|49-70
104994|code|B               loc_1966E|36-230
104996|code|MOV             R5, R0|5-70
104998|code|MOV             R6, R1|14-70
105000|code|MOV             R0, R4; void *|32-70
105002|code|BLX             _ZdlPv; operator delete(void *)|248-247-198-238
105006|code|MOV             R0, R5|40-70
105008|code|MOV             R1, R6|49-70
105010|code|B               loc_1966E|28-230
105012|code|MOV             R5, R0|5-70
105014|code|MOV             R0, R4; this|32-70
105016|code|MOV             R4, R1|12-70
105018|code|BLX             _ZNSt9exceptionD2Ev; std::exception::~exception()|249-247-32-232
105022|code|ADDS            R4, #4|4-52
105024|code|BNE.W           loc_19674|127-244-24-174
105028|code|MOV             R0, R5; void *|40-70
105030|code|BLX             __cxa_call_unexpected|248-247-54-239
105034|code|ADD             R1, SP, #0xE0+var_AC|13-169
105036|code|BL              sub_12B78|249-247-148-248
105040|code|B               loc_197A6|169-230
105042|code|MOV             R4, R0|4-70
105044|code|MOV             R5, R1|13-70
105046|code|MOV             R0, R6; void *|48-70
105048|code|BLX             __cxa_free_exception|248-247-104-238
105052|code|MOV             R0, R4|32-70
105054|code|MOV             R1, R5|41-70
105056|code|B               loc_1966E|5-230
105058|code|ADD             R1, SP, #0xE0+var_AC|13-169
105060|code|BL              sub_12B78|249-247-136-248
105064|code|B               loc_197F2|195-230
105066|code|B               loc_19A52|242-231
105068|code|B               loc_199C6|171-231
105070|code|B               loc_19A34|225-231
105072|code|B               loc_198A2|23-231
105074|code|B               loc_19A14|207-231
105076|code|ADD             R1, SP, #0xE0+var_AC|13-169
105078|code|BL              sub_12B78|249-247-127-248
105082|code|B               loc_19838|221-230
105084|code|B               loc_19A52|233-231
105086|code|ADD             R1, SP, #0xE0+var_B0|12-169
105088|code|BL              sub_12B78|249-247-122-248
105092|code|B               loc_19948|96-231
105094|code|B               loc_19A02|188-231
105096|data|DCD _GLOBAL_OFFSET_TABLE_ - 0x193F8|8-76-1-0
105100|data|DCD __stack_chk_guard_ptr - 0x2E000|208-1-0-0
105104|data|DCD aErrorFinalizin_0 - 0x1949C; "Error finalizing decryption"|52-46-0-0
105108|data|DCD aYapet - 0x194A4; "yapet"|208-39-0-0
105112|data|DCD _ZTVN5YAPET14YAPETExceptionE_ptr - 0x2E000|188-1-0-0
105116|data|DCD _ZNSs4_Rep20_S_empty_rep_storageE_ptr - 0x2E000|196-1-0-0
105120|data|DCD _ZTVN5YAPET24YAPETEncryptionExceptionE_ptr - 0x2E000|0-2-0-0
105124|data|DCD _ZTIN5YAPET24YAPETEncryptionExceptionE_ptr - 0x2E000|240-1-0-0
105128|data|DCD off_2E1E0 - 0x2E000|224-1-0-0
105132|data|DCD aErrorDecryptin - 0x19530; "Error decrypting data"|136-45-0-0
105136|data|DCD aYapet - 0x19538; "yapet"|60-39-0-0
105140|data|DCD _ZTVN5YAPET6RecordINS_13FileHeader_64EEE_ptr - 0x2E000|16-2-0-0
105144|data|DCD __pthread_key_create_ptr - 0x2E000|236-1-0-0
105148|data|DCD aErrorInitializ - 0x1977C; "Error initializing encryption engine"|164-42-0-0
105152|data|DCD aYapet - 0x19782; "yapet"|242-36-0-0
105156|data|DCD aErrorSettingTh - 0x197C8; "Error setting the key length"|128-42-0-0
105160|data|DCD aYapet - 0x197CE; "yapet"|166-36-0-0
105164|data|DCD _ZTIN5YAPET14YAPETExceptionE_ptr - 0x2E000|200-1-0-0
105168|data|DCD off_2E21C - 0x2E000|28-2-0-0
105172|data|DCD aIvecLengthMiss - 0x1980E; "IVec length missmatch"|250-41-0-0
105176|data|DCD aYapet - 0x19814; "yapet"|96-36-0-0
105180|data|DCD aMemoryExhauste - 0x19854; "Memory exhausted"|40-36-0-0
105184|data|DCD aYapet - 0x1985A; "yapet"|26-36-0-0
105188|data|DCD aBdbufferTooSma - 0x198C4; "BDBuffer too small. Cannot assign to Re"...|40-42-0-0
105192|data|DCD aYapet - 0x198CA; "yapet"|170-35-0-0
105196|data|DCD aBdbufferTooBig - 0x1991C; "BDBuffer too big. Cannot assign to Reco"...|0-42-0-0
105200|data|DCD aYapet - 0x19922; "yapet"|82-35-0-0
105204|data|DCD aMemoryExhauste - 0x19964; "Memory exhausted"|24-35-0-0
105208|data|DCD aYapet - 0x1996A; "yapet"|10-35-0-0
105212|code|PUSH.W          {R4-R8,LR}|45-233-240-65
105216|code|SUB             SP, SP, #0xC8|178-176
105218|code|LDR.W           R5, =(_GLOBAL_OFFSET_TABLE_ - 0x19B10)|223-248-148-86
105222|code|MOV             R4, R0|4-70
105224|code|LDR.W           R3, =(__stack_chk_guard_ptr - 0x2E000)|223-248-144-54
105228|code|ADD             R5, PC; _GLOBAL_OFFSET_TABLE_|125-68
105230|code|LDR             R2, [R0,#4]|66-104
105232|code|LDR             R3, [R5,R3]; __stack_chk_guard|235-88
105234|code|CMP             R2, #8|8-42
105236|code|STR             R3, [SP,#0xE0+var_D4]|3-147
105238|code|LDR             R3, [R3]|27-104
105240|code|STR             R3, [SP,#0xE0+var_1C]|49-147
105242|code|BNE.W           loc_19F0E|64-240-248-129
105246|code|ADD             R7, SP, #0xE0+var_A8|14-175
105248|code|MOV             R8, R1|136-70
105250|code|MOV             R0, R7|56-70
105252|code|BLX             EVP_CIPHER_CTX_init|248-247-46-238
105256|code|MOV             R3, R4|35-70
105258|code|ADD.W           R2, R4, #0x44 ; 'D'|4-241-68-2
105262|code|LDR.W           R1, [R3],#0xC|83-248-12-27
105266|code|MOV             R0, R7|56-70
105268|code|STR             R2, [SP,#0xE0+var_E0]|0-146
105270|code|MOVS            R2, #0|0-34
105272|code|BLX             EVP_DecryptInit_ex|248-247-180-237
105276|code|CMP             R0, #0|0-40
105278|code|BEQ.W           loc_19E76|0-240-154-129
105282|code|MOV             R0, R7|56-70
105284|code|MOVS            R1, #0x38 ; '8'|56-33
105286|code|BLX             EVP_CIPHER_CTX_set_key_length|248-247-254-238
105290|code|CMP             R0, #0|0-40
105292|code|BEQ.W           loc_19EC2|0-240-185-129
105296|code|MOVS            R0, #8; unsigned int|8-32
105298|code|LDR.W           R6, [R8]|216-248-0-96
105302|code|BLX             _Znwj; operator new(uint)|248-247-60-237
105306|code|MOV             R1, R6|49-70
105308|code|MOV             R4, R0|4-70
105310|code|BL              sub_1ABDC|1-240-61-248
105314|code|LDR.W           R6, [R8]|216-248-0-96
105318|code|MOV             R0, R7|56-70
105320|code|LDR             R1, [R4,#4]|97-104
105322|code|ADD             R2, SP, #0xE0+var_C4|7-170
105324|code|LDR.W           R3, [R8,#4]|216-248-4-48
105328|code|STR             R6, [SP,#0xE0+var_E0]|0-150
105330|code|BLX             EVP_DecryptUpdate|248-247-88-238
105334|code|CMP             R0, #0|0-40
105336|code|BEQ             loc_19C26|85-208
105338|code|MOV             R0, R4|32-70
105340|code|LDR             R1, [SP,#0xE0+var_C4]|7-153
105342|code|BL              sub_1AC90|1-240-135-248
105346|code|MOV             R1, R0|1-70
105348|code|ADD             R2, SP, #0xE0+var_C0|8-170
105350|code|MOV             R0, R7|56-70
105352|code|BLX             EVP_DecryptFinal_ex|248-247-52-237
105356|code|CMP             R0, #0|0-40
105358|code|BNE.W           loc_19CB8|64-240-147-128
105362|code|MOV             R0, R7|56-70
105364|code|BLX             EVP_CIPHER_CTX_cleanup|248-247-124-238
105368|code|MOV             R0, R4|32-70
105370|code|BL              sub_1AC38|1-240-77-248
105374|code|MOV             R0, R4; void *|32-70
105376|code|ADD             R7, SP, #0xE0+var_BC|9-175
105378|code|BLX             _ZdlPv; operator delete(void *)|248-247-10-238
105382|code|MOVS            R0, #0xC; thrown_size|12-32
105384|code|BLX             __cxa_allocate_exception|248-247-118-237
105388|code|LDR.W           R1, =(aErrorFinalizin_0 - 0x19BB4); "Error finalizing decryption"|223-248-240-21
105392|code|ADD             R1, PC; "Error finalizing decryption"|121-68
105394|code|MOV             R4, R0|4-70
105396|code|LDR.W           R0, =(aYapet - 0x19BBC); "yapet"|223-248-236-5
105400|code|ADD             R0, PC; "yapet"|120-68
105402|code|BLX             dgettext|248-247-132-239
105406|code|ADD             R2, SP, #0xE0+var_B4|11-170
105408|code|MOV             R1, R0|1-70
105410|code|MOV             R0, R7|56-70
105412|code|BLX             _ZNSsC1EPKcRKSaIcE; std::string::string(char const*,std::allocator<char> const&)|248-247-82-238
105416|code|ADD             R6, SP, #0xE0+var_AC|13-174
105418|code|MOV             R1, R7; std::string *|57-70
105420|code|MOV             R0, R6; this|48-70
105422|code|BLX             _ZNSsC1ERKSs; std::string::string(std::string const&)|248-247-124-237
105426|code|LDR.W           R3, =(_ZTVN5YAPET14YAPETExceptionE_ptr - 0x2E000)|223-248-212-53
105430|code|MOVS            R2, #0xFF|255-34
105432|code|ADD.W           R0, R4, #8; this|4-241-8-0
105436|code|MOV             R1, R6; std::string *|49-70
105438|code|LDR             R3, [R5,R3]; _ZTVN5YAPET14YAPETExceptionE_ptr ...|235-88
105440|code|STR             R2, [R4,#4]|98-96
105442|code|ADDS            R3, #8|8-51
105444|code|STR             R3, [R4]|35-96
105446|code|BLX             _ZNSsC1ERKSs; std::string::string(std::string const&)|248-247-112-237
105450|code|LDR.W           R3, =(_ZNSs4_Rep20_S_empty_rep_storageE_ptr - 0x2E000)|223-248-192-53
105454|code|LDR             R2, [SP,#0xE0+var_AC]|13-154
105456|code|LDR             R7, [R5,R3]; _ZNSs4_Rep20_S_empty_rep_storageE_ptr ...|239-88
105458|code|SUB.W           R0, R2, #0xC|162-241-12-0
105462|code|CMP             R0, R7|184-66
105464|code|BNE.W           loc_19E18|64-240-14-129
105468|code|LDR.W           R3, =(_ZTVN5YAPET24YAPETEncryptionExceptionE_ptr - 0x2E000)|223-248-176-53
105472|code|LDR             R2, [SP,#0xE0+var_BC]|9-154
105474|code|SUB.W           R0, R2, #0xC|162-241-12-0
105478|code|LDR             R3, [R5,R3]; _ZTVN5YAPET24YAPETEncryptionExceptionE_ptr ...|235-88
105480|code|CMP             R0, R7|184-66
105482|code|ADD.W           R3, R3, #8|3-241-8-3
105486|code|STR             R3, [R4]|35-96
105488|code|BNE.W           loc_19DEC|64-240-236-128
105492|code|LDR.W           R2, =(_ZTIN5YAPET24YAPETEncryptionExceptionE_ptr - 0x2E000)|223-248-156-37
105496|code|MOV             R0, R4; void *|32-70
105498|code|LDR.W           R3, =(off_2E1E0 - 0x2E000)|223-248-156-53
105502|code|LDR             R1, [R5,R2]; _ZTIN5YAPET24YAPETEncryptionExceptionE_ptr ; lptinfo|169-88
105504|code|LDR             R2, [R5,R3]; YAPET::YAPETEncryptionException::~YAPETEncryptionException() ; void (__cdecl *)(void *)|234-88
105506|code|BLX             __cxa_throw|248-247-2-239
105510|code|MOV             R0, R7|56-70
105512|code|BLX             EVP_CIPHER_CTX_cleanup|248-247-50-238
105516|code|MOV             R0, R4|32-70
105518|code|BL              sub_1AC38|1-240-3-248
105522|code|MOV             R0, R4; void *|32-70
105524|code|ADD             R7, SP, #0xE0+var_C0|8-175
105526|code|BLX             _ZdlPv; operator delete(void *)|248-247-192-237
105530|code|MOVS            R0, #0xC; thrown_size|12-32
105532|code|BLX             __cxa_allocate_exception|248-247-44-237
105536|code|LDR.W           R1, =(aErrorDecryptin - 0x19C48); "Error decrypting data"|223-248-120-21
105540|code|ADD             R1, PC; "Error decrypting data"|121-68
105542|code|MOV             R4, R0|4-70
105544|code|LDR.W           R0, =(aYapet - 0x19C50); "yapet"|223-248-116-5
105548|code|ADD             R0, PC; "yapet"|120-68
105550|code|BLX             dgettext|248-247-58-239
105554|code|ADD             R2, SP, #0xE0+var_B4|11-170
105556|code|MOV             R1, R0|1-70
105558|code|MOV             R0, R7|56-70
105560|code|BLX             _ZNSsC1EPKcRKSaIcE; std::string::string(char const*,std::allocator<char> const&)|248-247-8-238
105564|code|ADD             R6, SP, #0xE0+var_AC|13-174
105566|code|MOV             R1, R7; std::string *|57-70
105568|code|MOV             R0, R6; this|48-70
105570|code|BLX             _ZNSsC1ERKSs; std::string::string(std::string const&)|248-247-50-237
105574|code|LDR.W           R3, =(_ZTVN5YAPET14YAPETExceptionE_ptr - 0x2E000)|223-248-64-53
105578|code|MOVS            R2, #0xFF|255-34
105580|code|ADD.W           R0, R4, #8; this|4-241-8-0
105584|code|MOV             R1, R6; std::string *|49-70
105586|code|LDR             R3, [R5,R3]; _ZTVN5YAPET14YAPETExceptionE_ptr ...|235-88
105588|code|STR             R2, [R4,#4]|98-96
105590|code|ADDS            R3, #8|8-51
105592|code|STR             R3, [R4]|35-96
105594|code|BLX             _ZNSsC1ERKSs; std::string::string(std::string const&)|248-247-38-237
105598|code|LDR.W           R3, =(_ZNSs4_Rep20_S_empty_rep_storageE_ptr - 0x2E000)|223-248-44-53
105602|code|LDR             R2, [SP,#0xE0+var_AC]|13-154
105604|code|LDR             R7, [R5,R3]; _ZNSs4_Rep20_S_empty_rep_storageE_ptr ...|239-88
105606|code|SUB.W           R0, R2, #0xC|162-241-12-0
105610|code|CMP             R0, R7|184-66
105612|code|BNE             loc_19D8A|125-209
105614|code|LDR.W           R3, =(_ZTVN5YAPET24YAPETEncryptionExceptionE_ptr - 0x2E000)|223-248-32-53
105618|code|LDR             R2, [SP,#0xE0+var_C0]|8-154
105620|code|SUB.W           R0, R2, #0xC|162-241-12-0
105624|code|LDR             R3, [R5,R3]; _ZTVN5YAPET24YAPETEncryptionExceptionE_ptr ...|235-88
105626|code|CMP             R0, R7|184-66
105628|code|ADD.W           R3, R3, #8|3-241-8-3
105632|code|STR             R3, [R4]|35-96
105634|code|BNE.W           loc_19DBC|64-240-139-128
105638|code|LDR.W           R2, =(_ZTIN5YAPET24YAPETEncryptionExceptionE_ptr - 0x2E000)|223-248-12-37
105642|code|MOV             R0, R4; void *|32-70
105644|code|LDR.W           R3, =(off_2E1E0 - 0x2E000)|223-248-8-53
105648|code|LDR             R1, [R5,R2]; _ZTIN5YAPET24YAPETEncryptionExceptionE_ptr ; lptinfo|169-88
105650|code|LDR             R2, [R5,R3]; YAPET::YAPETEncryptionException::~YAPETEncryptionException() ; void (__cdecl *)(void *)|234-88
105652|code|BLX             __cxa_throw|248-247-184-238
105656|code|LDR             R1, [SP,#0xE0+var_C4]|7-153
105658|code|MOV             R0, R4|32-70
105660|code|LDR             R3, [SP,#0xE0+var_C0]|8-155
105662|code|ADD             R1, R3|25-68
105664|code|BL              sub_1AC4C|0-240-196-255
105668|code|MOV             R0, R7|56-70
105670|code|BLX             EVP_CIPHER_CTX_cleanup|248-247-228-237
105674|code|MOVS            R0, #0xC; unsigned int|12-32
105676|code|BLX             _Znwj; operator new(uint)|248-247-128-236
105680|code|LDR.W           R3, =(_ZTVN5YAPET6RecordINS_13FileHeader_32EEE_ptr - 0x2E000)|223-248-240-52
105684|code|MOV             R7, R0|7-70
105686|code|MOVS            R0, #0x1C; size|28-32
105688|code|LDR             R3, [R5,R3]; _ZTVN5YAPET6RecordINS_13FileHeader_32EEE_ptr ...|235-88
105690|code|ADDS            R3, #8|8-51
105692|code|STR             R3, [R7]|59-96
105694|code|BLX             malloc|248-247-68-238
105698|code|STR             R0, [R7,#8]|184-96
105700|code|CMP             R0, #0|0-40
105702|code|BEQ.W           loc_19F54|0-240-53-129
105706|code|MOVS            R3, #0x1C|28-35
105708|code|STR             R3, [R7,#4]|123-96
105710|code|LDR.W           R8, [R4]|212-248-0-128
105714|code|CMP.W           R8, #0x1B|184-241-27-15
105718|code|BLS.W           loc_19FC4|64-242-101-129
105722|code|CMP.W           R8, #0x1C|184-241-28-15
105726|code|BNE.W           loc_1A01C|64-240-141-129
105730|code|MOV             R3, R0|3-70
105732|code|MOVS            R2, #0|0-34
105734|code|STR.W           R2, [R3],#4|67-248-4-43
105738|code|ADDS            R3, #4|4-51
105740|code|STR             R2, [R0,#4]|66-96
105742|code|STR.W           R2, [R3],#4|67-248-4-43
105746|code|STR.W           R2, [R3],#4|67-248-4-43
105750|code|STR.W           R2, [R3],#4|67-248-4-43
105754|code|STR.W           R2, [R3],#4|67-248-4-43
105758|code|STR             R2, [R3]|26-96
105760|code|LDR             R0, [R7,#8]; ptr|184-104
105762|code|BLX             free|248-247-138-236
105766|code|MOV             R0, R8; size|64-70
105768|code|BLX             malloc|248-247-30-238
105772|code|STR             R0, [R7,#8]|184-96
105774|code|CMP             R0, #0|0-40
105776|code|BEQ.W           loc_1A064|0-240-152-129
105780|code|LDR.W           LR, [R4,#4]|212-248-4-224
105784|code|MOV             R5, R0|5-70
105786|code|STR.W           R8, [R7,#4]|199-248-4-128
105790|code|LDR.W           R0, [LR]|222-248-0-0
105794|code|LDR.W           R1, [LR,#4]|222-248-4-16
105798|code|LDR.W           R2, [LR,#8]|222-248-8-32
105802|code|LDR.W           R3, [LR,#0xC]|222-248-12-48
105806|code|STM             R5!, {R0-R3}|15-197
105808|code|LDR.W           R0, [LR,#0x10]|222-248-16-0
105812|code|LDR.W           R1, [LR,#0x14]|222-248-20-16
105816|code|LDR.W           R2, [LR,#0x18]|222-248-24-32
105820|code|STM             R5!, {R0-R2}|7-197
105822|code|MOV             R0, R4|32-70
105824|code|BL              sub_1AC38|0-240-106-255
105828|code|MOV             R0, R4; void *|32-70
105830|code|BLX             _ZdlPv; operator delete(void *)|248-247-40-237
105834|code|LDR             R3, [SP,#0xE0+var_D4]|3-155
105836|code|LDR             R2, [SP,#0xE0+var_1C]|49-154
105838|code|MOV             R0, R7|56-70
105840|code|LDR             R3, [R3]|27-104
105842|code|CMP             R2, R3|154-66
105844|code|BNE             loc_19D86|7-209
105846|code|ADD             SP, SP, #0xC8|50-176
105848|code|POP.W           {R4-R8,PC}|189-232-240-129
105852|code|ADDS            R1, #1|1-49
105854|code|BEQ.W           loc_1A0DA|0-240-172-129
105858|code|BLX             __cxa_end_cleanup|248-247-104-237
105862|code|BLX             __stack_chk_fail|248-247-96-237
105866|code|LDR.W           R3, =(__pthread_key_create_ptr - 0x2E000)|223-248-60-52
105870|code|LDR             R3, [R5,R3]; __pthread_key_create|235-88
105872|code|CMP             R3, #0|0-43
105874|code|BEQ             loc_19E52|94-208
105876|code|SUBS            R2, #4|4-58
105878|code|DMB.W           SY|191-243-95-143
105882|code|LDREX.W         R3, [R2]|82-232-0-63
105886|code|SUBS            R1, R3, #1|89-30
105888|code|STREX.W         LR, R1, [R2]|66-232-0-30
105892|code|CMP.W           LR, #0|190-241-0-15
105896|code|BNE             loc_19D9A|247-209
105898|code|DMB.W           SY|191-243-95-143
105902|code|CMP             R3, #0|0-43
105904|code|BGT.W           loc_19C8E|63-247-109-175
105908|code|ADD             R1, SP, #0xE0+var_B0|12-169
105910|code|BLX             _ZNSs4_Rep10_M_destroyERKSaIcE; std::string::_Rep::_M_destroy(std::allocator<char> const&)|248-247-218-236
105914|code|B               loc_19C8E|104-231
105916|code|LDR.W           R3, =(__pthread_key_create_ptr - 0x2E000)|223-248-8-52
105920|code|LDR             R3, [R5,R3]; __pthread_key_create|235-88
105922|code|CMP             R3, #0|0-43
105924|code|BEQ             loc_19E46|63-208
105926|code|SUBS            R2, #4|4-58
105928|code|DMB.W           SY|191-243-95-143
105932|code|LDREX.W         R3, [R2]|82-232-0-63
105936|code|SUBS            R1, R3, #1|89-30
105938|code|STREX.W         R7, R1, [R2]|66-232-0-23
105942|code|CMP             R7, #0|0-47
105944|code|BNE             loc_19DCC|248-209
105946|code|DMB.W           SY|191-243-95-143
105950|code|CMP             R3, #0|0-43
105952|code|BGT.W           loc_19CA6|63-247-97-175
105956|code|MOV             R1, R6|49-70
105958|code|BLX             _ZNSs4_Rep10_M_destroyERKSaIcE; std::string::_Rep::_M_destroy(std::allocator<char> const&)|248-247-194-236
105962|code|B               loc_19CA6|92-231
105964|code|LDR             R3, =(__pthread_key_create_ptr - 0x2E000)|246-75
105966|code|LDR             R3, [R5,R3]; __pthread_key_create|235-88
105968|code|CBZ             R3, loc_19E6A|219-179
105970|code|SUBS            R2, #4|4-58
105972|code|DMB.W           SY|191-243-95-143
105976|code|LDREX.W         R3, [R2]|82-232-0-63
105980|code|SUBS            R1, R3, #1|89-30
105982|code|STREX.W         R7, R1, [R2]|66-232-0-23
105986|code|CMP             R7, #0|0-47
105988|code|BNE             loc_19DF8|248-209
105990|code|DMB.W           SY|191-243-95-143
105994|code|CMP             R3, #0|0-43
105996|code|BGT.W           loc_19C14|63-247-2-175
106000|code|MOV             R1, R6|49-70
106002|code|BLX             _ZNSs4_Rep10_M_destroyERKSaIcE; std::string::_Rep::_M_destroy(std::allocator<char> const&)|248-247-172-236
106006|code|B               loc_19C14|253-230
106008|code|LDR             R3, =(__pthread_key_create_ptr - 0x2E000)|235-75
106010|code|LDR             R3, [R5,R3]; __pthread_key_create|235-88
106012|code|CBZ             R3, loc_19E5E|251-177
106014|code|SUBS            R2, #4|4-58
106016|code|DMB.W           SY|191-243-95-143
106020|code|LDREX.W         R3, [R2]|82-232-0-63
106024|code|SUBS            R1, R3, #1|89-30
106026|code|STREX.W         LR, R1, [R2]|66-232-0-30
106030|code|CMP.W           LR, #0|190-241-0-15
106034|code|BNE             loc_19E24|247-209
106036|code|DMB.W           SY|191-243-95-143
106040|code|CMP             R3, #0|0-43
106042|code|BGT.W           loc_19BFC|63-247-223-174
106046|code|ADD             R1, SP, #0xE0+var_B0|12-169
106048|code|BLX             _ZNSs4_Rep10_M_destroyERKSaIcE; std::string::_Rep::_M_destroy(std::allocator<char> const&)|248-247-148-236
106052|code|B               loc_19BFC|218-230
106054|code|LDR.W           R3, [R2,#-4]|82-248-4-60
106058|code|SUBS            R1, R3, #1|89-30
106060|code|STR.W           R1, [R2,#-4]|66-248-4-28
106064|code|B               loc_19DDE|197-231
106066|code|LDR.W           R3, [R2,#-4]|82-248-4-60
106070|code|SUBS            R1, R3, #1|89-30
106072|code|STR.W           R1, [R2,#-4]|66-248-4-28
106076|code|B               loc_19DAE|167-231
106078|code|LDR.W           R3, [R2,#-4]|82-248-4-60
106082|code|SUBS            R1, R3, #1|89-30
106084|code|STR.W           R1, [R2,#-4]|66-248-4-28
106088|code|B               loc_19E38|230-231
106090|code|LDR.W           R3, [R2,#-4]|82-248-4-60
106094|code|SUBS            R1, R3, #1|89-30
106096|code|STR.W           R1, [R2,#-4]|66-248-4-28
106100|code|B               loc_19E0A|201-231
106102|code|MOV             R0, R7|56-70
106104|code|BLX             EVP_CIPHER_CTX_cleanup|248-247-10-237
106108|code|MOVS            R0, #0xC; thrown_size|12-32
106110|code|ADD             R4, SP, #0xE0+var_C8|6-172
106112|code|BLX             __cxa_allocate_exception|248-247-10-236
106116|code|LDR             R1, =(aErrorInitializ - 0x19E8A); "Error initializing encryption engine"|209-73
106118|code|ADD             R1, PC; "Error initializing encryption engine"|121-68
106120|code|MOV             R6, R0|6-70
106122|code|LDR             R0, =(aYapet - 0x19E90); "yapet"|209-72
106124|code|ADD             R0, PC; "yapet"|120-68
106126|code|BLX             dgettext|248-247-26-238
106130|code|ADD             R2, SP, #0xE0+var_B0|12-170
106132|code|MOV             R1, R0|1-70
106134|code|MOV             R0, R4|32-70
106136|code|BLX             _ZNSsC1EPKcRKSaIcE; std::string::string(char const*,std::allocator<char> const&)|248-247-232-236
106140|code|MOV             R0, R6|48-70
106142|code|MOV             R1, R4|33-70
106144|code|BL              sub_191E8|255-247-162-249
106148|code|LDR             R2, =(_ZNSs4_Rep20_S_empty_rep_storageE_ptr - 0x2E000)|193-74
106150|code|LDR             R3, [SP,#0xE0+var_C8]|6-155
106152|code|LDR             R2, [R5,R2]; _ZNSs4_Rep20_S_empty_rep_storageE_ptr ...|170-88
106154|code|SUB.W           R0, R3, #0xC|163-241-12-0
106158|code|CMP             R0, R2|144-66
106160|code|BNE.W           loc_1A158|64-240-82-129
106164|code|LDR             R2, =(_ZTIN5YAPET24YAPETEncryptionExceptionE_ptr - 0x2E000)|191-74
106166|code|MOV             R0, R6; void *|48-70
106168|code|LDR             R3, =(off_2E1E0 - 0x2E000)|191-75
106170|code|LDR             R1, [R5,R2]; _ZTIN5YAPET24YAPETEncryptionExceptionE_ptr ; lptinfo|169-88
106172|code|LDR             R2, [R5,R3]; YAPET::YAPETEncryptionException::~YAPETEncryptionException() ; void (__cdecl *)(void *)|234-88
106174|code|BLX             __cxa_throw|248-247-180-237
106178|code|MOV             R0, R7|56-70
106180|code|BLX             EVP_CIPHER_CTX_cleanup|248-247-228-236
106184|code|MOVS            R0, #0xC; thrown_size|12-32
106186|code|ADD             R4, SP, #0xE0+var_C4|7-172
106188|code|BLX             __cxa_allocate_exception|248-247-228-235
106192|code|LDR             R1, =(aErrorSettingTh - 0x19ED6); "Error setting the key length"|192-73
106194|code|ADD             R1, PC; "Error setting the key length"|121-68
106196|code|MOV             R6, R0|6-70
106198|code|LDR             R0, =(aYapet - 0x19EDC); "yapet"|192-72
106200|code|ADD             R0, PC; "yapet"|120-68
106202|code|BLX             dgettext|248-247-244-237
106206|code|ADD             R2, SP, #0xE0+var_B0|12-170
106208|code|MOV             R1, R0|1-70
106210|code|MOV             R0, R4|32-70
106212|code|BLX             _ZNSsC1EPKcRKSaIcE; std::string::string(char const*,std::allocator<char> const&)|248-247-194-236
106216|code|MOV             R0, R6|48-70
106218|code|MOV             R1, R4|33-70
106220|code|BL              sub_15E40|251-247-168-255
106224|code|LDR             R2, =(_ZNSs4_Rep20_S_empty_rep_storageE_ptr - 0x2E000)|174-74
106226|code|LDR             R3, [SP,#0xE0+var_C4]|7-155
106228|code|LDR             R2, [R5,R2]; _ZNSs4_Rep20_S_empty_rep_storageE_ptr ...|170-88
106230|code|SUB.W           R0, R3, #0xC|163-241-12-0
106234|code|CMP             R0, R2|144-66
106236|code|BNE.W           loc_1A170|64-240-56-129
106240|code|LDR             R2, =(_ZTIN5YAPET14YAPETExceptionE_ptr - 0x2E000)|182-74
106242|code|MOV             R0, R6; void *|48-70
106244|code|LDR             R3, =(off_2E21C - 0x2E000)|182-75
106246|code|LDR             R1, [R5,R2]; _ZTIN5YAPET14YAPETExceptionE_ptr ; lptinfo|169-88
106248|code|LDR             R2, [R5,R3]; YAPET::YAPETException::~YAPETException() ; void (__cdecl *)(void *)|234-88
106250|code|BLX             __cxa_throw|248-247-142-237
106254|code|MOVS            R0, #0xC; thrown_size|12-32
106256|code|ADD             R4, SP, #0xE0+var_CC|5-172
106258|code|BLX             __cxa_allocate_exception|248-247-194-235
106262|code|LDR             R1, =(aIvecLengthMiss - 0x19F1C); "IVec length missmatch"|179-73
106264|code|ADD             R1, PC; "IVec length missmatch"|121-68
106266|code|MOV             R6, R0|6-70
106268|code|LDR             R0, =(aYapet - 0x19F22); "yapet"|178-72
106270|code|ADD             R0, PC; "yapet"|120-68
106272|code|BLX             dgettext|248-247-208-237
106276|code|ADD             R2, SP, #0xE0+var_B0|12-170
106278|code|MOV             R1, R0|1-70
106280|code|MOV             R0, R4|32-70
106282|code|BLX             _ZNSsC1EPKcRKSaIcE; std::string::string(char const*,std::allocator<char> const&)|248-247-160-236
106286|code|MOV             R0, R6|48-70
106288|code|MOV             R1, R4|33-70
106290|code|BL              sub_15E40|251-247-133-255
106294|code|LDR             R2, =(_ZNSs4_Rep20_S_empty_rep_storageE_ptr - 0x2E000)|157-74
106296|code|LDR             R3, [SP,#0xE0+var_CC]|5-155
106298|code|LDR             R2, [R5,R2]; _ZNSs4_Rep20_S_empty_rep_storageE_ptr ...|170-88
106300|code|SUB.W           R0, R3, #0xC|163-241-12-0
106304|code|CMP             R0, R2|144-66
106306|code|BNE.W           loc_1A182|64-240-30-129
106310|code|LDR             R2, =(_ZTIN5YAPET14YAPETExceptionE_ptr - 0x2E000)|165-74
106312|code|MOV             R0, R6; void *|48-70
106314|code|LDR             R3, =(off_2E21C - 0x2E000)|165-75
106316|code|LDR             R1, [R5,R2]; _ZTIN5YAPET14YAPETExceptionE_ptr ; lptinfo|169-88
106318|code|LDR             R2, [R5,R3]; YAPET::YAPETException::~YAPETException() ; void (__cdecl *)(void *)|234-88
106320|code|BLX             __cxa_throw|248-247-106-237
106324|code|MOVS            R0, #0xC; thrown_size|12-32
106326|code|ADD             R6, SP, #0xE0+var_B8|10-174
106328|code|BLX             __cxa_allocate_exception|248-247-158-235
106332|code|LDR             R1, =(aMemoryExhauste - 0x19F62); "Memory exhausted"|163-73
106334|code|ADD             R1, PC; "Memory exhausted"|121-68
106336|code|MOV             R8, R0|128-70
106338|code|LDR             R0, =(aYapet - 0x19F68); "yapet"|163-72
106340|code|ADD             R0, PC; "yapet"|120-68
106342|code|BLX             dgettext|248-247-174-237
106346|code|ADD             R2, SP, #0xE0+var_AC|13-170
106348|code|MOV             R1, R0|1-70
106350|code|MOV             R0, R6|48-70
106352|code|BLX             _ZNSsC1EPKcRKSaIcE; std::string::string(char const*,std::allocator<char> const&)|248-247-124-236
106356|code|MOV             R0, R8|64-70
106358|code|MOV             R1, R6|49-70
106360|code|BL              sub_15E40|251-247-98-255
106364|code|LDR             R2, =(_ZNSs4_Rep20_S_empty_rep_storageE_ptr - 0x2E000)|139-74
106366|code|LDR             R3, [SP,#0xE0+var_B8]|10-155
106368|code|LDR             R2, [R5,R2]; _ZNSs4_Rep20_S_empty_rep_storageE_ptr ...|170-88
106370|code|SUB.W           R0, R3, #0xC|163-241-12-0
106374|code|CMP             R0, R2|144-66
106376|code|BNE.W           loc_1A0F8|64-240-182-128
106380|code|LDR             R2, =(_ZTIN5YAPET14YAPETExceptionE_ptr - 0x2E000)|147-74
106382|code|MOV             R0, R8; void *|64-70
106384|code|LDR             R3, =(off_2E21C - 0x2E000)|147-75
106386|code|LDR             R1, [R5,R2]; _ZTIN5YAPET14YAPETExceptionE_ptr ; lptinfo|169-88
106388|code|LDR             R2, [R5,R3]; YAPET::YAPETException::~YAPETException() ; void (__cdecl *)(void *)|234-88
106390|code|BLX             __cxa_throw|248-247-72-237
106394|code|ADDS            R2, R1, #5|74-29
106396|code|BEQ.W           loc_1A0F0|0-240-168-128
106400|code|ADDS            R1, #5|5-49
106402|code|BEQ.W           loc_1A0EC|0-240-163-128
106406|code|MOV             R5, R0|5-70
106408|code|MOV             R0, R7; void *|56-70
106410|code|BLX             _ZdlPv; operator delete(void *)|248-247-6-236
106414|code|MOV             R0, R5; void *|40-70
106416|code|BLX             __cxa_begin_catch|248-247-90-235
106420|code|MOV             R0, R4|32-70
106422|code|BL              sub_1AC38|0-240-63-254
106426|code|MOV             R0, R4; void *|32-70
106428|code|BLX             _ZdlPv; operator delete(void *)|248-247-252-235
106432|code|BLX             __cxa_rethrow|248-247-198-236
106436|code|MOVS            R0, #0xC; thrown_size|12-32
106438|code|ADD             R6, SP, #0xE0+var_B0|12-174
106440|code|BLX             __cxa_allocate_exception|248-247-102-235
106444|code|LDR             R1, =(aBdbufferTooSma - 0x19FD2); "BDBuffer too small. Cannot assign to Re"...|137-73
106446|code|ADD             R1, PC; "BDBuffer too small. Cannot assign to Re"...|121-68
106448|code|MOV             R8, R0|128-70
106450|code|LDR             R0, =(aYapet - 0x19FD8); "yapet"|137-72
106452|code|ADD             R0, PC; "yapet"|120-68
106454|code|BLX             dgettext|248-247-118-237
106458|code|ADD             R2, SP, #0xE0+var_AC|13-170
106460|code|MOV             R1, R0|1-70
106462|code|MOV             R0, R6|48-70
106464|code|BLX             _ZNSsC1EPKcRKSaIcE; std::string::string(char const*,std::allocator<char> const&)|248-247-68-236
106468|code|MOVS            R2, #1|1-34
106470|code|MOV             R0, R8|64-70
106472|code|MOV             R1, R6|49-70
106474|code|BL              sub_190E4|255-247-123-248
106478|code|LDR             R2, =(_ZNSs4_Rep20_S_empty_rep_storageE_ptr - 0x2E000)|111-74
106480|code|LDR             R3, [SP,#0xE0+var_B0]|12-155
106482|code|LDR             R2, [R5,R2]; _ZNSs4_Rep20_S_empty_rep_storageE_ptr ...|170-88
106484|code|SUB.W           R0, R3, #0xC|163-241-12-0
106488|code|CMP             R0, R2|144-66
106490|code|BNE             loc_1A0CC|103-209
106492|code|LDR             R2, =(_ZTIN5YAPET14YAPETExceptionE_ptr - 0x2E000)|119-74
106494|code|MOV             R0, R8; void *|64-70
106496|code|LDR             R3, =(off_2E21C - 0x2E000)|119-75
106498|code|LDR             R1, [R5,R2]; _ZTIN5YAPET14YAPETExceptionE_ptr ; lptinfo|169-88
106500|code|LDR             R2, [R5,R3]; YAPET::YAPETException::~YAPETException() ; void (__cdecl *)(void *)|234-88
106502|code|BLX             __cxa_throw|248-247-16-237
106506|code|ADDS            R1, #5|5-49
106508|code|BEQ             loc_1A0C8|92-208
106510|code|BLX             __cxa_begin_catch|248-247-44-235
106514|code|LDR             R3, [R7]|59-104
106516|code|MOV             R0, R7|56-70
106518|code|LDR             R3, [R3,#4]|91-104
106520|code|BLX             R3|152-71
106522|code|B               loc_19FB4|203-231
106524|code|MOVS            R0, #0xC; thrown_size|12-32
106526|code|ADD             R6, SP, #0xE0+var_B4|11-174
106528|code|BLX             __cxa_allocate_exception|248-247-58-235
106532|code|LDR             R1, =(aBdbufferTooBig - 0x1A02A); "BDBuffer too big. Cannot assign to Reco"...|117-73
106534|code|ADD             R1, PC; "BDBuffer too big. Cannot assign to Reco"...|121-68
106536|code|MOV             R8, R0|128-70
106538|code|LDR             R0, =(aYapet - 0x1A030); "yapet"|117-72
106540|code|ADD             R0, PC; "yapet"|120-68
106542|code|BLX             dgettext|248-247-74-237
106546|code|ADD             R2, SP, #0xE0+var_AC|13-170
106548|code|MOV             R1, R0|1-70
106550|code|MOV             R0, R6|48-70
106552|code|BLX             _ZNSsC1EPKcRKSaIcE; std::string::string(char const*,std::allocator<char> const&)|248-247-24-236
106556|code|MOVS            R2, #2|2-34
106558|code|MOV             R0, R8|64-70
106560|code|MOV             R1, R6|49-70
106562|code|BL              sub_190E4|255-247-79-248
106566|code|LDR             R2, =(_ZNSs4_Rep20_S_empty_rep_storageE_ptr - 0x2E000)|89-74
106568|code|LDR             R3, [SP,#0xE0+var_B4]|11-155
106570|code|LDR             R2, [R5,R2]; _ZNSs4_Rep20_S_empty_rep_storageE_ptr ...|170-88
106572|code|SUB.W           R0, R3, #0xC|163-241-12-0
106576|code|CMP             R0, R2|144-66
106578|code|BNE.W           loc_1A18C|64-240-155-128
106582|code|LDR             R2, =(_ZTIN5YAPET14YAPETExceptionE_ptr - 0x2E000)|97-74
106584|code|MOV             R0, R8; void *|64-70
106586|code|LDR             R3, =(off_2E21C - 0x2E000)|97-75
106588|code|LDR             R1, [R5,R2]; _ZTIN5YAPET14YAPETExceptionE_ptr ; lptinfo|169-88
106590|code|LDR             R2, [R5,R3]; YAPET::YAPETException::~YAPETException() ; void (__cdecl *)(void *)|234-88
106592|code|BLX             __cxa_throw|248-247-226-236
106596|code|MOVS            R0, #0xC; thrown_size|12-32
106598|code|ADD             R6, SP, #0xE0+var_AC|13-174
106600|code|BLX             __cxa_allocate_exception|248-247-22-235
106604|code|LDR             R1, =(aMemoryExhauste - 0x1A072); "Memory exhausted"|101-73
106606|code|ADD             R1, PC; "Memory exhausted"|121-68
106608|code|MOV             R8, R0|128-70
106610|code|LDR             R0, =(aYapet - 0x1A078); "yapet"|101-72
106612|code|ADD             R0, PC; "yapet"|120-68
106614|code|BLX             dgettext|248-247-38-237
106618|code|ADD             R2, SP, #0xE0+var_B0|12-170
106620|code|MOV             R1, R0|1-70
106622|code|MOV             R0, R6|48-70
106624|code|BLX             _ZNSsC1EPKcRKSaIcE; std::string::string(char const*,std::allocator<char> const&)|248-247-244-235
106628|code|MOV             R0, R8|64-70
106630|code|MOV             R1, R6|49-70
106632|code|BL              sub_15E40|251-247-218-254
106636|code|LDR             R2, =(_ZNSs4_Rep20_S_empty_rep_storageE_ptr - 0x2E000)|71-74
106638|code|LDR             R3, [SP,#0xE0+var_AC]|13-155
106640|code|LDR             R2, [R5,R2]; _ZNSs4_Rep20_S_empty_rep_storageE_ptr ...|170-88
106642|code|SUB.W           R0, R3, #0xC|163-241-12-0
106646|code|CMP             R0, R2|144-66
106648|code|BNE             loc_1A0B0|10-209
106650|code|LDR             R2, =(_ZTIN5YAPET14YAPETExceptionE_ptr - 0x2E000)|80-74
106652|code|MOV             R0, R8; void *|64-70
106654|code|LDR             R3, =(off_2E21C - 0x2E000)|80-75
106656|code|LDR             R1, [R5,R2]; _ZTIN5YAPET14YAPETExceptionE_ptr ; lptinfo|169-88
106658|code|LDR             R2, [R5,R3]; YAPET::YAPETException::~YAPETException() ; void (__cdecl *)(void *)|234-88
106660|code|BLX             __cxa_throw|248-247-192-236
106664|code|ADDS            R3, R1, #5|75-29
106666|code|BNE             loc_1A00A|174-209
106668|code|BLX             __cxa_call_unexpected|248-247-2-236
106672|code|ADD             R1, SP, #0xE0+var_B4|11-169
106674|code|BL              sub_12B78|248-247-97-253
106678|code|B               loc_1A09A|240-231
106680|code|MOV             R5, R0|5-70
106682|code|MOV             R6, R1|14-70
106684|code|MOV             R0, R8; void *|64-70
106686|code|BLX             __cxa_free_exception|248-247-54-235
106690|code|MOV             R0, R5; void *|40-70
106692|code|MOV             R1, R6|49-70
106694|code|B               loc_1A0A8|239-231
106696|code|BLX             __cxa_call_unexpected|248-247-244-235
106700|code|ADD             R1, SP, #0xE0+var_B4|11-169
106702|code|BL              sub_12B78|248-247-83-253
106706|code|B               loc_19FFC|147-231
106708|code|ADDS            R1, #4|4-49
106710|code|BNE.W           loc_19D82|127-244-84-174
106714|code|BLX             __cxa_call_unexpected|248-247-236-235
106718|code|MOV             R4, R0|4-70
106720|code|MOV             R5, R1|13-70
106722|code|BLX             __cxa_end_catch|248-247-126-236
106726|code|MOV             R0, R4|32-70
106728|code|MOV             R1, R5|41-70
106730|code|B               loc_19D7C|71-230
106732|code|BLX             __cxa_call_unexpected|248-247-226-235
106736|code|BLX             __cxa_call_unexpected|248-247-224-235
106740|code|B               loc_19FA6|87-231
106742|code|B               loc_19FA0|83-231
106744|code|ADD             R1, SP, #0xE0+var_B0|12-169
106746|code|BL              sub_12B78|248-247-61-253
106750|code|B               loc_19F8C|69-231
106752|code|MOV             R5, R0|5-70
106754|code|MOV             R6, R1|14-70
106756|code|MOV             R0, R8; void *|64-70
106758|code|BLX             __cxa_free_exception|248-247-18-235
106762|code|MOV             R0, R5; void *|40-70
106764|code|MOV             R1, R6|49-70
106766|code|B               loc_19F9A|68-231
106768|code|MOV             R5, R0|5-70
106770|code|MOV             R6, R1|14-70
106772|code|MOV             R0, R8; void *|64-70
106774|code|BLX             __cxa_free_exception|248-247-10-235
106778|code|MOV             R0, R5|40-70
106780|code|MOV             R1, R6|49-70
106782|code|B               loc_1A00A|116-231
106784|code|B               loc_1A00E|117-231
106786|code|MOV             R5, R0|5-70
106788|code|MOV             R6, R1|14-70
106790|code|MOV             R0, R4; void *|32-70
106792|code|BLX             __cxa_free_exception|248-247-0-235
106796|code|MOV             R0, R5|40-70
106798|code|MOV             R1, R6|49-70
106800|code|B               loc_19D7C|36-230
106802|code|MOV             R5, R0|5-70
106804|code|MOV             R6, R1|14-70
106806|code|MOV             R0, R4; void *|32-70
106808|code|BLX             _ZdlPv; operator delete(void *)|248-247-62-235
106812|code|MOV             R0, R5|40-70
106814|code|MOV             R1, R6|49-70
106816|code|B               loc_19D7C|28-230
106818|code|MOV             R5, R0|5-70
106820|code|MOV             R0, R4; this|32-70
106822|code|MOV             R4, R1|12-70
106824|code|BLX             _ZNSt9exceptionD2Ev; std::exception::~exception()|248-247-152-236
106828|code|ADDS            R4, #4|4-52
106830|code|BNE.W           loc_19D82|127-244-24-174
106834|code|MOV             R0, R5; void *|40-70
106836|code|BLX             __cxa_call_unexpected|248-247-174-235
106840|code|ADD             R1, SP, #0xE0+var_AC|13-169
106842|code|BL              sub_12B78|248-247-13-253
106846|code|B               loc_19EB4|169-230
106848|code|MOV             R4, R0|4-70
106850|code|MOV             R5, R1|13-70
106852|code|MOV             R0, R6; void *|48-70
106854|code|BLX             __cxa_free_exception|248-247-226-234
106858|code|MOV             R0, R4|32-70
106860|code|MOV             R1, R5|41-70
106862|code|B               loc_19D7C|5-230
106864|code|ADD             R1, SP, #0xE0+var_AC|13-169
106866|code|BL              sub_12B78|248-247-1-253
106870|code|B               loc_19F00|195-230
106872|code|B               loc_1A160|242-231
106874|code|B               loc_1A0D4|171-231
106876|code|B               loc_1A142|225-231
106878|code|B               loc_19FB0|23-231
106880|code|B               loc_1A122|207-231
106882|code|ADD             R1, SP, #0xE0+var_AC|13-169
106884|code|BL              sub_12B78|248-247-248-252
106888|code|B               loc_19F46|221-230
106890|code|B               loc_1A160|233-231
106892|code|ADD             R1, SP, #0xE0+var_B0|12-169
106894|code|BL              sub_12B78|248-247-243-252
106898|code|B               loc_1A056|96-231
106900|code|B               loc_1A110|188-231
106902|data|ALIGN 4|0-191
106904|data|DCD _GLOBAL_OFFSET_TABLE_ - 0x19B10|240-68-1-0
106908|data|DCD __stack_chk_guard_ptr - 0x2E000|208-1-0-0
106912|data|DCD aErrorFinalizin_0 - 0x19BB4; "Error finalizing decryption"|28-39-0-0
106916|data|DCD aYapet - 0x19BBC; "yapet"|184-32-0-0
106920|data|DCD _ZTVN5YAPET14YAPETExceptionE_ptr - 0x2E000|188-1-0-0
106924|data|DCD _ZNSs4_Rep20_S_empty_rep_storageE_ptr - 0x2E000|196-1-0-0
106928|data|DCD _ZTVN5YAPET24YAPETEncryptionExceptionE_ptr - 0x2E000|0-2-0-0
106932|data|DCD _ZTIN5YAPET24YAPETEncryptionExceptionE_ptr - 0x2E000|240-1-0-0
106936|data|DCD off_2E1E0 - 0x2E000|224-1-0-0
106940|data|DCD aErrorDecryptin - 0x19C48; "Error decrypting data"|112-38-0-0
106944|data|DCD aYapet - 0x19C50; "yapet"|36-32-0-0
106948|data|DCD _ZTVN5YAPET6RecordINS_13FileHeader_32EEE_ptr - 0x2E000|32-2-0-0
106952|data|DCD __pthread_key_create_ptr - 0x2E000|236-1-0-0
106956|data|DCD aErrorInitializ - 0x19E8A; "Error initializing encryption engine"|150-35-0-0
106960|data|DCD aYapet - 0x19E90; "yapet"|228-29-0-0
106964|data|DCD aErrorSettingTh - 0x19ED6; "Error setting the key length"|114-35-0-0
106968|data|DCD aYapet - 0x19EDC; "yapet"|152-29-0-0
106972|data|DCD _ZTIN5YAPET14YAPETExceptionE_ptr - 0x2E000|200-1-0-0
106976|data|DCD off_2E21C - 0x2E000|28-2-0-0
106980|data|DCD aIvecLengthMiss - 0x19F1C; "IVec length missmatch"|236-34-0-0
106984|data|DCD aYapet - 0x19F22; "yapet"|82-29-0-0
106988|data|DCD aMemoryExhauste - 0x19F62; "Memory exhausted"|26-29-0-0
106992|data|DCD aYapet - 0x19F68; "yapet"|12-29-0-0
106996|data|DCD aBdbufferTooSma - 0x19FD2; "BDBuffer too small. Cannot assign to Re"...|26-35-0-0
107000|data|DCD aYapet - 0x19FD8; "yapet"|156-28-0-0
107004|data|DCD aBdbufferTooBig - 0x1A02A; "BDBuffer too big. Cannot assign to Reco"...|242-34-0-0
107008|data|DCD aYapet - 0x1A030; "yapet"|68-28-0-0
107012|data|DCD aMemoryExhauste - 0x1A072; "Memory exhausted"|10-28-0-0
107016|data|DCD aYapet - 0x1A078; "yapet"|252-27-0-0
107020|code|PUSH.W          {R4-R8,LR}|45-233-240-65
107024|code|SUB             SP, SP, #0xC8|178-176
107026|code|LDR.W           R5, =(_GLOBAL_OFFSET_TABLE_ - 0x1A220)|223-248-88-86
107030|code|MOV             R4, R0|4-70
107032|code|LDR.W           R3, =(__stack_chk_guard_ptr - 0x2E000)|223-248-84-54
107036|code|ADD             R5, PC; _GLOBAL_OFFSET_TABLE_|125-68
107038|code|LDR             R2, [R0,#4]|66-104
107040|code|LDR             R3, [R5,R3]; __stack_chk_guard|235-88
107042|code|CMP             R2, #8|8-42
107044|code|STR             R3, [SP,#0xE0+var_D4]|3-147
107046|code|LDR             R3, [R3]|27-104
107048|code|STR             R3, [SP,#0xE0+var_1C]|49-147
107050|code|BNE.W           loc_1A5E4|64-240-219-129
107054|code|ADD             R7, SP, #0xE0+var_A8|14-175
107056|code|MOV             R8, R1|136-70
107058|code|MOV             R0, R7|56-70
107060|code|BLX             EVP_CIPHER_CTX_init|248-247-166-234
107064|code|MOV             R3, R4|35-70
107066|code|ADD.W           R2, R4, #0x44 ; 'D'|4-241-68-2
107070|code|LDR.W           R1, [R3],#0xC|83-248-12-27
107074|code|MOV             R0, R7|56-70
107076|code|STR             R2, [SP,#0xE0+var_E0]|0-146
107078|code|MOVS            R2, #0|0-34
107080|code|BLX             EVP_DecryptInit_ex|248-247-44-234
107084|code|CMP             R0, #0|0-40
107086|code|BEQ.W           loc_1A54C|0-240-125-129
107090|code|MOV             R0, R7|56-70
107092|code|MOVS            R1, #0x38 ; '8'|56-33
107094|code|BLX             EVP_CIPHER_CTX_set_key_length|248-247-118-235
107098|code|CMP             R0, #0|0-40
107100|code|BEQ.W           loc_1A598|0-240-156-129
107104|code|MOVS            R0, #8; unsigned int|8-32
107106|code|LDR.W           R6, [R8]|216-248-0-96
107110|code|BLX             _Znwj; operator new(uint)|248-247-180-233
107114|code|MOV             R1, R6|49-70
107116|code|MOV             R4, R0|4-70
107118|code|BL              sub_1ABDC|0-240-181-252
107122|code|LDR.W           R6, [R8]|216-248-0-96
107126|code|MOV             R0, R7|56-70
107128|code|LDR             R1, [R4,#4]|97-104
107130|code|ADD             R2, SP, #0xE0+var_C4|7-170
107132|code|LDR.W           R3, [R8,#4]|216-248-4-48
107136|code|STR             R6, [SP,#0xE0+var_E0]|0-150
107138|code|BLX             EVP_DecryptUpdate|248-247-208-234
107142|code|CMP             R0, #0|0-40
107144|code|BEQ             loc_1A336|85-208
107146|code|MOV             R0, R4|32-70
107148|code|LDR             R1, [SP,#0xE0+var_C4]|7-153
107150|code|BL              sub_1AC90|0-240-255-252
107154|code|MOV             R1, R0|1-70
107156|code|ADD             R2, SP, #0xE0+var_C0|8-170
107158|code|MOV             R0, R7|56-70
107160|code|BLX             EVP_DecryptFinal_ex|248-247-172-233
107164|code|CMP             R0, #0|0-40
107166|code|BNE.W           loc_1A3C6|64-240-146-128
107170|code|MOV             R0, R7|56-70
107172|code|BLX             EVP_CIPHER_CTX_cleanup|248-247-244-234
107176|code|MOV             R0, R4|32-70
107178|code|BL              sub_1AC38|0-240-197-252
107182|code|MOV             R0, R4; void *|32-70
107184|code|ADD             R7, SP, #0xE0+var_BC|9-175
107186|code|BLX             _ZdlPv; operator delete(void *)|248-247-130-234
107190|code|MOVS            R0, #0xC; thrown_size|12-32
107192|code|BLX             __cxa_allocate_exception|248-247-238-233
107196|code|LDR.W           R1, =(aErrorFinalizin_0 - 0x1A2C4); "Error finalizing decryption"|223-248-180-21
107200|code|ADD             R1, PC; "Error finalizing decryption"|121-68
107202|code|MOV             R4, R0|4-70
107204|code|LDR.W           R0, =(aYapet - 0x1A2CC); "yapet"|223-248-176-5
107208|code|ADD             R0, PC; "yapet"|120-68
107210|code|BLX             dgettext|248-247-252-235
107214|code|ADD             R2, SP, #0xE0+var_B4|11-170
107216|code|MOV             R1, R0|1-70
107218|code|MOV             R0, R7|56-70
107220|code|BLX             _ZNSsC1EPKcRKSaIcE; std::string::string(char const*,std::allocator<char> const&)|248-247-202-234
107224|code|ADD             R6, SP, #0xE0+var_AC|13-174
107226|code|MOV             R1, R7; std::string *|57-70
107228|code|MOV             R0, R6; this|48-70
107230|code|BLX             _ZNSsC1ERKSs; std::string::string(std::string const&)|248-247-244-233
107234|code|LDR.W           R3, =(_ZTVN5YAPET14YAPETExceptionE_ptr - 0x2E000)|223-248-152-53
107238|code|MOVS            R2, #0xFF|255-34
107240|code|ADD.W           R0, R4, #8; this|4-241-8-0
107244|code|MOV             R1, R6; std::string *|49-70
107246|code|LDR             R3, [R5,R3]; _ZTVN5YAPET14YAPETExceptionE_ptr ...|235-88
107248|code|STR             R2, [R4,#4]|98-96
107250|code|ADDS            R3, #8|8-51
107252|code|STR             R3, [R4]|35-96
107254|code|BLX             _ZNSsC1ERKSs; std::string::string(std::string const&)|248-247-232-233
107258|code|LDR.W           R3, =(_ZNSs4_Rep20_S_empty_rep_storageE_ptr - 0x2E000)|223-248-132-53
107262|code|LDR             R2, [SP,#0xE0+var_AC]|13-154
107264|code|LDR             R7, [R5,R3]; _ZNSs4_Rep20_S_empty_rep_storageE_ptr ...|239-88
107266|code|SUB.W           R0, R2, #0xC|162-241-12-0
107270|code|CMP             R0, R7|184-66
107272|code|BNE.W           loc_1A4EE|64-240-241-128
107276|code|LDR.W           R3, =(_ZTVN5YAPET24YAPETEncryptionExceptionE_ptr - 0x2E000)|223-248-116-53
107280|code|LDR             R2, [SP,#0xE0+var_BC]|9-154
107282|code|SUB.W           R0, R2, #0xC|162-241-12-0
107286|code|LDR             R3, [R5,R3]; _ZTVN5YAPET24YAPETEncryptionExceptionE_ptr ...|235-88
107288|code|CMP             R0, R7|184-66
107290|code|ADD.W           R3, R3, #8|3-241-8-3
107294|code|STR             R3, [R4]|35-96
107296|code|BNE.W           loc_1A4C2|64-240-207-128
107300|code|LDR.W           R2, =(_ZTIN5YAPET24YAPETEncryptionExceptionE_ptr - 0x2E000)|223-248-96-37
107304|code|MOV             R0, R4; void *|32-70
107306|code|LDR.W           R3, =(off_2E1E0 - 0x2E000)|223-248-96-53
107310|code|LDR             R1, [R5,R2]; _ZTIN5YAPET24YAPETEncryptionExceptionE_ptr ; lptinfo|169-88
107312|code|LDR             R2, [R5,R3]; YAPET::YAPETEncryptionException::~YAPETEncryptionException() ; void (__cdecl *)(void *)|234-88
107314|code|BLX             __cxa_throw|248-247-122-235
107318|code|MOV             R0, R7|56-70
107320|code|BLX             EVP_CIPHER_CTX_cleanup|248-247-170-234
107324|code|MOV             R0, R4|32-70
107326|code|BL              sub_1AC38|0-240-123-252
107330|code|MOV             R0, R4; void *|32-70
107332|code|ADD             R7, SP, #0xE0+var_C0|8-175
107334|code|BLX             _ZdlPv; operator delete(void *)|248-247-56-234
107338|code|MOVS            R0, #0xC; thrown_size|12-32
107340|code|BLX             __cxa_allocate_exception|248-247-164-233
107344|code|LDR.W           R1, =(aErrorDecryptin - 0x1A358); "Error decrypting data"|223-248-60-21
107348|code|ADD             R1, PC; "Error decrypting data"|121-68
107350|code|MOV             R4, R0|4-70
107352|code|LDR.W           R0, =(aYapet - 0x1A360); "yapet"|223-248-56-5
107356|code|ADD             R0, PC; "yapet"|120-68
107358|code|BLX             dgettext|248-247-178-235
107362|code|ADD             R2, SP, #0xE0+var_B4|11-170
107364|code|MOV             R1, R0|1-70
107366|code|MOV             R0, R7|56-70
107368|code|BLX             _ZNSsC1EPKcRKSaIcE; std::string::string(char const*,std::allocator<char> const&)|248-247-128-234
107372|code|ADD             R6, SP, #0xE0+var_AC|13-174
107374|code|MOV             R1, R7; std::string *|57-70
107376|code|MOV             R0, R6; this|48-70
107378|code|BLX             _ZNSsC1ERKSs; std::string::string(std::string const&)|248-247-170-233
107382|code|LDR.W           R3, =(_ZTVN5YAPET14YAPETExceptionE_ptr - 0x2E000)|223-248-4-53
107386|code|MOVS            R2, #0xFF|255-34
107388|code|ADD.W           R0, R4, #8; this|4-241-8-0
107392|code|MOV             R1, R6; std::string *|49-70
107394|code|LDR             R3, [R5,R3]; _ZTVN5YAPET14YAPETExceptionE_ptr ...|235-88
107396|code|STR             R2, [R4,#4]|98-96
107398|code|ADDS            R3, #8|8-51
107400|code|STR             R3, [R4]|35-96
107402|code|BLX             _ZNSsC1ERKSs; std::string::string(std::string const&)|248-247-158-233
107406|code|LDR.W           R3, =(_ZNSs4_Rep20_S_empty_rep_storageE_ptr - 0x2E000)|223-248-240-52
107410|code|LDR             R2, [SP,#0xE0+var_AC]|13-154
107412|code|LDR             R7, [R5,R3]; _ZNSs4_Rep20_S_empty_rep_storageE_ptr ...|239-88
107414|code|SUB.W           R0, R2, #0xC|162-241-12-0
107418|code|CMP             R0, R7|184-66
107420|code|BNE             loc_1A462|97-209
107422|code|LDR.W           R3, =(_ZTVN5YAPET24YAPETEncryptionExceptionE_ptr - 0x2E000)|223-248-228-52
107426|code|LDR             R2, [SP,#0xE0+var_C0]|8-154
107428|code|SUB.W           R0, R2, #0xC|162-241-12-0
107432|code|LDR             R3, [R5,R3]; _ZTVN5YAPET24YAPETEncryptionExceptionE_ptr ...|235-88
107434|code|CMP             R0, R7|184-66
107436|code|ADD.W           R3, R3, #8|3-241-8-3
107440|code|STR             R3, [R4]|35-96
107442|code|BNE             loc_1A492|110-209
107444|code|LDR.W           R2, =(_ZTIN5YAPET24YAPETEncryptionExceptionE_ptr - 0x2E000)|223-248-208-36
107448|code|MOV             R0, R4; void *|32-70
107450|code|LDR.W           R3, =(off_2E1E0 - 0x2E000)|223-248-208-52
107454|code|LDR             R1, [R5,R2]; _ZTIN5YAPET24YAPETEncryptionExceptionE_ptr ; lptinfo|169-88
107456|code|LDR             R2, [R5,R3]; YAPET::YAPETEncryptionException::~YAPETEncryptionException() ; void (__cdecl *)(void *)|234-88
107458|code|BLX             __cxa_throw|248-247-50-235
107462|code|LDR             R1, [SP,#0xE0+var_C4]|7-153
107464|code|MOV             R0, R4|32-70
107466|code|LDR             R3, [SP,#0xE0+var_C0]|8-155
107468|code|ADD             R1, R3|25-68
107470|code|BL              sub_1AC4C|0-240-61-252
107474|code|MOV             R0, R7|56-70
107476|code|BLX             EVP_CIPHER_CTX_cleanup|248-247-92-234
107480|code|MOVS            R0, #0xC; unsigned int|12-32
107482|code|BLX             _Znwj; operator new(uint)|248-247-250-232
107486|code|LDR.W           R3, =(_ZTVN5YAPET6RecordINS_14PasswordRecordEEE_ptr - 0x2E000)|223-248-184-52
107490|code|MOV             R7, R0|7-70
107492|code|MOV.W           R0, #0x580; size|79-244-176-96
107496|code|LDR             R3, [R5,R3]; _ZTVN5YAPET6RecordINS_14PasswordRecordEEE_ptr ...|235-88
107498|code|ADDS            R3, #8|8-51
107500|code|STR             R3, [R7]|59-96
107502|code|BLX             malloc|248-247-188-234
107506|code|STR             R0, [R7,#8]|184-96
107508|code|CMP             R0, #0|0-40
107510|code|BEQ.W           loc_1A62A|0-240-24-129
107514|code|MOV.W           R3, #0x580|79-244-176-99
107518|code|STR             R3, [R7,#4]|123-96
107520|code|LDR.W           R8, [R4]|212-248-0-128
107524|code|CMP             R8, R3|152-69
107526|code|BCC.W           loc_1A69A|192-240-72-129
107530|code|BNE.W           loc_1A6F2|64-240-114-129
107534|code|MOVS            R1, #0; c|0-33
107536|code|MOV             R2, R8; n|66-70
107538|code|BLX             memset|248-247-108-233
107542|code|LDR             R0, [R7,#8]; ptr|184-104
107544|code|BLX             free|248-247-14-233
107548|code|MOV             R0, R8; size|64-70
107550|code|BLX             malloc|248-247-164-234
107554|code|STR             R0, [R7,#8]|184-96
107556|code|CMP             R0, #0|0-40
107558|code|BEQ.W           loc_1A73A|0-240-136-129
107562|code|STR.W           R8, [R7,#4]|199-248-4-128
107566|code|MOV             R2, R8; n|66-70
107568|code|LDR             R1, [R4,#4]; src|97-104
107570|code|BLX             memcpy|248-247-148-234
107574|code|MOV             R0, R4|32-70
107576|code|BL              sub_1AC38|0-240-254-251
107580|code|MOV             R0, R4; void *|32-70
107582|code|BLX             _ZdlPv; operator delete(void *)|248-247-188-233
107586|code|LDR             R3, [SP,#0xE0+var_D4]|3-155
107588|code|LDR             R2, [SP,#0xE0+var_1C]|49-154
107590|code|MOV             R0, R7|56-70
107592|code|LDR             R3, [R3]|27-104
107594|code|CMP             R2, R3|154-66
107596|code|BNE             loc_1A45E|7-209
107598|code|ADD             SP, SP, #0xC8|50-176
107600|code|POP.W           {R4-R8,PC}|189-232-240-129
107604|code|ADDS            R1, #1|1-49
107606|code|BEQ.W           loc_1A7B0|0-240-171-129
107610|code|BLX             __cxa_end_cleanup|248-247-252-233
107614|code|BLX             __stack_chk_fail|248-247-244-233
107618|code|LDR.W           R3, =(__pthread_key_create_ptr - 0x2E000)|223-248-56-52
107622|code|LDR             R3, [R5,R3]; __pthread_key_create|235-88
107624|code|CMP             R3, #0|0-43
107626|code|BEQ             loc_1A528|93-208
107628|code|SUBS            R2, #4|4-58
107630|code|DMB.W           SY|191-243-95-143
107634|code|LDREX.W         R3, [R2]|82-232-0-63
107638|code|SUBS            R1, R3, #1|89-30
107640|code|STREX.W         LR, R1, [R2]|66-232-0-30
107644|code|CMP.W           LR, #0|190-241-0-15
107648|code|BNE             loc_1A472|247-209
107650|code|DMB.W           SY|191-243-95-143
107654|code|CMP             R3, #0|0-43
107656|code|BGT             loc_1A39E|137-220
107658|code|ADD             R1, SP, #0xE0+var_B0|12-169
107660|code|BLX             _ZNSs4_Rep10_M_destroyERKSaIcE; std::string::_Rep::_M_destroy(std::allocator<char> const&)|248-247-110-233
107664|code|B               loc_1A39E|133-231
107666|code|LDR.W           R3, =(__pthread_key_create_ptr - 0x2E000)|223-248-8-52
107670|code|LDR             R3, [R5,R3]; __pthread_key_create|235-88
107672|code|CMP             R3, #0|0-43
107674|code|BEQ             loc_1A51C|63-208
107676|code|SUBS            R2, #4|4-58
107678|code|DMB.W           SY|191-243-95-143
107682|code|LDREX.W         R3, [R2]|82-232-0-63
107686|code|SUBS            R1, R3, #1|89-30
107688|code|STREX.W         R7, R1, [R2]|66-232-0-23
107692|code|CMP             R7, #0|0-47
107694|code|BNE             loc_1A4A2|248-209
107696|code|DMB.W           SY|191-243-95-143
107700|code|CMP             R3, #0|0-43
107702|code|BGT.W           loc_1A3B4|63-247-125-175
107706|code|MOV             R1, R6|49-70
107708|code|BLX             _ZNSs4_Rep10_M_destroyERKSaIcE; std::string::_Rep::_M_destroy(std::allocator<char> const&)|248-247-86-233
107712|code|B               loc_1A3B4|120-231
107714|code|LDR             R3, =(__pthread_key_create_ptr - 0x2E000)|246-75
107716|code|LDR             R3, [R5,R3]; __pthread_key_create|235-88
107718|code|CBZ             R3, loc_1A540|219-179
107720|code|SUBS            R2, #4|4-58
107722|code|DMB.W           SY|191-243-95-143
107726|code|LDREX.W         R3, [R2]|82-232-0-63
107730|code|SUBS            R1, R3, #1|89-30
107732|code|STREX.W         R7, R1, [R2]|66-232-0-23
107736|code|CMP             R7, #0|0-47
107738|code|BNE             loc_1A4CE|248-209
107740|code|DMB.W           SY|191-243-95-143
107744|code|CMP             R3, #0|0-43
107746|code|BGT.W           loc_1A324|63-247-31-175
107750|code|MOV             R1, R6|49-70
107752|code|BLX             _ZNSs4_Rep10_M_destroyERKSaIcE; std::string::_Rep::_M_destroy(std::allocator<char> const&)|248-247-64-233
107756|code|B               loc_1A324|26-231
107758|code|LDR             R3, =(__pthread_key_create_ptr - 0x2E000)|235-75
107760|code|LDR             R3, [R5,R3]; __pthread_key_create|235-88
107762|code|CBZ             R3, loc_1A534|251-177
107764|code|SUBS            R2, #4|4-58
107766|code|DMB.W           SY|191-243-95-143
107770|code|LDREX.W         R3, [R2]|82-232-0-63
107774|code|SUBS            R1, R3, #1|89-30
107776|code|STREX.W         LR, R1, [R2]|66-232-0-30
107780|code|CMP.W           LR, #0|190-241-0-15
107784|code|BNE             loc_1A4FA|247-209
107786|code|DMB.W           SY|191-243-95-143
107790|code|CMP             R3, #0|0-43
107792|code|BGT.W           loc_1A30C|63-247-252-174
107796|code|ADD             R1, SP, #0xE0+var_B0|12-169
107798|code|BLX             _ZNSs4_Rep10_M_destroyERKSaIcE; std::string::_Rep::_M_destroy(std::allocator<char> const&)|248-247-42-233
107802|code|B               loc_1A30C|247-230
107804|code|LDR.W           R3, [R2,#-4]|82-248-4-60
107808|code|SUBS            R1, R3, #1|89-30
107810|code|STR.W           R1, [R2,#-4]|66-248-4-28
107814|code|B               loc_1A4B4|197-231
107816|code|LDR.W           R3, [R2,#-4]|82-248-4-60
107820|code|SUBS            R1, R3, #1|89-30
107822|code|STR.W           R1, [R2,#-4]|66-248-4-28
107826|code|B               loc_1A486|168-231
107828|code|LDR.W           R3, [R2,#-4]|82-248-4-60
107832|code|SUBS            R1, R3, #1|89-30
107834|code|STR.W           R1, [R2,#-4]|66-248-4-28
107838|code|B               loc_1A50E|230-231
107840|code|LDR.W           R3, [R2,#-4]|82-248-4-60
107844|code|SUBS            R1, R3, #1|89-30
107846|code|STR.W           R1, [R2,#-4]|66-248-4-28
107850|code|B               loc_1A4E0|201-231
107852|code|MOV             R0, R7|56-70
107854|code|BLX             EVP_CIPHER_CTX_cleanup|248-247-160-233
107858|code|MOVS            R0, #0xC; thrown_size|12-32
107860|code|ADD             R4, SP, #0xE0+var_C8|6-172
107862|code|BLX             __cxa_allocate_exception|248-247-160-232
107866|code|LDR             R1, =(aErrorInitializ - 0x1A560); "Error initializing encryption engine"|209-73
107868|code|ADD             R1, PC; "Error initializing encryption engine"|121-68
107870|code|MOV             R6, R0|6-70
107872|code|LDR             R0, =(aYapet - 0x1A566); "yapet"|208-72
107874|code|ADD             R0, PC; "yapet"|120-68
107876|code|BLX             dgettext|248-247-174-234
107880|code|ADD             R2, SP, #0xE0+var_B0|12-170
107882|code|MOV             R1, R0|1-70
107884|code|MOV             R0, R4|32-70
107886|code|BLX             _ZNSsC1EPKcRKSaIcE; std::string::string(char const*,std::allocator<char> const&)|248-247-126-233
107890|code|MOV             R0, R6|48-70
107892|code|MOV             R1, R4|33-70
107894|code|BL              sub_191E8|254-247-55-254
107898|code|LDR             R2, =(_ZNSs4_Rep20_S_empty_rep_storageE_ptr - 0x2E000)|193-74
107900|code|LDR             R3, [SP,#0xE0+var_C8]|6-155
107902|code|LDR             R2, [R5,R2]; _ZNSs4_Rep20_S_empty_rep_storageE_ptr ...|170-88
107904|code|SUB.W           R0, R3, #0xC|163-241-12-0
107908|code|CMP             R0, R2|144-66
107910|code|BNE.W           loc_1A82E|64-240-82-129
107914|code|LDR             R2, =(_ZTIN5YAPET24YAPETEncryptionExceptionE_ptr - 0x2E000)|191-74
107916|code|MOV             R0, R6; void *|48-70
107918|code|LDR             R3, =(off_2E1E0 - 0x2E000)|191-75
107920|code|LDR             R1, [R5,R2]; _ZTIN5YAPET24YAPETEncryptionExceptionE_ptr ; lptinfo|169-88
107922|code|LDR             R2, [R5,R3]; YAPET::YAPETEncryptionException::~YAPETEncryptionException() ; void (__cdecl *)(void *)|234-88
107924|code|BLX             __cxa_throw|248-247-72-234
107928|code|MOV             R0, R7|56-70
107930|code|BLX             EVP_CIPHER_CTX_cleanup|248-247-122-233
107934|code|MOVS            R0, #0xC; thrown_size|12-32
107936|code|ADD             R4, SP, #0xE0+var_C4|7-172
107938|code|BLX             __cxa_allocate_exception|248-247-122-232
107942|code|LDR             R1, =(aErrorSettingTh - 0x1A5AC); "Error setting the key length"|192-73
107944|code|ADD             R1, PC; "Error setting the key length"|121-68
107946|code|MOV             R6, R0|6-70
107948|code|LDR             R0, =(aYapet - 0x1A5B2); "yapet"|191-72
107950|code|ADD             R0, PC; "yapet"|120-68
107952|code|BLX             dgettext|248-247-136-234
107956|code|ADD             R2, SP, #0xE0+var_B0|12-170
107958|code|MOV             R1, R0|1-70
107960|code|MOV             R0, R4|32-70
107962|code|BLX             _ZNSsC1EPKcRKSaIcE; std::string::string(char const*,std::allocator<char> const&)|248-247-88-233
107966|code|MOV             R0, R6|48-70
107968|code|MOV             R1, R4|33-70
107970|code|BL              sub_15E40|251-247-61-252
107974|code|LDR             R2, =(_ZNSs4_Rep20_S_empty_rep_storageE_ptr - 0x2E000)|174-74
107976|code|LDR             R3, [SP,#0xE0+var_C4]|7-155
107978|code|LDR             R2, [R5,R2]; _ZNSs4_Rep20_S_empty_rep_storageE_ptr ...|170-88
107980|code|SUB.W           R0, R3, #0xC|163-241-12-0
107984|code|CMP             R0, R2|144-66
107986|code|BNE.W           loc_1A846|64-240-56-129
107990|code|LDR             R2, =(_ZTIN5YAPET14YAPETExceptionE_ptr - 0x2E000)|182-74
107992|code|MOV             R0, R6; void *|48-70
107994|code|LDR             R3, =(off_2E21C - 0x2E000)|182-75
107996|code|LDR             R1, [R5,R2]; _ZTIN5YAPET14YAPETExceptionE_ptr ; lptinfo|169-88
107998|code|LDR             R2, [R5,R3]; YAPET::YAPETException::~YAPETException() ; void (__cdecl *)(void *)|234-88
108000|code|BLX             __cxa_throw|248-247-34-234
108004|code|MOVS            R0, #0xC; thrown_size|12-32
108006|code|ADD             R4, SP, #0xE0+var_CC|5-172
108008|code|BLX             __cxa_allocate_exception|248-247-86-232
108012|code|LDR             R1, =(aIvecLengthMiss - 0x1A5F2); "IVec length missmatch"|178-73
108014|code|ADD             R1, PC; "IVec length missmatch"|121-68
108016|code|MOV             R6, R0|6-70
108018|code|LDR             R0, =(aYapet - 0x1A5F8); "yapet"|178-72
108020|code|ADD             R0, PC; "yapet"|120-68
108022|code|BLX             dgettext|248-247-102-234
108026|code|ADD             R2, SP, #0xE0+var_B0|12-170
108028|code|MOV             R1, R0|1-70
108030|code|MOV             R0, R4|32-70
108032|code|BLX             _ZNSsC1EPKcRKSaIcE; std::string::string(char const*,std::allocator<char> const&)|248-247-52-233
108036|code|MOV             R0, R6|48-70
108038|code|MOV             R1, R4|33-70
108040|code|BL              sub_15E40|251-247-26-252
108044|code|LDR             R2, =(_ZNSs4_Rep20_S_empty_rep_storageE_ptr - 0x2E000)|156-74
108046|code|LDR             R3, [SP,#0xE0+var_CC]|5-155
108048|code|LDR             R2, [R5,R2]; _ZNSs4_Rep20_S_empty_rep_storageE_ptr ...|170-88
108050|code|SUB.W           R0, R3, #0xC|163-241-12-0
108054|code|CMP             R0, R2|144-66
108056|code|BNE.W           loc_1A858|64-240-30-129
108060|code|LDR             R2, =(_ZTIN5YAPET14YAPETExceptionE_ptr - 0x2E000)|164-74
108062|code|MOV             R0, R6; void *|48-70
108064|code|LDR             R3, =(off_2E21C - 0x2E000)|164-75
108066|code|LDR             R1, [R5,R2]; _ZTIN5YAPET14YAPETExceptionE_ptr ; lptinfo|169-88
108068|code|LDR             R2, [R5,R3]; YAPET::YAPETException::~YAPETException() ; void (__cdecl *)(void *)|234-88
108070|code|BLX             __cxa_throw|248-247-0-234
108074|code|MOVS            R0, #0xC; thrown_size|12-32
108076|code|ADD             R6, SP, #0xE0+var_B8|10-174
108078|code|BLX             __cxa_allocate_exception|248-247-52-232
108082|code|LDR             R1, =(aMemoryExhauste - 0x1A638); "Memory exhausted"|163-73
108084|code|ADD             R1, PC; "Memory exhausted"|121-68
108086|code|MOV             R8, R0|128-70
108088|code|LDR             R0, =(aYapet - 0x1A63E); "yapet"|162-72
108090|code|ADD             R0, PC; "yapet"|120-68
108092|code|BLX             dgettext|248-247-66-234
108096|code|ADD             R2, SP, #0xE0+var_AC|13-170
108098|code|MOV             R1, R0|1-70
108100|code|MOV             R0, R6|48-70
108102|code|BLX             _ZNSsC1EPKcRKSaIcE; std::string::string(char const*,std::allocator<char> const&)|248-247-18-233
108106|code|MOV             R0, R8|64-70
108108|code|MOV             R1, R6|49-70
108110|code|BL              sub_15E40|251-247-247-251
108114|code|LDR             R2, =(_ZNSs4_Rep20_S_empty_rep_storageE_ptr - 0x2E000)|139-74
108116|code|LDR             R3, [SP,#0xE0+var_B8]|10-155
108118|code|LDR             R2, [R5,R2]; _ZNSs4_Rep20_S_empty_rep_storageE_ptr ...|170-88
108120|code|SUB.W           R0, R3, #0xC|163-241-12-0
108124|code|CMP             R0, R2|144-66
108126|code|BNE.W           loc_1A7CE|64-240-182-128
108130|code|LDR             R2, =(_ZTIN5YAPET14YAPETExceptionE_ptr - 0x2E000)|147-74
108132|code|MOV             R0, R8; void *|64-70
108134|code|LDR             R3, =(off_2E21C - 0x2E000)|147-75
108136|code|LDR             R1, [R5,R2]; _ZTIN5YAPET14YAPETExceptionE_ptr ; lptinfo|169-88
108138|code|LDR             R2, [R5,R3]; YAPET::YAPETException::~YAPETException() ; void (__cdecl *)(void *)|234-88
108140|code|BLX             __cxa_throw|248-247-220-233
108144|code|ADDS            R2, R1, #5|74-29
108146|code|BEQ.W           loc_1A7C6|0-240-168-128
108150|code|ADDS            R1, #5|5-49
108152|code|BEQ.W           loc_1A7C2|0-240-163-128
108156|code|MOV             R5, R0|5-70
108158|code|MOV             R0, R7; void *|56-70
108160|code|BLX             _ZdlPv; operator delete(void *)|248-247-154-232
108164|code|MOV             R0, R5; void *|40-70
108166|code|BLX             __cxa_begin_catch|247-247-240-239
108170|code|MOV             R0, R4|32-70
108172|code|BL              sub_1AC38|0-240-212-250
108176|code|MOV             R0, R4; void *|32-70
108178|code|BLX             _ZdlPv; operator delete(void *)|248-247-146-232
108182|code|BLX             __cxa_rethrow|248-247-92-233
108186|code|MOVS            R0, #0xC; thrown_size|12-32
108188|code|ADD             R6, SP, #0xE0+var_B0|12-174
108190|code|BLX             __cxa_allocate_exception|247-247-252-239
108194|code|LDR             R1, =(aBdbufferTooSma - 0x1A6A8); "BDBuffer too small. Cannot assign to Re"...|137-73
108196|code|ADD             R1, PC; "BDBuffer too small. Cannot assign to Re"...|121-68
108198|code|MOV             R8, R0|128-70
108200|code|LDR             R0, =(aYapet - 0x1A6AE); "yapet"|136-72
108202|code|ADD             R0, PC; "yapet"|120-68
108204|code|BLX             dgettext|248-247-10-234
108208|code|ADD             R2, SP, #0xE0+var_AC|13-170
108210|code|MOV             R1, R0|1-70
108212|code|MOV             R0, R6|48-70
108214|code|BLX             _ZNSsC1EPKcRKSaIcE; std::string::string(char const*,std::allocator<char> const&)|248-247-218-232
108218|code|MOVS            R2, #1|1-34
108220|code|MOV             R0, R8|64-70
108222|code|MOV             R1, R6|49-70
108224|code|BL              sub_190E4|254-247-16-253
108228|code|LDR             R2, =(_ZNSs4_Rep20_S_empty_rep_storageE_ptr - 0x2E000)|110-74
108230|code|LDR             R3, [SP,#0xE0+var_B0]|12-155
108232|code|LDR             R2, [R5,R2]; _ZNSs4_Rep20_S_empty_rep_storageE_ptr ...|170-88
108234|code|SUB.W           R0, R3, #0xC|163-241-12-0
108238|code|CMP             R0, R2|144-66
108240|code|BNE             loc_1A7A2|103-209
108242|code|LDR             R2, =(_ZTIN5YAPET14YAPETExceptionE_ptr - 0x2E000)|119-74
108244|code|MOV             R0, R8; void *|64-70
108246|code|LDR             R3, =(off_2E21C - 0x2E000)|119-75
108248|code|LDR             R1, [R5,R2]; _ZTIN5YAPET14YAPETExceptionE_ptr ; lptinfo|169-88
108250|code|LDR             R2, [R5,R3]; YAPET::YAPETException::~YAPETException() ; void (__cdecl *)(void *)|234-88
108252|code|BLX             __cxa_throw|248-247-164-233
108256|code|ADDS            R1, #5|5-49
108258|code|BEQ             loc_1A79E|92-208
108260|code|BLX             __cxa_begin_catch|247-247-192-239
108264|code|LDR             R3, [R7]|59-104
108266|code|MOV             R0, R7|56-70
108268|code|LDR             R3, [R3,#4]|91-104
108270|code|BLX             R3|152-71
108272|code|B               loc_1A68A|203-231
108274|code|MOVS            R0, #0xC; thrown_size|12-32
108276|code|ADD             R6, SP, #0xE0+var_B4|11-174
108278|code|BLX             __cxa_allocate_exception|247-247-208-239
108282|code|LDR             R1, =(aBdbufferTooBig - 0x1A700); "BDBuffer too big. Cannot assign to Reco"...|117-73
108284|code|ADD             R1, PC; "BDBuffer too big. Cannot assign to Reco"...|121-68
108286|code|MOV             R8, R0|128-70
108288|code|LDR             R0, =(aYapet - 0x1A706); "yapet"|116-72
108290|code|ADD             R0, PC; "yapet"|120-68
108292|code|BLX             dgettext|248-247-222-233
108296|code|ADD             R2, SP, #0xE0+var_AC|13-170
108298|code|MOV             R1, R0|1-70
108300|code|MOV             R0, R6|48-70
108302|code|BLX             _ZNSsC1EPKcRKSaIcE; std::string::string(char const*,std::allocator<char> const&)|248-247-174-232
108306|code|MOVS            R2, #2|2-34
108308|code|MOV             R0, R8|64-70
108310|code|MOV             R1, R6|49-70
108312|code|BL              sub_190E4|254-247-228-252
108316|code|LDR             R2, =(_ZNSs4_Rep20_S_empty_rep_storageE_ptr - 0x2E000)|88-74
108318|code|LDR             R3, [SP,#0xE0+var_B4]|11-155
108320|code|LDR             R2, [R5,R2]; _ZNSs4_Rep20_S_empty_rep_storageE_ptr ...|170-88
108322|code|SUB.W           R0, R3, #0xC|163-241-12-0
108326|code|CMP             R0, R2|144-66
108328|code|BNE.W           loc_1A862|64-240-155-128
108332|code|LDR             R2, =(_ZTIN5YAPET14YAPETExceptionE_ptr - 0x2E000)|96-74
108334|code|MOV             R0, R8; void *|64-70
108336|code|LDR             R3, =(off_2E21C - 0x2E000)|96-75
108338|code|LDR             R1, [R5,R2]; _ZTIN5YAPET14YAPETExceptionE_ptr ; lptinfo|169-88
108340|code|LDR             R2, [R5,R3]; YAPET::YAPETException::~YAPETException() ; void (__cdecl *)(void *)|234-88
108342|code|BLX             __cxa_throw|248-247-120-233
108346|code|MOVS            R0, #0xC; thrown_size|12-32
108348|code|ADD             R6, SP, #0xE0+var_AC|13-174
108350|code|BLX             __cxa_allocate_exception|247-247-172-239
108354|code|LDR             R1, =(aMemoryExhauste - 0x1A748); "Memory exhausted"|101-73
108356|code|ADD             R1, PC; "Memory exhausted"|121-68
108358|code|MOV             R8, R0|128-70
108360|code|LDR             R0, =(aYapet - 0x1A74E); "yapet"|100-72
108362|code|ADD             R0, PC; "yapet"|120-68
108364|code|BLX             dgettext|248-247-186-233
108368|code|ADD             R2, SP, #0xE0+var_B0|12-170
108370|code|MOV             R1, R0|1-70
108372|code|MOV             R0, R6|48-70
108374|code|BLX             _ZNSsC1EPKcRKSaIcE; std::string::string(char const*,std::allocator<char> const&)|248-247-138-232
108378|code|MOV             R0, R8|64-70
108380|code|MOV             R1, R6|49-70
108382|code|BL              sub_15E40|251-247-111-251
108386|code|LDR             R2, =(_ZNSs4_Rep20_S_empty_rep_storageE_ptr - 0x2E000)|71-74
108388|code|LDR             R3, [SP,#0xE0+var_AC]|13-155
108390|code|LDR             R2, [R5,R2]; _ZNSs4_Rep20_S_empty_rep_storageE_ptr ...|170-88
108392|code|SUB.W           R0, R3, #0xC|163-241-12-0
108396|code|CMP             R0, R2|144-66
108398|code|BNE             loc_1A786|10-209
108400|code|LDR             R2, =(_ZTIN5YAPET14YAPETExceptionE_ptr - 0x2E000)|79-74
108402|code|MOV             R0, R8; void *|64-70
108404|code|LDR             R3, =(off_2E21C - 0x2E000)|79-75
108406|code|LDR             R1, [R5,R2]; _ZTIN5YAPET14YAPETExceptionE_ptr ; lptinfo|169-88
108408|code|LDR             R2, [R5,R3]; YAPET::YAPETException::~YAPETException() ; void (__cdecl *)(void *)|234-88
108410|code|BLX             __cxa_throw|248-247-86-233
108414|code|ADDS            R3, R1, #5|75-29
108416|code|BNE             loc_1A6E0|174-209
108418|code|BLX             __cxa_call_unexpected|248-247-152-232
108422|code|ADD             R1, SP, #0xE0+var_B4|11-169
108424|code|BL              sub_12B78|248-247-246-249
108428|code|B               loc_1A770|240-231
108430|code|MOV             R5, R0|5-70
108432|code|MOV             R6, R1|14-70
108434|code|MOV             R0, R8; void *|64-70
108436|code|BLX             __cxa_free_exception|247-247-202-239
108440|code|MOV             R0, R5; void *|40-70
108442|code|MOV             R1, R6|49-70
108444|code|B               loc_1A77E|239-231
108446|code|BLX             __cxa_call_unexpected|248-247-138-232
108450|code|ADD             R1, SP, #0xE0+var_B4|11-169
108452|code|BL              sub_12B78|248-247-232-249
108456|code|B               loc_1A6D2|147-231
108458|code|ADDS            R1, #4|4-49
108460|code|BNE.W           loc_1A45A|127-244-85-174
108464|code|BLX             __cxa_call_unexpected|248-247-128-232
108468|code|MOV             R4, R0|4-70
108470|code|MOV             R5, R1|13-70
108472|code|BLX             __cxa_end_catch|248-247-18-233
108476|code|MOV             R0, R4|32-70
108478|code|MOV             R1, R5|41-70
108480|code|B               loc_1A454|72-230
108482|code|BLX             __cxa_call_unexpected|248-247-120-232
108486|code|BLX             __cxa_call_unexpected|248-247-118-232
108490|code|B               loc_1A67C|87-231
108492|code|B               loc_1A676|83-231
108494|code|ADD             R1, SP, #0xE0+var_B0|12-169
108496|code|BL              sub_12B78|248-247-210-249
108500|code|B               loc_1A662|69-231
108502|code|MOV             R5, R0|5-70
108504|code|MOV             R6, R1|14-70
108506|code|MOV             R0, R8; void *|64-70
108508|code|BLX             __cxa_free_exception|247-247-166-239
108512|code|MOV             R0, R5; void *|40-70
108514|code|MOV             R1, R6|49-70
108516|code|B               loc_1A670|68-231
108518|code|MOV             R5, R0|5-70
108520|code|MOV             R6, R1|14-70
108522|code|MOV             R0, R8; void *|64-70
108524|code|BLX             __cxa_free_exception|247-247-158-239
108528|code|MOV             R0, R5|40-70
108530|code|MOV             R1, R6|49-70
108532|code|B               loc_1A6E0|116-231
108534|code|B               loc_1A6E4|117-231
108536|code|MOV             R5, R0|5-70
108538|code|MOV             R6, R1|14-70
108540|code|MOV             R0, R4; void *|32-70
108542|code|BLX             __cxa_free_exception|247-247-150-239
108546|code|MOV             R0, R5|40-70
108548|code|MOV             R1, R6|49-70
108550|code|B               loc_1A454|37-230
108552|code|MOV             R5, R0|5-70
108554|code|MOV             R6, R1|14-70
108556|code|MOV             R0, R4; void *|32-70
108558|code|BLX             _ZdlPv; operator delete(void *)|247-247-212-239
108562|code|MOV             R0, R5|40-70
108564|code|MOV             R1, R6|49-70
108566|code|B               loc_1A454|29-230
108568|code|MOV             R5, R0|5-70
108570|code|MOV             R0, R4; this|32-70
108572|code|MOV             R4, R1|12-70
108574|code|BLX             _ZNSt9exceptionD2Ev; std::exception::~exception()|248-247-46-233
108578|code|ADDS            R4, #4|4-52
108580|code|BNE.W           loc_1A45A|127-244-25-174
108584|code|MOV             R0, R5; void *|40-70
108586|code|BLX             __cxa_call_unexpected|248-247-68-232
108590|code|ADD             R1, SP, #0xE0+var_AC|13-169
108592|code|BL              sub_12B78|248-247-162-249
108596|code|B               loc_1A58A|169-230
108598|code|MOV             R4, R0|4-70
108600|code|MOV             R5, R1|13-70
108602|code|MOV             R0, R6; void *|48-70
108604|code|BLX             __cxa_free_exception|247-247-118-239
108608|code|MOV             R0, R4|32-70
108610|code|MOV             R1, R5|41-70
108612|code|B               loc_1A454|6-230
108614|code|ADD             R1, SP, #0xE0+var_AC|13-169
108616|code|BL              sub_12B78|248-247-150-249
108620|code|B               loc_1A5D6|195-230
108622|code|B               loc_1A836|242-231
108624|code|B               loc_1A7AA|171-231
108626|code|B               loc_1A818|225-231
108628|code|B               loc_1A686|23-231
108630|code|B               loc_1A7F8|207-231
108632|code|ADD             R1, SP, #0xE0+var_AC|13-169
108634|code|BL              sub_12B78|248-247-141-249
108638|code|B               loc_1A61C|221-230
108640|code|B               loc_1A836|233-231
108642|code|ADD             R1, SP, #0xE0+var_B0|12-169
108644|code|BL              sub_12B78|248-247-136-249
108648|code|B               loc_1A72C|96-231
108650|code|B               loc_1A7E6|188-231
108652|data|DCD _GLOBAL_OFFSET_TABLE_ - 0x1A220|224-61-1-0
108656|data|DCD __stack_chk_guard_ptr - 0x2E000|208-1-0-0
108660|data|DCD aErrorFinalizin_0 - 0x1A2C4; "Error finalizing decryption"|12-32-0-0
108664|data|DCD aYapet - 0x1A2CC; "yapet"|168-25-0-0
108668|data|DCD _ZTVN5YAPET14YAPETExceptionE_ptr - 0x2E000|188-1-0-0
108672|data|DCD _ZNSs4_Rep20_S_empty_rep_storageE_ptr - 0x2E000|196-1-0-0
108676|data|DCD _ZTVN5YAPET24YAPETEncryptionExceptionE_ptr - 0x2E000|0-2-0-0
108680|data|DCD _ZTIN5YAPET24YAPETEncryptionExceptionE_ptr - 0x2E000|240-1-0-0
108684|data|DCD off_2E1E0 - 0x2E000|224-1-0-0
108688|data|DCD aErrorDecryptin - 0x1A358; "Error decrypting data"|96-31-0-0
108692|data|DCD aYapet - 0x1A360; "yapet"|20-25-0-0
108696|data|DCD _ZTVN5YAPET6RecordINS_14PasswordRecordEEE_ptr - 0x2E000|244-1-0-0
108700|data|DCD __pthread_key_create_ptr - 0x2E000|236-1-0-0
108704|data|DCD aErrorInitializ - 0x1A560; "Error initializing encryption engine"|192-28-0-0
108708|data|DCD aYapet - 0x1A566; "yapet"|14-23-0-0
108712|data|DCD aErrorSettingTh - 0x1A5AC; "Error setting the key length"|156-28-0-0
108716|data|DCD aYapet - 0x1A5B2; "yapet"|194-22-0-0
108720|data|DCD _ZTIN5YAPET14YAPETExceptionE_ptr - 0x2E000|200-1-0-0
108724|data|DCD off_2E21C - 0x2E000|28-2-0-0
108728|data|DCD aIvecLengthMiss - 0x1A5F2; "IVec length missmatch"|22-28-0-0
108732|data|DCD aYapet - 0x1A5F8; "yapet"|124-22-0-0
108736|data|DCD aMemoryExhauste - 0x1A638; "Memory exhausted"|68-22-0-0
108740|data|DCD aYapet - 0x1A63E; "yapet"|54-22-0-0
108744|data|DCD aBdbufferTooSma - 0x1A6A8; "BDBuffer too small. Cannot assign to Re"...|68-28-0-0
108748|data|DCD aYapet - 0x1A6AE; "yapet"|198-21-0-0
108752|data|DCD aBdbufferTooBig - 0x1A700; "BDBuffer too big. Cannot assign to Reco"...|28-28-0-0
108756|data|DCD aYapet - 0x1A706; "yapet"|110-21-0-0
108760|data|DCD aMemoryExhauste - 0x1A748; "Memory exhausted"|52-21-0-0
108764|data|DCD aYapet - 0x1A74E; "yapet"|38-21-0-0
108768|code|PUSH.W          {R4-R8,LR}|45-233-240-65
108772|code|ADD.W           R7, R0, #0xC|0-241-12-7
108776|code|LDR             R6, =(_GLOBAL_OFFSET_TABLE_ - 0x1A8F4)|102-78
108778|code|MOV             R4, R0|4-70
108780|code|LDR             R2, =(__stack_chk_guard_ptr - 0x2E000)|102-74
108782|code|SUB             SP, SP, #0xA8|170-176
108784|code|ADD             R6, PC; _GLOBAL_OFFSET_TABLE_|126-68
108786|code|MOVS            R3, #0|0-35
108788|code|MOV             R0, R7|56-70
108790|code|LDR.W           R8, [R6,R2]; __stack_chk_guard|86-248-2-128
108794|code|STR             R3, [R4,#4]|99-96
108796|code|STR             R3, [R4,#8]|163-96
108798|code|LDR.W           R2, [R8]|216-248-0-32
108802|code|STR             R3, [R4]|35-96
108804|code|STR             R2, [SP,#0xC0+var_1C]|41-146
108806|code|BL              sub_15D68|251-247-47-250
108810|code|BLX             EVP_bf_cbc|248-247-166-232
108814|code|STR             R0, [R4]|32-96
108816|code|CBZ             R0, loc_1A962|56-179
108818|code|ADD             R5, SP, #0xC0+var_A8|6-173
108820|code|MOV             R0, R5|40-70
108822|code|BLX             EVP_CIPHER_CTX_init|247-247-54-239
108826|code|MOVS            R2, #0|0-34
108828|code|LDR             R1, [R4]|33-104
108830|code|MOV             R3, R2|19-70
108832|code|STR             R2, [SP,#0xC0+var_C0]|0-146
108834|code|STR             R2, [SP,#0xC0+var_BC]|1-146
108836|code|MOV             R0, R5|40-70
108838|code|BLX             EVP_CipherInit_ex|248-247-104-232
108842|code|CMP             R0, #0|0-40
108844|code|BEQ             loc_1AA0C|110-208
108846|code|MOV             R0, R5|40-70
108848|code|MOVS            R1, #0x38 ; '8'|56-33
108850|code|BLX             EVP_CIPHER_CTX_set_key_length|248-247-8-232
108854|code|CMP             R0, #0|0-40
108856|code|BEQ             loc_1A9C2|67-208
108858|code|MOV             R0, R5|40-70
108860|code|BLX             EVP_CIPHER_CTX_iv_length|247-247-202-238
108864|code|STR             R0, [R4,#4]|96-96
108866|code|MOV             R0, R5|40-70
108868|code|BLX             EVP_CIPHER_CTX_key_length|247-247-42-239
108872|code|STR             R0, [R4,#8]|160-96
108874|code|MOV             R0, R5|40-70
108876|code|BLX             EVP_CIPHER_CTX_cleanup|247-247-160-239
108880|code|LDR             R2, [SP,#0xC0+var_1C]|41-154
108882|code|MOV             R0, R4|32-70
108884|code|LDR.W           R3, [R8]|216-248-0-48
108888|code|CMP             R2, R3|154-66
108890|code|BNE             loc_1A9BE|48-209
108892|code|ADD             SP, SP, #0xA8|42-176
108894|code|POP.W           {R4-R8,PC}|189-232-240-129
108898|code|MOVS            R0, #0xC; thrown_size|12-32
108900|code|ADD.W           R4, SP, R0|13-235-0-4
108904|code|BLX             __cxa_allocate_exception|247-247-150-238
108908|code|LDR             R1, =(aUnableToGetCip - 0x1A972); "Unable to get cipher"|71-73
108910|code|ADD             R1, PC; "Unable to get cipher"|121-68
108912|code|MOV             R5, R0|5-70
108914|code|LDR             R0, =(aYapet - 0x1A978); "yapet"|71-72
108916|code|ADD             R0, PC; "yapet"|120-68
108918|code|BLX             dgettext|248-247-166-232
108922|code|ADD             R2, SP, #0xC0+var_B0|4-170
108924|code|MOV             R1, R0|1-70
108926|code|MOV             R0, R4|32-70
108928|code|BLX             _ZNSsC1EPKcRKSaIcE; std::string::string(char const*,std::allocator<char> const&)|247-247-116-239
108932|code|MOV             R0, R5|40-70
108934|code|MOV             R1, R4|33-70
108936|code|BL              sub_15E40|251-247-90-250
108940|code|LDR             R2, =(_ZNSs4_Rep20_S_empty_rep_storageE_ptr - 0x2E000)|65-74
108942|code|LDR             R3, [SP,#0xC0+var_B4]|3-155
108944|code|LDR             R2, [R6,R2]; _ZNSs4_Rep20_S_empty_rep_storageE_ptr ...|178-88
108946|code|SUB.W           R0, R3, #0xC|163-241-12-0
108950|code|CMP             R0, R2|144-66
108952|code|BNE             loc_1AA74|108-209
108954|code|LDR             R2, =(_ZTIN5YAPET14YAPETExceptionE_ptr - 0x2E000)|63-74
108956|code|MOV             R0, R5; void *|40-70
108958|code|LDR             R3, =(off_2E21C - 0x2E000)|63-75
108960|code|LDR             R1, [R6,R2]; _ZTIN5YAPET14YAPETExceptionE_ptr ; lptinfo|177-88
108962|code|LDR             R2, [R6,R3]; YAPET::YAPETException::~YAPETException() ; void (__cdecl *)(void *)|242-88
108964|code|BLX             __cxa_throw|248-247-64-232
108968|code|MOV             R4, R0|4-70
108970|code|MOV             R5, R1|13-70
108972|code|MOV             R0, R7|56-70
108974|code|BL              sub_15DB4|251-247-1-250
108978|code|MOV             R0, R4; void *|32-70
108980|code|MOV             R1, R5|41-70
108982|code|ADDS            R1, #1|1-49
108984|code|BEQ             loc_1AA80|98-208
108986|code|BLX             __cxa_end_cleanup|247-247-76-239
108990|code|BLX             __stack_chk_fail|247-247-68-239
108994|code|MOV             R0, R5|40-70
108996|code|BLX             EVP_CIPHER_CTX_cleanup|247-247-100-239
109000|code|MOVS            R0, #0xC; thrown_size|12-32
109002|code|ADD             R4, SP, #0xC0+var_AC|5-172
109004|code|BLX             __cxa_allocate_exception|247-247-100-238
109008|code|LDR             R1, =(aErrorSettingTh - 0x1A9D6); "Error setting the key length"|51-73
109010|code|ADD             R1, PC; "Error setting the key length"|121-68
109012|code|MOV             R5, R0|5-70
109014|code|LDR             R0, =(aYapet - 0x1A9DC); "yapet"|51-72
109016|code|ADD             R0, PC; "yapet"|120-68
109018|code|BLX             dgettext|248-247-116-232
109022|code|ADD             R2, SP, #0xC0+var_B4|3-170
109024|code|MOV             R1, R0|1-70
109026|code|MOV             R0, R4|32-70
109028|code|BLX             _ZNSsC1EPKcRKSaIcE; std::string::string(char const*,std::allocator<char> const&)|247-247-66-239
109032|code|MOV             R0, R5|40-70
109034|code|MOV             R1, R4|33-70
109036|code|BL              sub_15E40|251-247-40-250
109040|code|LDR             R2, =(_ZNSs4_Rep20_S_empty_rep_storageE_ptr - 0x2E000)|40-74
109042|code|LDR             R3, [SP,#0xC0+var_AC]|5-155
109044|code|LDR             R2, [R6,R2]; _ZNSs4_Rep20_S_empty_rep_storageE_ptr ...|178-88
109046|code|SUB.W           R0, R3, #0xC|163-241-12-0
109050|code|CMP             R0, R2|144-66
109052|code|BNE             loc_1AA56|43-209
109054|code|LDR             R2, =(_ZTIN5YAPET14YAPETExceptionE_ptr - 0x2E000)|38-74
109056|code|MOV             R0, R5; void *|40-70
109058|code|LDR             R3, =(off_2E21C - 0x2E000)|38-75
109060|code|LDR             R1, [R6,R2]; _ZTIN5YAPET14YAPETExceptionE_ptr ; lptinfo|177-88
109062|code|LDR             R2, [R6,R3]; YAPET::YAPETException::~YAPETException() ; void (__cdecl *)(void *)|242-88
109064|code|BLX             __cxa_throw|248-247-14-232
109068|code|MOV             R0, R5|40-70
109070|code|BLX             EVP_CIPHER_CTX_cleanup|247-247-64-239
109074|code|MOVS            R0, #0xC; thrown_size|12-32
109076|code|ADD             R4, SP, #0xC0+var_B0|4-172
109078|code|BLX             __cxa_allocate_exception|247-247-64-238
109082|code|LDR             R1, =(aErrorInitializ_0 - 0x1AA20); "Error initializing cipher"|35-73
109084|code|ADD             R1, PC; "Error initializing cipher"|121-68
109086|code|MOV             R5, R0|5-70
109088|code|LDR             R0, =(aYapet - 0x1AA26); "yapet"|34-72
109090|code|ADD             R0, PC; "yapet"|120-68
109092|code|BLX             dgettext|248-247-78-232
109096|code|ADD             R2, SP, #0xC0+var_B4|3-170
109098|code|MOV             R1, R0|1-70
109100|code|MOV             R0, R4|32-70
109102|code|BLX             _ZNSsC1EPKcRKSaIcE; std::string::string(char const*,std::allocator<char> const&)|247-247-30-239
109106|code|MOV             R0, R5|40-70
109108|code|MOV             R1, R4|33-70
109110|code|BL              sub_15E40|251-247-3-250
109114|code|LDR             R2, =(_ZNSs4_Rep20_S_empty_rep_storageE_ptr - 0x2E000)|22-74
109116|code|LDR             R3, [SP,#0xC0+var_B0]|4-155
109118|code|LDR             R2, [R6,R2]; _ZNSs4_Rep20_S_empty_rep_storageE_ptr ...|178-88
109120|code|SUB.W           R0, R3, #0xC|163-241-12-0
109124|code|CMP             R0, R2|144-66
109126|code|BNE             loc_1AA6A|16-209
109128|code|LDR             R2, =(_ZTIN5YAPET14YAPETExceptionE_ptr - 0x2E000)|19-74
109130|code|MOV             R0, R5; void *|40-70
109132|code|LDR             R3, =(off_2E21C - 0x2E000)|19-75
109134|code|LDR             R1, [R6,R2]; _ZTIN5YAPET14YAPETExceptionE_ptr ; lptinfo|177-88
109136|code|LDR             R2, [R6,R3]; YAPET::YAPETException::~YAPETException() ; void (__cdecl *)(void *)|242-88
109138|code|BLX             __cxa_throw|247-247-234-239
109142|code|ADD             R1, SP, #0xC0+var_B0|4-169
109144|code|BL              sub_12BC4|248-247-180-248
109148|code|B               loc_1A9FE|207-231
109150|code|MOV             R4, R0|4-70
109152|code|MOV             R0, R5; void *|40-70
109154|code|MOV             R5, R1|13-70
109156|code|BLX             __cxa_free_exception|247-247-98-238
109160|code|B               loc_1A9AC|160-231
109162|code|ADD             R1, SP, #0xC0+var_AC|5-169
109164|code|BL              sub_12BC4|248-247-170-248
109168|code|B               loc_1AA48|234-231
109170|code|B               loc_1AA5E|244-231
109172|code|ADD             R1, SP, #0xC0+var_AC|5-169
109174|code|BL              sub_12BC4|248-247-165-248
109178|code|B               loc_1A99A|142-231
109180|code|B               loc_1AA5E|239-231
109182|code|B               loc_1A9B6|154-231
109184|code|BLX             __cxa_call_unexpected|247-247-24-239
109188|data|DCD _GLOBAL_OFFSET_TABLE_ - 0x1A8F4|12-55-1-0
109192|data|DCD __stack_chk_guard_ptr - 0x2E000|208-1-0-0
109196|data|DCD aUnableToGetCip - 0x1A972; "Unable to get cipher"|114-26-0-0
109200|data|DCD aYapet - 0x1A978; "yapet"|252-18-0-0
109204|data|DCD _ZNSs4_Rep20_S_empty_rep_storageE_ptr - 0x2E000|196-1-0-0
109208|data|DCD _ZTIN5YAPET14YAPETExceptionE_ptr - 0x2E000|200-1-0-0
109212|data|DCD off_2E21C - 0x2E000|28-2-0-0
109216|data|DCD aErrorSettingTh - 0x1A9D6; "Error setting the key length"|114-24-0-0
109220|data|DCD aYapet - 0x1A9DC; "yapet"|152-18-0-0
109224|data|DCD aErrorInitializ_0 - 0x1AA20; "Error initializing cipher"|220-25-0-0
109228|data|DCD aYapet - 0x1AA26; "yapet"|78-18-0-0
109232|code|PUSH            {R3-R5,LR}|56-181
109234|code|MOV             R3, R1|11-70
109236|code|LDR             R5, [R1]|13-104
109238|code|MOV             R4, R0|4-70
109240|code|LDR             R2, [R3,#4]|90-104
109242|code|ADDS            R1, #0xC|12-49
109244|code|LDR             R3, [R3,#8]|155-104
109246|code|ADDS            R0, #0xC|12-48
109248|code|STR             R5, [R4]|37-96
109250|code|STR             R2, [R4,#4]|98-96
109252|code|STR             R3, [R4,#8]|163-96
109254|code|BL              sub_15D68|251-247-79-249
109258|code|MOV             R0, R4|32-70
109260|code|POP             {R3-R5,PC}|56-189
109262|data|ALIGN 0x10|0-191
109264|code|CMP             R0, R1|136-66
109266|code|PUSH            {R4-R6,LR}|112-181
109268|code|MOV             R4, R0|4-70
109270|code|BEQ             loc_1AAF0|11-208
109272|code|MOV             R3, R1|11-70
109274|code|LDR             R6, [R1,#4]|78-104
109276|code|LDR.W           R2, [R3],#0xC|83-248-12-43
109280|code|LDR             R5, [R1,#8]|141-104
109282|code|STR             R6, [R4,#4]|102-96
109284|code|MOV             R1, R3|25-70
109286|code|STR             R5, [R4,#8]|165-96
109288|code|STR.W           R2, [R0],#0xC|64-248-12-43
109292|code|BL              sub_15DC0|251-247-104-249
109296|code|MOV             R0, R4|32-70
109298|code|POP             {R4-R6,PC}|112-189
109300|code|PUSH            {R4-R6,LR}|112-181
109302|code|SUB             SP, SP, #0x10|132-176
109304|code|LDR             R4, =(_GLOBAL_OFFSET_TABLE_ - 0x1AB02)|42-76
109306|code|MOV             R0, R1; size|8-70
109308|code|LDR             R3, =(__stack_chk_guard_ptr - 0x2E000)|42-75
109310|code|ADD             R4, PC; _GLOBAL_OFFSET_TABLE_|124-68
109312|code|LDR             R5, [R4,R3]; __stack_chk_guard|229-88
109314|code|LDR             R3, [R5]|43-104
109316|code|STR             R3, [SP,#0x20+var_14]|3-147
109318|code|BLX             malloc|247-247-48-239
109322|code|CBZ             R0, loc_1AB18|40-177
109324|code|LDR             R2, [SP,#0x20+var_14]|3-154
109326|code|LDR             R3, [R5]|43-104
109328|code|CMP             R2, R3|154-66
109330|code|BNE             loc_1AB70|45-209
109332|code|ADD             SP, SP, #0x10|4-176
109334|code|POP             {R4-R6,PC}|112-189
109336|code|MOVS            R0, #0xC; thrown_size|12-32
109338|code|ADD             R6, SP, #0x20+var_18|2-174
109340|code|BLX             __cxa_allocate_exception|247-247-188-237
109344|code|LDR             R1, =(aMemoryExhauste - 0x1AB26); "Memory exhausted"|34-73
109346|code|ADD             R1, PC; "Memory exhausted"|121-68
109348|code|MOV             R5, R0|5-70
109350|code|LDR             R0, =(aYapet - 0x1AB2C); "yapet"|34-72
109352|code|ADD             R0, PC; "yapet"|120-68
109354|code|BLX             dgettext|247-247-204-239
109358|code|MOV             R2, SP|106-70
109360|code|MOV             R1, R0|1-70
109362|code|MOV             R0, R6|48-70
109364|code|BLX             _ZNSsC1EPKcRKSaIcE; std::string::string(char const*,std::allocator<char> const&)|247-247-154-238
109368|code|LDR             R3, =(_ZTVN5YAPET14YAPETExceptionE_ptr - 0x2E000)|30-75
109370|code|MOVS            R2, #0xFF|255-34
109372|code|MOV             R1, R6; std::string *|49-70
109374|code|ADD.W           R0, R5, #8; this|5-241-8-0
109378|code|LDR             R3, [R4,R3]; _ZTVN5YAPET14YAPETExceptionE_ptr ...|227-88
109380|code|STR             R2, [R5,#4]|106-96
109382|code|ADDS            R3, #8|8-51
109384|code|STR             R3, [R5]|43-96
109386|code|BLX             _ZNSsC1ERKSs; std::string::string(std::string const&)|247-247-190-237
109390|code|LDR             R3, =(_ZNSs4_Rep20_S_empty_rep_storageE_ptr - 0x2E000)|26-75
109392|code|LDR             R0, [SP,#0x20+var_18]|2-152
109394|code|LDR             R3, [R4,R3]; _ZNSs4_Rep20_S_empty_rep_storageE_ptr ...|227-88
109396|code|SUBS            R0, #0xC|12-56
109398|code|CMP             R0, R3|152-66
109400|code|BNE             loc_1AB74|12-209
109402|code|LDR             R2, =(_ZTIN5YAPET14YAPETExceptionE_ptr - 0x2E000)|24-74
109404|code|MOV             R0, R5; void *|40-70
109406|code|LDR             R3, =(off_2E21C - 0x2E000)|24-75
109408|code|LDR             R1, [R4,R2]; _ZTIN5YAPET14YAPETExceptionE_ptr ; lptinfo|161-88
109410|code|LDR             R2, [R4,R3]; YAPET::YAPETException::~YAPETException() ; void (__cdecl *)(void *)|226-88
109412|code|BLX             __cxa_throw|247-247-96-239
109416|code|ADDS            R1, #1|1-49
109418|code|BEQ             loc_1ABA0|25-208
109420|code|BLX             __cxa_end_cleanup|247-247-114-238
109424|code|BLX             __stack_chk_fail|247-247-106-238
109428|code|ADD             R1, SP, #0x20+var_1C|1-169
109430|code|BL              sub_12C10|248-247-75-248
109434|code|B               loc_1AB5A|238-231
109436|code|MOV             R4, R0|4-70
109438|code|MOV             R0, R5; this|40-70
109440|code|MOV             R5, R1|13-70
109442|code|BLX             _ZNSt9exceptionD2Ev; std::exception::~exception()|247-247-124-239
109446|code|ADDS            R5, #3|3-53
109448|code|BNE             loc_1AB6C|240-209
109450|code|MOV             R0, R4; void *|32-70
109452|code|BLX             __cxa_call_unexpected|247-247-146-238
109456|code|MOV             R4, R0|4-70
109458|code|MOV             R6, R1|14-70
109460|code|MOV             R0, R5; void *|40-70
109462|code|BLX             __cxa_free_exception|247-247-202-237
109466|code|MOV             R0, R4; void *|32-70
109468|code|MOV             R1, R6|49-70
109470|code|B               loc_1AB68|227-231
109472|code|BLX             __cxa_call_unexpected|247-247-136-238
109476|data|DCD _GLOBAL_OFFSET_TABLE_ - 0x1AB02|254-52-1-0
109480|data|DCD __stack_chk_guard_ptr - 0x2E000|208-1-0-0
109484|data|DCD aMemoryExhauste - 0x1AB26; "Memory exhausted"|86-17-0-0
109488|data|DCD aYapet - 0x1AB2C; "yapet"|72-17-0-0
109492|data|DCD _ZTVN5YAPET14YAPETExceptionE_ptr - 0x2E000|188-1-0-0
109496|data|DCD _ZNSs4_Rep20_S_empty_rep_storageE_ptr - 0x2E000|196-1-0-0
109500|data|DCD _ZTIN5YAPET14YAPETExceptionE_ptr - 0x2E000|200-1-0-0
109504|data|DCD off_2E21C - 0x2E000|28-2-0-0
109508|code|PUSH            {R4,LR}|16-181
109510|code|MOV             R4, R1|12-70
109512|code|MOV             R0, R4; s|32-70
109514|code|MOVS            R1, #0; c|0-33
109516|code|BLX             memset|247-247-142-237
109520|code|MOV             R0, R4; ptr|32-70
109522|code|POP.W           {R4,LR}|189-232-16-64
109526|code|B.W             j_free|247-247-45-189
109530|data|ALIGN 4|0-191
109532|code|PUSH            {R4,LR}|16-181
109534|code|MOV             R4, R0|4-70
109536|code|STR             R1, [R0]|1-96
109538|code|BL              sub_1AAF4|255-247-135-255
109542|code|STR             R0, [R4,#4]|96-96
109544|code|MOV             R0, R4|32-70
109546|code|POP             {R4,PC}|16-189
109548|code|ADDS            R1, #1|1-49
109550|code|BEQ             loc_1ABF4|1-208
109552|code|BLX             __cxa_end_cleanup|247-247-48-238
109556|code|BLX             __cxa_call_unexpected|247-247-94-238
109560|code|MOVS            R2, #0|0-34
109562|code|STR             R2, [R0]|2-96
109564|code|STR             R2, [R0,#4]|66-96
109566|code|BX              LR|112-71
109568|code|PUSH            {R3-R5,LR}|56-181
109570|code|MOV             R4, R1|12-70
109572|code|LDR             R3, [R1,#4]|75-104
109574|code|MOV             R5, R0|5-70
109576|code|CBZ             R3, loc_1AC22|91-177
109578|code|LDR             R1, [R1]|9-104
109580|code|BL              sub_1AAF4|255-247-114-255
109584|code|STR             R0, [R5,#4]|104-96
109586|code|LDR             R2, [R4]; n|34-104
109588|code|LDR             R1, [R4,#4]; src|97-104
109590|code|BLX             memcpy|247-247-162-238
109594|code|LDR             R3, [R4]|35-104
109596|code|MOV             R0, R5|40-70
109598|code|STR             R3, [R5]|43-96
109600|code|POP             {R3-R5,PC}|56-189
109602|code|STR             R3, [R0,#4]|67-96
109604|code|STR             R3, [R0]|3-96
109606|code|MOV             R0, R5|40-70
109608|code|POP             {R3-R5,PC}|56-189
109610|code|ADDS            R1, #1|1-49
109612|code|BEQ             loc_1AC32|1-208
109614|code|BLX             __cxa_end_cleanup|247-247-18-238
109618|code|BLX             __cxa_call_unexpected|247-247-64-238
109622|data|ALIGN 4|0-191
109624|code|LDR             R1, [R0,#4]|65-104
109626|code|PUSH            {R4,LR}|16-181
109628|code|MOV             R4, R0|4-70
109630|code|CBZ             R1, loc_1AC46|17-177
109632|code|LDR             R2, [R0]|2-104
109634|code|BL              sub_1ABC4|255-247-191-255
109638|code|MOV             R0, R4|32-70
109640|code|POP             {R4,PC}|16-189
109642|data|ALIGN 4|0-191
109644|code|LDR             R3, [R0,#4]|67-104
109646|code|PUSH            {R4-R6,LR}|112-181
109648|code|MOV             R4, R0|4-70
109650|code|MOV             R5, R1|13-70
109652|code|CBZ             R3, loc_1AC7A|139-177
109654|code|BL              sub_1AAF4|255-247-77-255
109658|code|LDR             R2, [R4]|34-104
109660|code|MOV             R6, R0|6-70
109662|code|LDR             R1, [R4,#4]; src|97-104
109664|code|CMP             R5, R2|149-66
109666|code|IT LS|152-191
109668|code|MOVLS           R2, R5; n|42-70
109670|code|BLX             memcpy|247-247-122-238
109674|code|MOV             R0, R4|32-70
109676|code|LDR             R1, [R4,#4]|97-104
109678|code|LDR             R2, [R4]|34-104
109680|code|BL              sub_1ABC4|255-247-168-255
109684|code|STM.W           R4, {R5,R6}|132-232-96-0
109688|code|POP             {R4-R6,PC}|112-189
109690|code|BL              sub_1AAF4|255-247-59-255
109694|code|STR             R0, [R4,#4]|96-96
109696|code|STR             R5, [R4]|37-96
109698|code|POP             {R4-R6,PC}|112-189
109700|code|ADDS            R1, #1|1-49
109702|code|BEQ             loc_1AC8C|1-208
109704|code|BLX             __cxa_end_cleanup|247-247-228-237
109708|code|BLX             __cxa_call_unexpected|247-247-18-238
109712|code|PUSH            {R4-R7,LR}|240-181
109714|code|SUB             SP, SP, #0x14|133-176
109716|code|LDR             R4, =(_GLOBAL_OFFSET_TABLE_ - 0x1AC9C)|43-76
109718|code|LDR             R2, =(__stack_chk_guard_ptr - 0x2E000)|44-74
109720|code|ADD             R4, PC; _GLOBAL_OFFSET_TABLE_|124-68
109722|code|LDR             R3, [R0]|3-104
109724|code|LDR             R2, [R4,R2]; __stack_chk_guard|162-88
109726|code|SUBS            R3, #1|1-59
109728|code|CMP             R3, R1|139-66
109730|code|LDR             R5, [R2]|21-104
109732|code|STR             R5, [SP,#0x28+var_1C]|3-149
109734|code|BCC             loc_1ACB8|7-211
109736|code|LDR             R4, [SP,#0x28+var_1C]|3-156
109738|code|LDR             R3, [R2]|19-104
109740|code|LDR             R0, [R0,#4]|64-104
109742|code|CMP             R4, R3|156-66
109744|code|ADD             R0, R1|8-68
109746|code|BNE             loc_1AD04|39-209
109748|code|ADD             SP, SP, #0x14|5-176
109750|code|POP             {R4-R7,PC}|240-189
109752|code|MOVS            R0, #8; thrown_size|8-32
109754|code|ADD.W           R5, SP, R0|13-235-0-5
109758|code|BLX             __cxa_allocate_exception|247-247-236-236
109762|code|LDR             R1, =(aPositionOutOfR - 0x1ACC8); "Position out of range"|34-73
109764|code|ADD             R1, PC; "Position out of range"|121-68
109766|code|MOV             R7, R0|7-70
109768|code|LDR             R0, =(aYapet - 0x1ACCE); "yapet"|33-72
109770|code|ADD             R0, PC; "yapet"|120-68
109772|code|BLX             dgettext|247-247-250-238
109776|code|MOV             R2, SP|106-70
109778|code|MOV             R1, R0|1-70
109780|code|MOV             R0, R5|40-70
109782|code|BLX             _ZNSsC1EPKcRKSaIcE; std::string::string(char const*,std::allocator<char> const&)|247-247-202-237
109786|code|MOV             R0, R7; this|56-70
109788|code|MOV             R1, R5; std::string *|41-70
109790|code|BLX             _ZNSt12out_of_rangeC1ERKSs; std::out_of_range::out_of_range(std::string const&)|247-247-240-237
109794|code|LDR             R3, =(_ZNSs4_Rep20_S_empty_rep_storageE_ptr - 0x2E000)|28-75
109796|code|LDR             R0, [SP,#0x28+var_20]|2-152
109798|code|LDR             R3, [R4,R3]; _ZNSs4_Rep20_S_empty_rep_storageE_ptr ...|227-88
109800|code|SUBS            R0, #0xC|12-56
109802|code|CMP             R0, R3|152-66
109804|code|BNE             loc_1AD08|12-209
109806|code|LDR             R2, =(_ZTISt12out_of_range_ptr - 0x2E000)|26-74
109808|code|MOV             R0, R7; void *|56-70
109810|code|LDR             R3, =(_ZNSt12out_of_rangeD1Ev_ptr - 0x2E000)|26-75
109812|code|LDR             R1, [R4,R2]; _ZTISt12out_of_range_ptr ; lptinfo|161-88
109814|code|LDR             R2, [R4,R3]; _ZNSt12out_of_rangeD1Ev_ptr ; void (__cdecl *)(void *)|226-88
109816|code|BLX             __cxa_throw|247-247-150-238
109820|code|ADDS            R1, #1|1-49
109822|code|BEQ             loc_1AD3E|30-208
109824|code|BLX             __cxa_end_cleanup|247-247-168-237
109828|code|BLX             __stack_chk_fail|247-247-160-237
109832|code|ADD             R1, SP, #0x28+var_24|1-169
109834|code|BL              sub_12C10|247-247-129-255
109838|code|B               loc_1ACEE|238-231
109840|code|LDR             R2, =(_ZNSs4_Rep20_S_empty_rep_storageE_ptr - 0x2E000)|16-74
109842|code|MOV             R5, R0|5-70
109844|code|LDR             R3, [SP,#0x28+var_20]|2-155
109846|code|MOV             R6, R1|14-70
109848|code|LDR             R2, [R4,R2]|162-88
109850|code|SUB.W           R0, R3, #0xC|163-241-12-0
109854|code|CMP             R0, R2|144-66
109856|code|BEQ             loc_1AD28|2-208
109858|code|ADD             R1, SP, #0x28+var_24|1-169
109860|code|BL              sub_12C10|247-247-116-255
109864|code|MOV             R4, R5|44-70
109866|code|MOV             R5, R6|53-70
109868|code|MOV             R0, R7; void *|56-70
109870|code|BLX             __cxa_free_exception|247-247-254-236
109874|code|MOV             R0, R4; void *|32-70
109876|code|MOV             R1, R5|41-70
109878|code|B               loc_1ACFC|225-231
109880|code|MOV             R4, R0|4-70
109882|code|MOV             R5, R1|13-70
109884|code|B               loc_1AD2C|246-231
109886|code|BLX             __cxa_call_unexpected|247-247-186-237
109890|data|ALIGN 4|0-191
109892|data|DCD _GLOBAL_OFFSET_TABLE_ - 0x1AC9C|100-51-1-0
109896|data|DCD __stack_chk_guard_ptr - 0x2E000|208-1-0-0
109900|data|DCD aPositionOutOfR - 0x1ACC8; "Position out of range"|80-23-0-0
109904|data|DCD aYapet - 0x1ACCE; "yapet"|166-15-0-0
109908|data|DCD _ZNSs4_Rep20_S_empty_rep_storageE_ptr - 0x2E000|196-1-0-0
109912|data|DCD _ZTISt12out_of_range_ptr - 0x2E000|4-2-0-0
109916|data|DCD _ZNSt12out_of_rangeD1Ev_ptr - 0x2E000|252-1-0-0
109920|code|PUSH            {R4-R7,LR}|240-181
109922|code|SUB             SP, SP, #0x14|133-176
109924|code|LDR             R4, =(_GLOBAL_OFFSET_TABLE_ - 0x1AD6C)|43-76
109926|code|LDR             R2, =(__stack_chk_guard_ptr - 0x2E000)|44-74
109928|code|ADD             R4, PC; _GLOBAL_OFFSET_TABLE_|124-68
109930|code|LDR             R3, [R0]|3-104
109932|code|LDR             R2, [R4,R2]; __stack_chk_guard|162-88
109934|code|SUBS            R3, #1|1-59
109936|code|CMP             R3, R1|139-66
109938|code|LDR             R5, [R2]|21-104
109940|code|STR             R5, [SP,#0xC]|3-149
109942|code|BCC             loc_1AD88|7-211
109944|code|LDR             R4, [SP,#0xC]|3-156
109946|code|LDR             R3, [R2]|19-104
109948|code|LDR             R0, [R0,#4]|64-104
109950|code|CMP             R4, R3|156-66
109952|code|ADD             R0, R1|8-68
109954|code|BNE             loc_1ADD4|39-209
109956|code|ADD             SP, SP, #0x14|5-176
109958|code|POP             {R4-R7,PC}|240-189
109960|code|MOVS            R0, #8|8-32
109962|code|ADD.W           R5, SP, R0|13-235-0-5
109966|code|BLX             __cxa_allocate_exception|247-247-132-236
109970|code|LDR             R1, =(aPositionOutOfR - 0x1AD98); "Position out of range"|34-73
109972|code|ADD             R1, PC; "Position out of range"|121-68
109974|code|MOV             R7, R0|7-70
109976|code|LDR             R0, =(aYapet - 0x1AD9E); "yapet"|33-72
109978|code|ADD             R0, PC; "yapet"|120-68
109980|code|BLX             dgettext|247-247-146-238
109984|code|MOV             R2, SP|106-70
109986|code|MOV             R1, R0|1-70
109988|code|MOV             R0, R5|40-70
109990|code|BLX             _ZNSsC1EPKcRKSaIcE; std::string::string(char const*,std::allocator<char> const&)|247-247-98-237
109994|code|MOV             R0, R7|56-70
109996|code|MOV             R1, R5|41-70
109998|code|BLX             _ZNSt12out_of_rangeC1ERKSs; std::out_of_range::out_of_range(std::string const&)|247-247-136-237
110002|code|LDR             R3, =(_ZNSs4_Rep20_S_empty_rep_storageE_ptr - 0x2E000)|28-75
110004|code|LDR             R0, [SP,#8]|2-152
110006|code|LDR             R3, [R4,R3]; _ZNSs4_Rep20_S_empty_rep_storageE_ptr ...|227-88
110008|code|SUBS            R0, #0xC|12-56
110010|code|CMP             R0, R3|152-66
110012|code|BNE             loc_1ADD8|12-209
110014|code|LDR             R2, =(_ZTISt12out_of_range_ptr - 0x2E000)|26-74
110016|code|MOV             R0, R7|56-70
110018|code|LDR             R3, =(_ZNSt12out_of_rangeD1Ev_ptr - 0x2E000)|26-75
110020|code|LDR             R1, [R4,R2]; _ZTISt12out_of_range_ptr ...|161-88
110022|code|LDR             R2, [R4,R3]; _ZNSt12out_of_rangeD1Ev_ptr ...|226-88
110024|code|BLX             __cxa_throw|247-247-46-238
110028|code|ADDS            R1, #1|1-49
110030|code|BEQ             loc_1AE0E|30-208
110032|code|BLX             __cxa_end_cleanup|247-247-64-237
110036|code|BLX             __stack_chk_fail|247-247-56-237
110040|code|ADD             R1, SP, #4|1-169
110042|code|BL              sub_12C10|247-247-25-255
110046|code|B               loc_1ADBE|238-231
110048|code|LDR             R2, =(_ZNSs4_Rep20_S_empty_rep_storageE_ptr - 0x2E000)|16-74
110050|code|MOV             R5, R0|5-70
110052|code|LDR             R3, [SP,#8]|2-155
110054|code|MOV             R6, R1|14-70
110056|code|LDR             R2, [R4,R2]|162-88
110058|code|SUB.W           R0, R3, #0xC|163-241-12-0
110062|code|CMP             R0, R2|144-66
110064|code|BEQ             loc_1ADF8|2-208
110066|code|ADD             R1, SP, #4|1-169
110068|code|BL              sub_12C10|247-247-12-255
110072|code|MOV             R4, R5|44-70
110074|code|MOV             R5, R6|53-70
110076|code|MOV             R0, R7|56-70
110078|code|BLX             __cxa_free_exception|247-247-150-236
110082|code|MOV             R0, R4|32-70
110084|code|MOV             R1, R5|41-70
110086|code|B               loc_1ADCC|225-231
110088|code|MOV             R4, R0|4-70
110090|code|MOV             R5, R1|13-70
110092|code|B               loc_1ADFC|246-231
110094|code|BLX             __cxa_call_unexpected|247-247-82-237
110098|data|ALIGN 4|0-191
110100|data|DCD _GLOBAL_OFFSET_TABLE_ - 0x1AD6C|148-50-1-0
110104|data|DCD __stack_chk_guard_ptr - 0x2E000|208-1-0-0
110108|data|DCD aPositionOutOfR - 0x1AD98; "Position out of range"|128-22-0-0
110112|data|DCD aYapet - 0x1AD9E; "yapet"|214-14-0-0
110116|data|DCD _ZNSs4_Rep20_S_empty_rep_storageE_ptr - 0x2E000|196-1-0-0
110120|data|DCD _ZTISt12out_of_range_ptr - 0x2E000|4-2-0-0
110124|data|DCD _ZNSt12out_of_rangeD1Ev_ptr - 0x2E000|252-1-0-0
110128|code|CMP             R0, R1|136-66
110130|code|PUSH            {R3-R5,LR}|56-181
110132|code|MOV             R5, R1|13-70
110134|code|MOV             R4, R0|4-70
110136|code|BEQ             loc_1AE5E|17-208
110138|code|LDR             R1, [R0,#4]|65-104
110140|code|CBZ             R1, loc_1AE44|17-177
110142|code|LDR             R2, [R0]|2-104
110144|code|BL              sub_1ABC4|255-247-192-254
110148|code|LDR             R3, [R5,#4]|107-104
110150|code|CBZ             R3, loc_1AE62|99-177
110152|code|LDR             R1, [R5]|41-104
110154|code|MOV             R0, R4|32-70
110156|code|BL              sub_1AAF4|255-247-82-254
110160|code|LDR             R2, [R5]; n|42-104
110162|code|STR             R0, [R4,#4]|96-96
110164|code|LDR             R1, [R5,#4]; src|105-104
110166|code|BLX             memcpy|247-247-130-237
110170|code|LDR             R3, [R5]|43-104
110172|code|STR             R3, [R4]|35-96
110174|code|MOV             R0, R4|32-70
110176|code|POP             {R3-R5,PC}|56-189
110178|code|STR             R3, [R4,#4]|99-96
110180|code|B               loc_1AE5A|249-231
110182|data|ALIGN 4|0-191
110184|code|PUSH            {R4,LR}|16-181
110186|code|MOV             R4, R0|4-70
110188|code|ADDS            R0, #0x80|128-48
110190|code|BL              sub_1ABF8|255-247-195-254
110194|code|MOV             R0, R4|32-70
110196|code|MOVS            R1, #0|0-33
110198|code|MOVS            R2, #0x80|128-34
110200|code|BLX             memset|247-247-56-236
110204|code|MOV             R0, R4|32-70
110206|code|POP             {R4,PC}|16-189
110208|code|PUSH            {R3-R5,LR}|56-181
110210|code|MOV             R4, R0|4-70
110212|code|MOV             R5, R1|13-70
110214|code|ADDS            R0, #0x80|128-48
110216|code|ADDS            R1, #0x80|128-49
110218|code|BL              sub_1AC00|255-247-185-254
110222|code|MOV             R0, R4; dest|32-70
110224|code|MOV             R1, R5; src|41-70
110226|code|MOVS            R2, #0x80; n|128-34
110228|code|BLX             memcpy|247-247-98-237
110232|code|MOV             R0, R4|32-70
110234|code|POP             {R3-R5,PC}|56-189
110236|code|PUSH            {R4,LR}|16-181
110238|code|MOVS            R1, #0; c|0-33
110240|code|MOVS            R2, #0x80; n|128-34
110242|code|MOV             R4, R0|4-70
110244|code|BLX             memset|247-247-34-236
110248|code|ADD.W           R0, R4, #0x80|4-241-128-0
110252|code|BL              sub_1AC38|255-247-196-254
110256|code|MOV             R0, R4|32-70
110258|code|POP             {R4,PC}|16-189
110260|code|PUSH.W          {R4-R11,LR}|45-233-240-79
110264|code|SUB             SP, SP, #0x104|193-176
110266|code|LDR.W           R4, =(_GLOBAL_OFFSET_TABLE_ - 0x1AECA)|223-248-92-68
110270|code|MOV             R5, R2|21-70
110272|code|LDR.W           R3, =(__stack_chk_guard_ptr - 0x2E000)|223-248-88-52
110276|code|MOV             R6, R1|14-70
110278|code|ADD             R4, PC; _GLOBAL_OFFSET_TABLE_|124-68
110280|code|LDR             R1, [R1,#8]; src|137-104
110282|code|MOVS            R2, #0x80; n|128-34
110284|code|MOV             R8, R0|128-70
110286|code|LDR.W           R10, [R4,R3]; __stack_chk_guard|84-248-3-160
110290|code|LDR.W           R3, [R10]|218-248-0-48
110294|code|STR             R3, [SP,#0x128+var_2C]|63-147
110296|code|BLX             memcpy|247-247-64-237
110300|code|MOV             R1, R5|41-70
110302|code|ADD             R0, SP, #0x128+var_104|9-168
110304|code|BL              sub_1A8E0|255-247-254-252
110308|code|LDR             R3, [SP,#0x128+var_100]|10-155
110310|code|CMP             R3, #8|8-43
110312|code|BNE.W           loc_1B240|64-240-170-129
110316|code|ADD             R5, SP, #0x128+var_B8|28-173
110318|code|ADD.W           R9, SP, #0x128+var_F8|13-241-48-9
110322|code|MOV             R0, R5|40-70
110324|code|BLX             EVP_CIPHER_CTX_init|247-247-70-236
110328|code|ADD.W           R9, SP, #0x128+var_F8|13-241-48-9
110332|code|ADD             R2, SP, #0x128+var_C0|26-170
110334|code|LDR             R1, [SP,#0x128+var_104]|9-153
110336|code|MOV             R0, R5|40-70
110338|code|STR             R2, [SP,#0x128+var_128]|0-146
110340|code|MOV             R3, R9|75-70
110342|code|MOVS            R2, #0|0-34
110344|code|BLX             EVP_EncryptInit_ex|247-247-82-237
110348|code|CMP             R0, #0|0-40
110350|code|BEQ.W           loc_1B1AA|0-240-76-129
110354|code|MOV             R0, R5|40-70
110356|code|MOVS            R1, #0x38 ; '8'|56-33
110358|code|BLX             EVP_CIPHER_CTX_set_key_length|247-247-22-237
110362|code|CMP             R0, #0|0-40
110364|code|BEQ.W           loc_1B1F6|0-240-107-129
110368|code|LDR             R1, [R6,#4]|113-104
110370|code|MOVS            R0, #8; unsigned int|8-32
110372|code|ADD.W           R11, R1, #0x20 ; ' '|1-241-32-11
110376|code|BLX             _Znwj; operator new(uint)|247-247-82-235
110380|code|MOV             R1, R11|89-70
110382|code|MOV             R7, R0|7-70
110384|code|BL              sub_1ABDC|255-247-84-254
110388|code|LDR             R3, [R6,#8]|179-104
110390|code|MOV             R0, R5|40-70
110392|code|LDR             R6, [R6,#4]|118-104
110394|code|ADD             R2, SP, #0x128+var_110|6-170
110396|code|LDR             R1, [R7,#4]|121-104
110398|code|STR             R6, [SP,#0x128+var_128]|0-150
110400|code|BLX             EVP_EncryptUpdate|247-247-238-235
110404|code|CMP             R0, #0|0-40
110406|code|BEQ             loc_1AFE6|78-208
110408|code|MOV             R0, R7|56-70
110410|code|LDR             R1, [SP,#0x128+var_110]|6-153
110412|code|BL              sub_1AC90|255-247-160-254
110416|code|MOV             R1, R0|1-70
110418|code|ADD             R2, SP, #0x128+var_10C|7-170
110420|code|MOV             R0, R5|40-70
110422|code|BLX             EVP_EncryptFinal_ex|247-247-148-235
110426|code|CMP             R0, #0|0-40
110428|code|BNE.W           loc_1B068|64-240-132-128
110432|code|MOV             R0, R5|40-70
110434|code|BLX             EVP_CIPHER_CTX_cleanup|247-247-150-236
110438|code|MOV             R0, R7|56-70
110440|code|BL              sub_1AC38|255-247-102-254
110444|code|MOV             R0, R7; void *|56-70
110446|code|ADD             R7, SP, #0x128+var_118|4-175
110448|code|BLX             _ZdlPv; operator delete(void *)|247-247-34-236
110452|code|MOVS            R0, #0xC; thrown_size|12-32
110454|code|BLX             __cxa_allocate_exception|247-247-144-235
110458|code|LDR             R1, =(aErrorFinalizin - 0x1AF80); "Error finalizing encryption"|233-73
110460|code|ADD             R1, PC; "Error finalizing encryption"|121-68
110462|code|MOV             R5, R0|5-70
110464|code|LDR             R0, =(aYapet - 0x1AF86); "yapet"|232-72
110466|code|ADD             R0, PC; "yapet"|120-68
110468|code|BLX             dgettext|247-247-158-237
110472|code|ADD             R2, SP, #0x128+var_11C|3-170
110474|code|MOV             R1, R0|1-70
110476|code|MOV             R0, R7|56-70
110478|code|BLX             _ZNSsC1EPKcRKSaIcE; std::string::string(char const*,std::allocator<char> const&)|247-247-110-236
110482|code|ADD             R6, SP, #0x128+var_108|8-174
110484|code|MOV             R1, R7; std::string *|57-70
110486|code|MOV             R0, R6; this|48-70
110488|code|BLX             _ZNSsC1ERKSs; std::string::string(std::string const&)|247-247-150-235
110492|code|LDR             R3, =(_ZTVN5YAPET14YAPETExceptionE_ptr - 0x2E000)|226-75
110494|code|MOVS            R2, #0xFF|255-34
110496|code|ADD.W           R0, R5, #8; this|5-241-8-0
110500|code|MOV             R1, R6; std::string *|49-70
110502|code|LDR             R3, [R4,R3]; _ZTVN5YAPET14YAPETExceptionE_ptr ...|227-88
110504|code|STR             R2, [R5,#4]|106-96
110506|code|ADDS            R3, #8|8-51
110508|code|STR             R3, [R5]|43-96
110510|code|BLX             _ZNSsC1ERKSs; std::string::string(std::string const&)|247-247-140-235
110514|code|LDR             R3, =(_ZNSs4_Rep20_S_empty_rep_storageE_ptr - 0x2E000)|222-75
110516|code|LDR             R2, [SP,#0x128+var_108]|8-154
110518|code|LDR             R7, [R4,R3]; _ZNSs4_Rep20_S_empty_rep_storageE_ptr ...|231-88
110520|code|SUB.W           R0, R2, #0xC|162-241-12-0
110524|code|CMP             R0, R7|184-66
110526|code|BNE.W           loc_1B120|64-240-175-128
110530|code|LDR             R3, =(_ZTVN5YAPET24YAPETEncryptionExceptionE_ptr - 0x2E000)|219-75
110532|code|LDR             R2, [SP,#0x128+var_118]|4-154
110534|code|SUB.W           R0, R2, #0xC|162-241-12-0
110538|code|LDR             R3, [R4,R3]; _ZTVN5YAPET24YAPETEncryptionExceptionE_ptr ...|227-88
110540|code|CMP             R0, R7|184-66
110542|code|ADD.W           R3, R3, #8|3-241-8-3
110546|code|STR             R3, [R5]|43-96
110548|code|BNE.W           loc_1B14E|64-240-187-128
110552|code|LDR             R2, =(_ZTIN5YAPET24YAPETEncryptionExceptionE_ptr - 0x2E000)|214-74
110554|code|MOV             R0, R5; void *|40-70
110556|code|LDR             R3, =(off_2E1E0 - 0x2E000)|214-75
110558|code|LDR             R1, [R4,R2]; _ZTIN5YAPET24YAPETEncryptionExceptionE_ptr ; lptinfo|161-88
110560|code|LDR             R2, [R4,R3]; YAPET::YAPETEncryptionException::~YAPETEncryptionException() ; void (__cdecl *)(void *)|226-88
110562|code|BLX             __cxa_throw|247-247-34-237
110566|code|MOV             R0, R5|40-70
110568|code|BLX             EVP_CIPHER_CTX_cleanup|247-247-82-236
110572|code|MOV             R0, R7|56-70
110574|code|BL              sub_1AC38|255-247-35-254
110578|code|MOV             R0, R7; void *|56-70
110580|code|ADD             R7, SP, #0x128+var_114|5-175
110582|code|BLX             _ZdlPv; operator delete(void *)|247-247-224-235
110586|code|MOVS            R0, #0xC; thrown_size|12-32
110588|code|BLX             __cxa_allocate_exception|247-247-76-235
110592|code|LDR             R1, =(aErrorEncryptin - 0x1B006); "Error encrypting data"|206-73
110594|code|ADD             R1, PC; "Error encrypting data"|121-68
110596|code|MOV             R5, R0|5-70
110598|code|LDR             R0, =(aYapet - 0x1B00C); "yapet"|206-72
110600|code|ADD             R0, PC; "yapet"|120-68
110602|code|BLX             dgettext|247-247-92-237
110606|code|ADD             R2, SP, #0x128+var_118|4-170
110608|code|MOV             R1, R0|1-70
110610|code|MOV             R0, R7|56-70
110612|code|BLX             _ZNSsC1EPKcRKSaIcE; std::string::string(char const*,std::allocator<char> const&)|247-247-42-236
110616|code|ADD             R6, SP, #0x128+var_108|8-174
110618|code|MOV             R1, R7; std::string *|57-70
110620|code|MOV             R0, R6; this|48-70
110622|code|BLX             _ZNSsC1ERKSs; std::string::string(std::string const&)|247-247-84-235
110626|code|LDR             R3, =(_ZTVN5YAPET14YAPETExceptionE_ptr - 0x2E000)|193-75
110628|code|MOVS            R2, #0xFF|255-34
110630|code|ADD.W           R0, R5, #8; this|5-241-8-0
110634|code|MOV             R1, R6; std::string *|49-70
110636|code|LDR             R3, [R4,R3]; _ZTVN5YAPET14YAPETExceptionE_ptr ...|227-88
110638|code|STR             R2, [R5,#4]|106-96
110640|code|ADDS            R3, #8|8-51
110642|code|STR             R3, [R5]|43-96
110644|code|BLX             _ZNSsC1ERKSs; std::string::string(std::string const&)|247-247-72-235
110648|code|LDR             R3, =(_ZNSs4_Rep20_S_empty_rep_storageE_ptr - 0x2E000)|188-75
110650|code|LDR             R2, [SP,#0x128+var_108]|8-154
110652|code|LDR             R7, [R4,R3]; _ZNSs4_Rep20_S_empty_rep_storageE_ptr ...|231-88
110654|code|SUB.W           R0, R2, #0xC|162-241-12-0
110658|code|CMP             R0, R7|184-66
110660|code|BNE             loc_1B0C6|63-209
110662|code|LDR             R3, =(_ZTVN5YAPET24YAPETEncryptionExceptionE_ptr - 0x2E000)|186-75
110664|code|LDR             R2, [SP,#0x128+var_114]|5-154
110666|code|SUB.W           R0, R2, #0xC|162-241-12-0
110670|code|LDR             R3, [R4,R3]; _ZTVN5YAPET24YAPETEncryptionExceptionE_ptr ...|227-88
110672|code|CMP             R0, R7|184-66
110674|code|ADD.W           R3, R3, #8|3-241-8-3
110678|code|STR             R3, [R5]|43-96
110680|code|BNE             loc_1B0F4|76-209
110682|code|LDR             R2, =(_ZTIN5YAPET24YAPETEncryptionExceptionE_ptr - 0x2E000)|182-74
110684|code|MOV             R0, R5; void *|40-70
110686|code|LDR             R3, =(off_2E1E0 - 0x2E000)|182-75
110688|code|LDR             R1, [R4,R2]; _ZTIN5YAPET24YAPETEncryptionExceptionE_ptr ; lptinfo|161-88
110690|code|LDR             R2, [R4,R3]; YAPET::YAPETEncryptionException::~YAPETEncryptionException() ; void (__cdecl *)(void *)|226-88
110692|code|BLX             __cxa_throw|247-247-224-236
110696|code|LDR             R1, [SP,#0x128+var_110]|6-153
110698|code|MOV             R0, R7|56-70
110700|code|LDR             R3, [SP,#0x128+var_10C]|7-155
110702|code|ADD             R1, R3|25-68
110704|code|BL              sub_1AC4C|255-247-236-253
110708|code|MOV             R0, R5|40-70
110710|code|BLX             EVP_CIPHER_CTX_cleanup|247-247-12-236
110714|code|ADD.W           R0, R8, #0x80|8-241-128-0
110718|code|MOV             R1, R7|57-70
110720|code|BL              sub_1AE30|255-247-214-254
110724|code|MOV             R0, R7|56-70
110726|code|BL              sub_1AC38|255-247-215-253
110730|code|MOV             R0, R7; void *|56-70
110732|code|BLX             _ZdlPv; operator delete(void *)|247-247-148-235
110736|code|MOV             R0, R9|72-70
110738|code|BL              sub_15DB4|250-247-143-254
110742|code|LDR             R2, [SP,#0x128+var_2C]|63-154
110744|code|LDR.W           R3, [R10]|218-248-0-48
110748|code|CMP             R2, R3|154-66
110750|code|BNE.W           loc_1B288|64-240-243-128
110754|code|ADD             SP, SP, #0x104|65-176
110756|code|POP.W           {R4-R11,PC}|189-232-240-143
110760|code|ADDS            R3, R1, #3|203-28
110762|code|BEQ.W           loc_1B2CE|0-240-16-129
110766|code|MOV             R4, R0|4-70
110768|code|MOV             R5, R1|13-70
110770|code|MOV             R0, R9|72-70
110772|code|BL              sub_15DB4|250-247-126-254
110776|code|MOV             R0, R4; void *|32-70
110778|code|MOV             R1, R5|41-70
110780|code|ADDS            R1, #1|1-49
110782|code|BEQ.W           loc_1B2CA|0-240-4-129
110786|code|BLX             __cxa_end_cleanup|247-247-200-235
110790|code|LDR             R3, =(__pthread_key_create_ptr - 0x2E000)|159-75
110792|code|LDR             R3, [R4,R3]; __pthread_key_create|227-88
110794|code|CMP             R3, #0|0-43
110796|code|BEQ             loc_1B17A|85-208
110798|code|SUBS            R2, #4|4-58
110800|code|DMB.W           SY|191-243-95-143
110804|code|LDREX.W         R3, [R2]|82-232-0-63
110808|code|SUBS            R1, R3, #1|89-30
110810|code|STREX.W         LR, R1, [R2]|66-232-0-30
110814|code|CMP.W           LR, #0|190-241-0-15
110818|code|BNE             loc_1B0D4|247-209
110820|code|DMB.W           SY|191-243-95-143
110824|code|CMP             R3, #0|0-43
110826|code|BGT             loc_1B046|172-220
110828|code|ADD             R1, SP, #0x128+var_10C|7-169
110830|code|BLX             _ZNSs4_Rep10_M_destroyERKSaIcE; std::string::_Rep::_M_destroy(std::allocator<char> const&)|247-247-62-235
110834|code|B               loc_1B046|168-231
110836|code|LDR             R3, =(__pthread_key_create_ptr - 0x2E000)|147-75
110838|code|LDR             R3, [R4,R3]; __pthread_key_create|227-88
110840|code|CMP             R3, #0|0-43
110842|code|BEQ             loc_1B186|68-208
110844|code|SUBS            R2, #4|4-58
110846|code|DMB.W           SY|191-243-95-143
110850|code|LDREX.W         R3, [R2]|82-232-0-63
110854|code|SUBS            R1, R3, #1|89-30
110856|code|STREX.W         R7, R1, [R2]|66-232-0-23
110860|code|CMP             R7, #0|0-47
110862|code|BNE             loc_1B102|248-209
110864|code|DMB.W           SY|191-243-95-143
110868|code|CMP             R3, #0|0-43
110870|code|BGT             loc_1B05A|160-220
110872|code|MOV             R1, R6|49-70
110874|code|BLX             _ZNSs4_Rep10_M_destroyERKSaIcE; std::string::_Rep::_M_destroy(std::allocator<char> const&)|247-247-40-235
110878|code|B               loc_1B05A|156-231
110880|code|LDR             R3, =(__pthread_key_create_ptr - 0x2E000)|136-75
110882|code|LDR             R3, [R4,R3]; __pthread_key_create|227-88
110884|code|CBZ             R3, loc_1B192|171-179
110886|code|SUBS            R2, #4|4-58
110888|code|DMB.W           SY|191-243-95-143
110892|code|LDREX.W         R3, [R2]|82-232-0-63
110896|code|SUBS            R1, R3, #1|89-30
110898|code|STREX.W         LR, R1, [R2]|66-232-0-30
110902|code|CMP.W           LR, #0|190-241-0-15
110906|code|BNE             loc_1B12C|247-209
110908|code|DMB.W           SY|191-243-95-143
110912|code|CMP             R3, #0|0-43
110914|code|BGT.W           loc_1AFC2|63-247-62-175
110918|code|ADD             R1, SP, #0x128+var_114|5-169
110920|code|BLX             _ZNSs4_Rep10_M_destroyERKSaIcE; std::string::_Rep::_M_destroy(std::allocator<char> const&)|247-247-16-235
110924|code|B               loc_1AFC2|57-231
110926|code|LDR             R3, =(__pthread_key_create_ptr - 0x2E000)|125-75
110928|code|LDR             R3, [R4,R3]; __pthread_key_create|227-88
110930|code|CBZ             R3, loc_1B19E|35-179
110932|code|SUBS            R2, #4|4-58
110934|code|DMB.W           SY|191-243-95-143
110938|code|LDREX.W         R3, [R2]|82-232-0-63
110942|code|SUBS            R1, R3, #1|89-30
110944|code|STREX.W         R7, R1, [R2]|66-232-0-23
110948|code|CMP             R7, #0|0-47
110950|code|BNE             loc_1B15A|248-209
110952|code|DMB.W           SY|191-243-95-143
110956|code|CMP             R3, #0|0-43
110958|code|BGT.W           loc_1AFD8|63-247-51-175
110962|code|MOV             R1, R6|49-70
110964|code|BLX             _ZNSs4_Rep10_M_destroyERKSaIcE; std::string::_Rep::_M_destroy(std::allocator<char> const&)|247-247-250-234
110968|code|B               loc_1AFD8|46-231
110970|code|LDR.W           R3, [R2,#-4]|82-248-4-60
110974|code|SUBS            R1, R3, #1|89-30
110976|code|STR.W           R1, [R2,#-4]|66-248-4-28
110980|code|B               loc_1B0E8|176-231
110982|code|LDR.W           R3, [R2,#-4]|82-248-4-60
110986|code|SUBS            R1, R3, #1|89-30
110988|code|STR.W           R1, [R2,#-4]|66-248-4-28
110992|code|B               loc_1B114|192-231
110994|code|LDR.W           R3, [R2,#-4]|82-248-4-60
110998|code|SUBS            R1, R3, #1|89-30
111000|code|STR.W           R1, [R2,#-4]|66-248-4-28
111004|code|B               loc_1B140|208-231
111006|code|LDR.W           R3, [R2,#-4]|82-248-4-60
111010|code|SUBS            R1, R3, #1|89-30
111012|code|STR.W           R1, [R2,#-4]|66-248-4-28
111016|code|B               loc_1B16C|224-231
111018|code|MOV             R0, R5|40-70
111020|code|BLX             EVP_CIPHER_CTX_cleanup|247-247-112-235
111024|code|MOVS            R0, #0xC; thrown_size|12-32
111026|code|ADD             R5, SP, #0x128+var_10C|7-173
111028|code|BLX             __cxa_allocate_exception|247-247-112-234
111032|code|LDR             R1, =(aErrorInitializ - 0x1B1BE); "Error initializing encryption engine"|99-73
111034|code|ADD             R1, PC; "Error initializing encryption engine"|121-68
111036|code|MOV             R6, R0|6-70
111038|code|LDR             R0, =(aYapet - 0x1B1C4); "yapet"|99-72
111040|code|ADD             R0, PC; "yapet"|120-68
111042|code|BLX             dgettext|247-247-128-236
111046|code|ADD             R2, SP, #0x128+var_108|8-170
111048|code|MOV             R1, R0|1-70
111050|code|MOV             R0, R5|40-70
111052|code|BLX             _ZNSsC1EPKcRKSaIcE; std::string::string(char const*,std::allocator<char> const&)|247-247-78-235
111056|code|MOV             R0, R6|48-70
111058|code|MOV             R1, R5|41-70
111060|code|BL              sub_191E8|254-247-8-248
111064|code|LDR             R2, =(_ZNSs4_Rep20_S_empty_rep_storageE_ptr - 0x2E000)|84-74
111066|code|LDR             R3, [SP,#0x128+var_10C]|7-155
111068|code|LDR             R2, [R4,R2]; _ZNSs4_Rep20_S_empty_rep_storageE_ptr ...|162-88
111070|code|SUB.W           R0, R3, #0xC|163-241-12-0
111074|code|CMP             R0, R2|144-66
111076|code|BNE.W           loc_1B2F2|64-240-133-128
111080|code|LDR             R2, =(_ZTIN5YAPET24YAPETEncryptionExceptionE_ptr - 0x2E000)|82-74
111082|code|MOV             R0, R6; void *|48-70
111084|code|LDR             R3, =(off_2E1E0 - 0x2E000)|82-75
111086|code|LDR             R1, [R4,R2]; _ZTIN5YAPET24YAPETEncryptionExceptionE_ptr ; lptinfo|161-88
111088|code|LDR             R2, [R4,R3]; YAPET::YAPETEncryptionException::~YAPETEncryptionException() ; void (__cdecl *)(void *)|226-88
111090|code|BLX             __cxa_throw|247-247-26-236
111094|code|MOV             R0, R5|40-70
111096|code|BLX             EVP_CIPHER_CTX_cleanup|247-247-74-235
111100|code|MOVS            R0, #0xC; thrown_size|12-32
111102|code|ADD             R5, SP, #0x128+var_110|6-173
111104|code|BLX             __cxa_allocate_exception|247-247-74-234
111108|code|LDR             R1, =(aErrorSettingTh - 0x1B20A); "Error setting the key length"|82-73
111110|code|ADD             R1, PC; "Error setting the key length"|121-68
111112|code|MOV             R6, R0|6-70
111114|code|LDR             R0, =(aYapet - 0x1B210); "yapet"|82-72
111116|code|ADD             R0, PC; "yapet"|120-68
111118|code|BLX             dgettext|247-247-90-236
111122|code|ADD             R2, SP, #0x128+var_108|8-170
111124|code|MOV             R1, R0|1-70
111126|code|MOV             R0, R5|40-70
111128|code|BLX             _ZNSsC1EPKcRKSaIcE; std::string::string(char const*,std::allocator<char> const&)|247-247-40-235
111132|code|MOV             R0, R6|48-70
111134|code|MOV             R1, R5|41-70
111136|code|BL              sub_15E40|250-247-14-254
111140|code|LDR             R2, =(_ZNSs4_Rep20_S_empty_rep_storageE_ptr - 0x2E000)|65-74
111142|code|LDR             R3, [SP,#0x128+var_110]|6-155
111144|code|LDR             R2, [R4,R2]; _ZNSs4_Rep20_S_empty_rep_storageE_ptr ...|162-88
111146|code|SUB.W           R0, R3, #0xC|163-241-12-0
111150|code|CMP             R0, R2|144-66
111152|code|BNE             loc_1B2D2|79-209
111154|code|LDR             R2, =(_ZTIN5YAPET14YAPETExceptionE_ptr - 0x2E000)|73-74
111156|code|MOV             R0, R6; void *|48-70
111158|code|LDR             R3, =(off_2E21C - 0x2E000)|73-75
111160|code|LDR             R1, [R4,R2]; _ZTIN5YAPET14YAPETExceptionE_ptr ; lptinfo|161-88
111162|code|LDR             R2, [R4,R3]; YAPET::YAPETException::~YAPETException() ; void (__cdecl *)(void *)|226-88
111164|code|BLX             __cxa_throw|247-247-244-235
111168|code|MOVS            R0, #0xC; thrown_size|12-32
111170|code|ADD             R6, SP, #0x128+var_108|8-174
111172|code|BLX             __cxa_allocate_exception|247-247-40-234
111176|code|LDR             R1, =(aIvecLengthMiss - 0x1B24E); "IVec length missmatch"|69-73
111178|code|ADD             R1, PC; "IVec length missmatch"|121-68
111180|code|MOV             R7, R0|7-70
111182|code|LDR             R0, =(aYapet - 0x1B254); "yapet"|69-72
111184|code|ADD             R0, PC; "yapet"|120-68
111186|code|BLX             dgettext|247-247-56-236
111190|code|ADD             R2, SP, #0x128+var_10C|7-170
111192|code|MOV             R1, R0|1-70
111194|code|MOV             R0, R6|48-70
111196|code|BLX             _ZNSsC1EPKcRKSaIcE; std::string::string(char const*,std::allocator<char> const&)|247-247-6-235
111200|code|MOV             R0, R7|56-70
111202|code|MOV             R1, R6|49-70
111204|code|BL              sub_15E40|250-247-236-253
111208|code|LDR             R2, =(_ZNSs4_Rep20_S_empty_rep_storageE_ptr - 0x2E000)|48-74
111210|code|LDR             R3, [SP,#0x128+var_108]|8-155
111212|code|LDR             R2, [R4,R2]; _ZNSs4_Rep20_S_empty_rep_storageE_ptr ...|162-88
111214|code|SUB.W           R0, R3, #0xC|163-241-12-0
111218|code|CMP             R0, R2|144-66
111220|code|BNE             loc_1B2FC|66-209
111222|code|LDR             R2, =(_ZTIN5YAPET14YAPETExceptionE_ptr - 0x2E000)|56-74
111224|code|MOV             R0, R7; void *|56-70
111226|code|LDR             R3, =(off_2E21C - 0x2E000)|56-75
111228|code|ADD.W           R9, SP, #0x128+var_F8|13-241-48-9
111232|code|LDR             R1, [R4,R2]; _ZTIN5YAPET14YAPETExceptionE_ptr ; lptinfo|161-88
111234|code|LDR             R2, [R4,R3]; YAPET::YAPETException::~YAPETException() ; void (__cdecl *)(void *)|226-88
111236|code|BLX             __cxa_throw|247-247-208-235
111240|code|BLX             __stack_chk_fail|247-247-222-234
111244|code|B               loc_1B0BC|22-231
111246|code|MOV             R4, R0|4-70
111248|code|MOV             R6, R1|14-70
111250|code|MOV             R0, R5; void *|40-70
111252|code|BLX             __cxa_free_exception|247-247-74-234
111256|code|MOV             R0, R4; void *|32-70
111258|code|MOV             R1, R6|49-70
111260|code|B               loc_1B0A8|4-231
111262|code|MOV             R4, R0|4-70
111264|code|MOV             R5, R1|13-70
111266|code|MOV             R0, R7; void *|56-70
111268|code|BLX             _ZdlPv; operator delete(void *)|247-247-136-234
111272|code|MOV             R0, R4|32-70
111274|code|MOV             R1, R5|41-70
111276|code|B               loc_1B0A8|252-230
111278|code|MOV             R4, R0|4-70
111280|code|MOV             R0, R5; this|40-70
111282|code|MOV             R5, R1|13-70
111284|code|BLX             _ZNSt9exceptionD2Ev; std::exception::~exception()|247-247-226-235
111288|code|ADDS            R5, #6|6-53
111290|code|BNE.W           loc_1B0C2|127-244-2-175
111294|code|MOV             R0, R4; void *|32-70
111296|code|BLX             __cxa_call_unexpected|247-247-248-234
111300|code|ADDS            R1, #6|6-49
111302|code|BNE.W           loc_1B0C2|127-244-252-174
111306|code|BLX             __cxa_call_unexpected|247-247-244-234
111310|code|BLX             __cxa_call_unexpected|247-247-242-234
111314|code|ADD             R1, SP, #0x128+var_10C|7-169
111316|code|BL              sub_12C5C|247-247-194-252
111320|code|B               loc_1B232|171-231
111322|code|MOV             R4, R0|4-70
111324|code|MOV             R5, R1|13-70
111326|code|MOV             R0, R6; void *|48-70
111328|code|BLX             __cxa_free_exception|247-247-36-234
111332|code|MOV             R0, R4|32-70
111334|code|MOV             R1, R5|41-70
111336|code|B               loc_1B0A8|222-230
111338|code|B               loc_1B2AE|224-231
111340|code|B               loc_1B28E|207-231
111342|code|B               loc_1B2C4|233-231
111344|code|B               loc_1B0AE|221-230
111346|code|ADD             R1, SP, #0x128+var_110|6-169
111348|code|BL              sub_12C5C|247-247-178-252
111352|code|B               loc_1B1E8|118-231
111354|code|B               loc_1B2DA|238-231
111356|code|ADD             R1, SP, #0x128+var_110|6-169
111358|code|BL              sub_12C5C|247-247-173-252
111362|code|B               loc_1B276|184-231
111364|code|MOV             R4, R0|4-70
111366|code|MOV             R5, R1|13-70
111368|code|MOV             R0, R7; void *|56-70
111370|code|ADD.W           R9, SP, #0x128+var_F8|13-241-48-9
111374|code|BLX             __cxa_free_exception|247-247-14-234
111378|code|MOV             R0, R4|32-70
111380|code|MOV             R1, R5|41-70
111382|code|B               loc_1B0A8|199-230
111384|data|DCD _GLOBAL_OFFSET_TABLE_ - 0x1AECA|54-49-1-0
111388|data|DCD __stack_chk_guard_ptr - 0x2E000|208-1-0-0
111392|data|DCD aErrorFinalizin - 0x1AF80; "Error finalizing encryption"|0-19-0-0
111396|data|DCD aYapet - 0x1AF86; "yapet"|238-12-0-0
111400|data|DCD _ZTVN5YAPET14YAPETExceptionE_ptr - 0x2E000|188-1-0-0
111404|data|DCD _ZNSs4_Rep20_S_empty_rep_storageE_ptr - 0x2E000|196-1-0-0
111408|data|DCD _ZTVN5YAPET24YAPETEncryptionExceptionE_ptr - 0x2E000|0-2-0-0
111412|data|DCD _ZTIN5YAPET24YAPETEncryptionExceptionE_ptr - 0x2E000|240-1-0-0
111416|data|DCD off_2E1E0 - 0x2E000|224-1-0-0
111420|data|DCD aErrorEncryptin - 0x1B006; "Error encrypting data"|98-18-0-0
111424|data|DCD aYapet - 0x1B00C; "yapet"|104-12-0-0
111428|data|DCD __pthread_key_create_ptr - 0x2E000|236-1-0-0
111432|data|DCD aErrorInitializ - 0x1B1BE; "Error initializing encryption engine"|98-16-0-0
111436|data|DCD aYapet - 0x1B1C4; "yapet"|176-10-0-0
111440|data|DCD aErrorSettingTh - 0x1B20A; "Error setting the key length"|62-16-0-0
111444|data|DCD aYapet - 0x1B210; "yapet"|100-10-0-0
111448|data|DCD _ZTIN5YAPET14YAPETExceptionE_ptr - 0x2E000|200-1-0-0
111452|data|DCD off_2E21C - 0x2E000|28-2-0-0
111456|data|DCD aIvecLengthMiss - 0x1B24E; "IVec length missmatch"|186-15-0-0
111460|data|DCD aYapet - 0x1B254; "yapet"|32-10-0-0
111464|code|PUSH            {R3-R7,LR}|248-181
111466|code|ADD.W           R5, R0, #0x80|0-241-128-5
111470|code|MOV             R4, R0|4-70
111472|code|MOV             R7, R1|15-70
111474|code|MOV             R0, R5|40-70
111476|code|MOV             R6, R2|22-70
111478|code|BL              sub_1ABF8|255-247-63-252
111482|code|MOV             R0, R4|32-70
111484|code|MOV             R1, R7|57-70
111486|code|MOV             R2, R6|50-70
111488|code|BL              sub_1AEB4|255-247-152-253
111492|code|MOV             R0, R4|32-70
111494|code|POP             {R3-R7,PC}|248-189
111496|code|ADDS            R1, #1|1-49
111498|code|BEQ             loc_1B3A0|9-208
111500|code|BLX             __cxa_end_cleanup|247-247-98-234
111504|code|MOV             R4, R0|4-70
111506|code|MOV             R6, R1|14-70
111508|code|MOV             R0, R5|40-70
111510|code|BL              sub_1AC38|255-247-79-252
111514|code|MOV             R0, R4; void *|32-70
111516|code|MOV             R1, R6|49-70
111518|code|B               loc_1B388|243-231
111520|code|BLX             __cxa_call_unexpected|247-247-136-234
111524|code|CMP             R0, R1|136-66
111526|code|PUSH            {R3-R5,LR}|56-181
111528|code|MOV             R5, R1|13-70
111530|code|MOV             R4, R0|4-70
111532|code|BEQ             loc_1B3CC|14-208
111534|code|MOVS            R1, #0|0-33
111536|code|MOVS            R2, #0x80|128-34
111538|code|BLX             memset|247-247-156-233
111542|code|MOV             R1, R5|41-70
111544|code|MOV             R0, R4|32-70
111546|code|MOVS            R2, #0x80|128-34
111548|code|BLX             memcpy|247-247-206-234
111552|code|ADD.W           R1, R5, #0x80|5-241-128-1
111556|code|ADD.W           R0, R4, #0x80|4-241-128-0
111560|code|BL              sub_1AE30|255-247-50-253
111564|code|MOV             R0, R4|32-70
111566|code|POP             {R3-R5,PC}|56-189
111568|code|CMP             R1, R0|129-66
111570|code|BEQ             loc_1B3DE|4-208
111572|code|PUSH            {R3,LR}|8-181
111574|code|BLX             strcmp|247-247-22-235
111578|code|LSRS            R0, R0, #0x1F|192-15
111580|code|POP             {R3,PC}|8-189
111582|code|MOVS            R0, #0|0-32
111584|code|BX              LR|112-71
111586|data|ALIGN 4|0-191
111588|code|CMP             R1, R0|129-66
111590|code|BEQ             loc_1B3F8|7-208
111592|code|PUSH            {R3,LR}|8-181
111594|code|BLX             strcmp|247-247-12-235
111598|code|CMP             R0, #0|0-40
111600|code|ITE LE|212-191
111602|code|MOVLE           R0, #0|0-32
111604|code|MOVGT           R0, #1|1-32
111606|code|POP             {R3,PC}|8-189
111608|code|MOVS            R0, #0|0-32
111610|code|BX              LR|112-71
111612|code|PUSH.W          {R4-R10,LR}|45-233-240-71
111616|code|ADD.W           R7, R0, #0x80|0-241-128-7
111620|code|LDR             R5, =(_GLOBAL_OFFSET_TABLE_ - 0x1B410)|43-77
111622|code|SUB             SP, SP, #0x50|148-176
111624|code|LDR             R3, =(__stack_chk_guard_ptr - 0x2E000)|43-75
111626|code|MOV             R6, R0|6-70
111628|code|ADD             R5, PC; _GLOBAL_OFFSET_TABLE_|125-68
111630|code|MOV             R0, R7|56-70
111632|code|MOV             R9, R2|145-70
111634|code|MOV             R4, R1|12-70
111636|code|LDR.W           R8, [R5,R3]; __stack_chk_guard|85-248-3-128
111640|code|LDR.W           R3, [R8]|216-248-0-48
111644|code|STR             R3, [SP,#0x70+var_24]|19-147
111646|code|BL              sub_1AC00|255-247-239-251
111650|code|MOV             R1, R9|73-70
111652|code|MOV             R0, SP|104-70
111654|code|BL              sub_1A8E0|255-247-91-250
111658|code|MOV             R0, SP|104-70
111660|code|MOV             R1, R4|33-70
111662|code|BL              sub_1A20C|254-247-237-254
111666|code|MOV             R4, R0|4-70
111668|code|MOVS            R2, #0x80; n|128-34
111670|code|MOV             R0, R6; dest|48-70
111672|code|LDR             R1, [R4,#8]; src|161-104
111674|code|BLX             memcpy|247-247-144-234
111678|code|LDR             R2, [R4]|34-104
111680|code|LDR             R3, =(off_2E214 - 0x2E000)|30-75
111682|code|LDR             R2, [R2,#4]|82-104
111684|code|LDR             R3, [R5,R3]; YAPET::Record<YAPET::PasswordRecord>::~Record()|235-88
111686|code|CMP             R2, R3|154-66
111688|code|BNE             loc_1B480|26-209
111690|code|LDR             R3, =(_ZTVN5YAPET6RecordINS_14PasswordRecordEEE_ptr - 0x2E000)|29-75
111692|code|MOVS            R1, #0; c|0-33
111694|code|LDR             R2, [R4,#4]; n|98-104
111696|code|LDR             R0, [R4,#8]; s|160-104
111698|code|LDR             R3, [R5,R3]; _ZTVN5YAPET6RecordINS_14PasswordRecordEEE_ptr ...|235-88
111700|code|ADDS            R3, #8|8-51
111702|code|STR             R3, [R4]|35-96
111704|code|BLX             memset|247-247-72-233
111708|code|LDR             R0, [R4,#8]; ptr|160-104
111710|code|BLX             free|247-247-236-232
111714|code|MOV             R0, R4; void *|32-70
111716|code|BLX             _ZdlPv; operator delete(void *)|247-247-168-233
111720|code|ADD             R0, SP, #0x70+var_64|3-168
111722|code|BL              sub_15DB4|250-247-163-252
111726|code|LDR             R2, [SP,#0x70+var_24]|19-154
111728|code|MOV             R0, R6|48-70
111730|code|LDR.W           R3, [R8]|216-248-0-48
111734|code|CMP             R2, R3|154-66
111736|code|BNE             loc_1B486|5-209
111738|code|ADD             SP, SP, #0x50 ; 'P'|20-176
111740|code|POP.W           {R4-R10,PC}|189-232-240-135
111744|code|MOV             R0, R4|32-70
111746|code|BLX             R2|144-71
111748|code|B               loc_1B468|240-231
111750|code|BLX             __stack_chk_fail|247-247-224-233
111754|code|MOV             R4, R0|4-70
111756|code|ADD             R0, SP, #0x70+var_64|3-168
111758|code|MOV             R5, R1|13-70
111760|code|BL              sub_15DB4|250-247-144-252
111764|code|MOV             R0, R7|56-70
111766|code|BL              sub_1AC38|255-247-207-251
111770|code|MOV             R0, R4; void *|32-70
111772|code|MOV             R1, R5|41-70
111774|code|ADDS            R1, #1|1-49
111776|code|BEQ             loc_1B4AE|5-208
111778|code|BLX             __cxa_end_cleanup|247-247-216-233
111782|code|MOV             R4, R0|4-70
111784|code|MOV             R5, R1|13-70
111786|code|B               loc_1B494|243-231
111788|code|B               loc_1B49E|247-231
111790|code|BLX             __cxa_call_unexpected|247-247-2-234
111794|data|ALIGN 4|0-191
111796|data|DCD _GLOBAL_OFFSET_TABLE_ - 0x1B410|240-43-1-0
111800|data|DCD __stack_chk_guard_ptr - 0x2E000|208-1-0-0
111804|data|DCD off_2E214 - 0x2E000|20-2-0-0
111808|data|DCD _ZTVN5YAPET6RecordINS_14PasswordRecordEEE_ptr - 0x2E000|244-1-0-0
111812|code|PUSH.W          {R3-R9,LR}|45-233-248-67
111816|code|MOV             R7, R0|7-70
111818|code|LDR             R6, =(off_2DE3C - 0x1B4D6)|12-78
111820|code|MOV             R8, R1|136-70
111822|code|LDR             R5, =(off_2DE2C - 0x1B4DC)|12-77
111824|code|MOV             R9, R2|145-70
111826|code|ADD             R6, PC; off_2DE3C|126-68
111828|code|BLX             .init_proc|247-247-102-232
111832|code|ADD             R5, PC; off_2DE2C|125-68
111834|code|SUBS            R6, R6, R5|118-27
111836|code|ASRS            R6, R6, #2|182-16
111838|code|BEQ             locret_1B4F6|10-208
111840|code|SUBS            R5, #4|4-61
111842|code|MOVS            R4, #0|0-36
111844|code|ADDS            R4, #1|1-52
111846|code|LDR.W           R3, [R5,#4]!|85-248-4-63
111850|code|MOV             R0, R7|56-70
111852|code|MOV             R1, R8|65-70
111854|code|MOV             R2, R9|74-70
111856|code|BLX             R3|152-71
111858|code|CMP             R4, R6|180-66
111860|code|BNE             loc_1B4E4|246-209
111862|code|POP.W           {R3-R9,PC}|189-232-248-131
111866|data|ALIGN 4|0-191
111868|data|DCD off_2DE3C - 0x1B4D6|102-41-1-0
111872|data|DCD off_2DE2C - 0x1B4DC|80-41-1-0
111876|code|BX              LR|112-71
111878|data|ALIGN 4|0-191
111880|code|PUSH            {R3,LR}|8-64-45-233
111884|code|POP             {R3,PC}|8-128-189-232
187948|data|DCD sub_13498+1|153-52-1-0
187952|data|DCD sub_13308+1|9-51-1-0
187956|data|DCD sub_13334+1|53-51-1-0
187960|data|DCD sub_13360+1|97-51-1-0
187964|data|DCD sub_13480+1|129-52-1-0
187968|data|DCD 0|0-0-0-0
187972|data|ALIGN 8|0-0-0-0
187976|data|DCD _ZTVN10__cxxabiv120__si_class_type_infoE+8; reference to RTTI's type class|152-227-2-0
187980|data|DCD _ZTSN5YAPET19YAPETRetryExceptionE; reference to type's name|240-191-1-0
187984|data|DCD _ZTIN5YAPET14YAPETExceptionE; reference to parent's type name|172-186-1-0
187988|data|DCD _ZTVN10__cxxabiv120__si_class_type_infoE+8; reference to RTTI's type class|152-227-2-0
187992|data|DCD _ZTSN5YAPET24YAPETEncryptionExceptionE; reference to type's name|16-192-1-0
187996|data|DCD _ZTIN5YAPET14YAPETExceptionE; reference to parent's type name|172-186-1-0
188000|data|DCD _ZTVN10__cxxabiv120__si_class_type_infoE+8; reference to RTTI's type class|152-227-2-0
188004|data|DCD _ZTSN5YAPET29YAPETInvalidPasswordExceptionE; reference to type's name|52-192-1-0
188008|data|DCD _ZTIN5YAPET14YAPETExceptionE; reference to parent's type name|172-186-1-0
188012|data|DCD _ZTVN10__cxxabiv117__class_type_infoE+8; reference to RTTI's type class|168-226-2-0
188016|data|DCD _ZTSN5YAPET6RecordINS_13FileHeader_64EEE; reference to type's name|92-192-1-0
188020|data|DCD _ZTVN10__cxxabiv117__class_type_infoE+8; reference to RTTI's type class|168-226-2-0
188024|data|DCD _ZTSN5YAPET6RecordINS_13FileHeader_32EEE; reference to type's name|132-192-1-0
188028|data|ALIGN 0x10|0-0-0-0
188032|data|DCD 0; offset to this|0-0-0-0
188036|data|DCD _ZTIN5YAPET19YAPETRetryExceptionE; `typeinfo for'YAPET::YAPETRetryException|72-222-2-0
188040|data|DCD _ZN5YAPET19YAPETRetryExceptionD1Ev+1; YAPET::YAPETRetryException::~YAPETRetryException()|29-142-1-0
188044|data|DCD sub_19054+1|85-144-1-0
188048|data|DCD sub_15104+1|5-81-1-0
188052|data|ALIGN 8|0-0-0-0
188056|data|DCD 0; offset to this|0-0-0-0
188060|data|DCD _ZTIN5YAPET24YAPETEncryptionExceptionE; `typeinfo for'YAPET::YAPETEncryptionException|84-222-2-0
188064|data|DCD _ZN5YAPET24YAPETEncryptionExceptionD1Ev+1; YAPET::YAPETEncryptionException::~YAPETEncryptionException()|169-142-1-0
188068|data|DCD sub_18F34+1|53-143-1-0
188072|data|DCD sub_15104+1|5-81-1-0
188076|data|ALIGN 0x10|0-0-0-0
188080|data|DCD 0; offset to this|0-0-0-0
188084|data|DCD _ZTIN5YAPET29YAPETInvalidPasswordExceptionE; `typeinfo for'YAPET::YAPETInvalidPasswordException|96-222-2-0
188088|data|DCD _ZN5YAPET29YAPETInvalidPasswordExceptionD1Ev+1; YAPET::YAPETInvalidPasswordException::~YAPETInvalidPasswordException()|145-141-1-0
188092|data|DCD sub_18FC4+1|197-143-1-0
188096|data|DCD sub_15104+1|5-81-1-0
188100|data|ALIGN 8|0-0-0-0
188104|data|DCD 0; offset to this|0-0-0-0
188108|data|DCD _ZTIN5YAPET6RecordINS_13FileHeader_64EEE; `typeinfo for'YAPET::Record<YAPET::FileHeader_64>|108-222-2-0
188112|data|DCD sub_18D30+1|49-141-1-0
188116|data|DCD _ZN5YAPET6RecordINS_13FileHeader_64EED0Ev+1; YAPET::Record<YAPET::FileHeader_64>::~Record()|93-141-1-0
188120|data|DCD 0; offset to this|0-0-0-0
188124|data|DCD _ZTIN5YAPET6RecordINS_13FileHeader_32EEE; `typeinfo for'YAPET::Record<YAPET::FileHeader_32>|116-222-2-0
188128|data|DCD sub_18CD0+1|209-140-1-0
188132|data|DCD _ZN5YAPET6RecordINS_13FileHeader_32EED0Ev+1; YAPET::Record<YAPET::FileHeader_32>::~Record()|253-140-1-0
188136|data|Elf32_Dyn <1, <1>>; DT_NEEDED libssl.so.1.0.0|1-0-0-0-1-0-0-0
188144|data|Elf32_Dyn <1, <0x6A>>; DT_NEEDED libcrypto.so.1.0.0|1-0-0-0-106-0-0-0
188152|data|Elf32_Dyn <1, <0x200>>; DT_NEEDED libstdc++.so.6|1-0-0-0-0-2-0-0
188160|data|Elf32_Dyn <1, <0xA5A>>; DT_NEEDED libm.so.6|1-0-0-0-90-10-0-0
188168|data|Elf32_Dyn <1, <0xA64>>; DT_NEEDED libgcc_s.so.1|1-0-0-0-100-10-0-0
188176|data|Elf32_Dyn <1, <0xA89>>; DT_NEEDED libc.so.6|1-0-0-0-137-10-0-0
188184|data|Elf32_Dyn <1, <0xBB5>>; DT_NEEDED ld-linux-armhf.so.3|1-0-0-0-181-11-0-0
188192|data|Elf32_Dyn <0xC, <0x125A4>>; DT_INIT|12-0-0-0-164-37-1-0
188200|data|Elf32_Dyn <0xD, <0x1B508>>; DT_FINI|13-0-0-0-8-181-1-0
188208|data|Elf32_Dyn <0x19, <0x2DE2C>>; DT_INIT_ARRAY|25-0-0-0-44-222-2-0
188216|data|Elf32_Dyn <0x1B, <0x10>>; DT_INIT_ARRAYSZ|27-0-0-0-16-0-0-0
188224|data|Elf32_Dyn <0x1A, <0x2DE3C>>; DT_FINI_ARRAY|26-0-0-0-60-222-2-0
188232|data|Elf32_Dyn <0x1C, <4>>; DT_FINI_ARRAYSZ|28-0-0-0-4-0-0-0
188240|data|Elf32_Dyn <0x6FFFFEF5, <0x101B4>>; DT_GNU_HASH|245-254-255-111-180-1-1-0
188248|data|Elf32_Dyn <5, <0x11034>>; DT_STRTAB|5-0-0-0-52-16-1-0
188256|data|Elf32_Dyn <6, <0x10694>>; DT_SYMTAB|6-0-0-0-148-6-1-0
188264|data|Elf32_Dyn <0xA, <0xF13>>; DT_STRSZ|10-0-0-0-19-15-0-0
188272|data|Elf32_Dyn <0xB, <0x10>>; DT_SYMENT|11-0-0-0-16-0-0-0
188280|data|Elf32_Dyn <0x15, <0>>; DT_DEBUG|21-0-0-0-0-0-0-0
188288|data|Elf32_Dyn <3, <0x2E000>>; DT_PLTGOT|3-0-0-0-0-224-2-0
188296|data|Elf32_Dyn <2, <0x360>>; DT_PLTRELSZ|2-0-0-0-96-3-0-0
188304|data|Elf32_Dyn <0x14, <0x11>>; DT_PLTREL|20-0-0-0-17-0-0-0
188312|data|Elf32_Dyn <0x17, <0x12244>>; DT_JMPREL|23-0-0-0-68-34-1-0
188320|data|Elf32_Dyn <0x11, <0x1217C>>; DT_REL|17-0-0-0-124-33-1-0
188328|data|Elf32_Dyn <0x12, <0xC8>>; DT_RELSZ|18-0-0-0-200-0-0-0
188336|data|Elf32_Dyn <0x13, <8>>; DT_RELENT|19-0-0-0-8-0-0-0
188344|data|Elf32_Dyn <0x6FFFFFFE, <0x1207C>>; DT_VERNEED|254-255-255-111-124-32-1-0
188352|data|Elf32_Dyn <0x6FFFFFFF, <5>>; DT_VERNEEDNUM|255-255-255-111-5-0-0-0
188360|data|Elf32_Dyn <0x6FFFFFF0, <0x11F48>>; DT_VERSYM|240-255-255-111-72-31-1-0
188368|data|Elf32_Dyn <0>; DT_NULL|0-0-0-0-0-0-0-0
188376|data|ALIGN 0x40|0-0-0-0-0-0-0-0-0-0-0-0-0-0-0-0-0-0-0-0-0-0-0-0-0-0-0-0-0-0-0-0-0-0-0-0-0-0-0-0
188416|data|DCD stru_2DEE8|232-222-2-0
188420|data|DCD 0|0-0-0-0
188424|data|DCD 0|0-0-0-0
188428|data|DCD __imp__ZNSo3putEc; std::ostream::put(char)|48-230-2-0
188432|data|DCD __imp__Znwj; operator new(uint)|88-230-2-0
188436|data|DCD __imp__ZNSt8__detail15_List_node_base7_M_hookEPS0_; std::__detail::_List_node_base::_M_hook(std::__detail::_List_node_base*)|244-229-2-0
188440|data|DCD __imp_fchown|204-230-2-0
188444|data|DCD __imp_EVP_DecryptFinal_ex|72-230-2-0
188448|data|DCD __imp___aeabi_atexit|152-229-2-0
188452|data|DCD __imp__ZNSs12_M_leak_hardEv; std::string::_M_leak_hard(void)|36-230-2-0
188456|data|DCD __imp__ZNSt13basic_filebufIcSt11char_traitsIcEE5closeEv; std::basic_filebuf<char,std::char_traits<char>>::close(void)|160-230-2-0
188460|data|DCD __imp__ZNSt14basic_ifstreamIcSt11char_traitsIcEED1Ev; std::basic_ifstream<char,std::char_traits<char>>::~basic_ifstream()|216-229-2-0
188464|data|DCD __imp_free|180-230-2-0
188468|data|DCD __imp__ZNSt8ios_baseC2Ev; std::ios_base::ios_base(void)|68-230-2-0
188472|data|DCD __imp__ZSt7getlineIcSt11char_traitsIcESaIcEERSt13basic_istreamIT_T0_ES7_RSbIS4_S5_T1_E; std::getline<char,std::char_traits<char>,std::allocator<char>>(std::basic_istream<char,std::char_traits<char>> &,std::basic_string<char,std::char_traits<char>,std::allocator<char>> &)|236-230-2-0
188476|data|DCD __imp__ZNSt8ios_baseD2Ev; std::ios_base::~ios_base()|252-230-2-0
188480|data|DCD __imp___cxa_begin_catch|244-230-2-0
188484|data|DCD __imp_EVP_sha1|12-230-2-0
188488|data|DCD __imp_EVP_EncryptFinal_ex|40-230-2-0
188492|data|DCD __imp__ZSt4endlIcSt11char_traitsIcEERSt13basic_ostreamIT_T0_ES6_; std::endl<char,std::char_traits<char>>(std::basic_ostream<char,std::char_traits<char>> &)|224-230-2-0
188496|data|DCD __imp___cxa_allocate_exception|188-229-2-0
188500|data|DCD __imp_EVP_DecryptInit_ex|64-230-2-0
188504|data|DCD __imp_EVP_MD_CTX_init|208-229-2-0
188508|data|DCD __imp_strerror|200-230-2-0
188512|data|DCD __imp__ZNSsC1ERKSs; std::string::string(std::string const&)|188-230-2-0
188516|data|DCD __imp_EVP_CIPHER_CTX_iv_length|20-230-2-0
188520|data|DCD __imp__ZNSi7getlineEPcic; std::istream::getline(char *,int,char)|12-231-2-0
188524|data|DCD __imp_memset|212-229-2-0
188528|data|DCD __imp__ZNSo9_M_insertImEERSoT_; std::ostream::_M_insert<ulong>(ulong)|232-229-2-0
188532|data|DCD __imp__ZNSo5flushEv; std::ostream::flush(void)|140-230-2-0
188536|data|DCD __imp__ZNSt13runtime_errorC1ERKSs; std::runtime_error::runtime_error(std::string const&)|164-230-2-0
188540|data|DCD __imp_EVP_EncryptUpdate|32-230-2-0
188544|data|DCD __imp___cxa_free_exception|24-230-2-0
188548|data|DCD __imp_EVP_DigestUpdate|240-230-2-0
188552|data|DCD __imp__ZNSs7reserveEj; std::string::reserve(uint)|4-231-2-0
188556|data|DCD __imp_close|164-229-2-0
188560|data|DCD __imp_read|100-230-2-0
188564|data|DCD __imp__ZNSs4_Rep10_M_destroyERKSaIcE; std::string::_Rep::_M_destroy(std::allocator<char> const&)|56-230-2-0
188568|data|DCD __imp_abort|116-229-2-0
188572|data|DCD __imp_EVP_CIPHER_CTX_init|52-230-2-0
188576|data|DCD __imp__ZNSt13basic_filebufIcSt11char_traitsIcEE4openEPKcSt13_Ios_Openmode; std::basic_filebuf<char,std::char_traits<char>>::open(char const*,std::_Ios_Openmode)|140-229-2-0
188580|data|DCD __imp_EVP_CIPHER_CTX_key_length|172-229-2-0
188584|data|DCD __imp__ZNSsC1ERKSsjj; std::string::string(std::string const&,uint,uint)|176-229-2-0
188588|data|DCD __imp__ZdlPv; operator delete(void *)|180-229-2-0
188592|data|DCD __imp__ZStlsISt11char_traitsIcEERSt13basic_ostreamIcT_ES5_PKc; std::operator<<<std::char_traits<char>>(std::basic_ostream<char,std::char_traits<char>> &,char const*)|144-230-2-0
188596|data|DCD __imp__ZNKSs4findEPKcjj; std::string::find(char const*,uint,uint)|228-229-2-0
188600|data|DCD __imp_getopt|196-229-2-0
188604|data|DCD __imp__ZNSt13runtime_errorD1Ev; std::runtime_error::~runtime_error()|172-230-2-0
188608|data|DCD __imp_open|200-229-2-0
188612|data|DCD __imp__ZNSt13basic_filebufIcSt11char_traitsIcEEC1Ev; std::basic_filebuf<char,std::char_traits<char>>::basic_filebuf(void)|0-230-2-0
188616|data|DCD __imp_fchmod|168-229-2-0
188620|data|DCD __imp_tcsetattr|136-230-2-0
188624|data|DCD __imp_EVP_DecryptUpdate|152-230-2-0
188628|data|DCD __imp__ZNSs6appendERKSs; std::string::append(std::string const&)|148-230-2-0
188632|data|DCD __imp_EVP_ripemd160|212-230-2-0
188636|data|DCD __imp___stack_chk_fail|16-230-2-0
188640|data|DCD __imp___cxa_end_cleanup|132-230-2-0
188644|data|DCD __imp__ZNSs6appendEPKcj; std::string::append(char const*,uint)|128-229-2-0
188648|data|DCD __imp__ZNSsC1EPKcRKSaIcE; std::string::string(char const*,std::allocator<char> const&)|104-230-2-0
188652|data|DCD __imp__ZNKSt5ctypeIcE13_M_widen_initEv; std::ctype<char>::_M_widen_init(void)|108-230-2-0
188656|data|DCD __imp_access|192-230-2-0
188660|data|DCD __imp_EVP_CIPHER_CTX_cleanup|168-230-2-0
188664|data|DCD __imp__ZSt16__throw_bad_castv; std::__throw_bad_cast(void)|60-230-2-0
188668|data|DCD __imp_EVP_DigestFinal_ex|112-230-2-0
188672|data|DCD __imp___cxa_call_unexpected|120-230-2-0
188676|data|DCD __imp__ZNSt12out_of_rangeC1ERKSs; std::out_of_range::out_of_range(std::string const&)|44-230-2-0
188680|data|DCD __imp__ZSt16__ostream_insertIcSt11char_traitsIcEERSt13basic_ostreamIT_T0_ES6_PKS3_i; std::__ostream_insert<char,std::char_traits<char>>(std::basic_ostream<char,std::char_traits<char>> &,char const*,int)|132-229-2-0
188684|data|DCD __imp__ZNSs6assignERKSs; std::string::assign(std::string const&)|100-229-2-0
188688|data|DCD __imp_EVP_MD_CTX_cleanup|76-230-2-0
188692|data|DCD __imp_lseek|240-229-2-0
188696|data|DCD __imp__ZNSt9basic_iosIcSt11char_traitsIcEE4initEPSt15basic_streambufIcS1_E; std::basic_ios<char,std::char_traits<char>>::init(std::basic_streambuf<char,std::char_traits<char>> *)|248-229-2-0
188700|data|DCD __imp_getuid|192-229-2-0
188704|data|DCD __imp_EVP_DigestInit_ex|184-230-2-0
188708|data|DCD __imp__ZNSt6localeD1Ev; std::locale::~locale()|252-229-2-0
188712|data|DCD __imp__ZNSs6assignEPKc; std::string::assign(char const*)|176-230-2-0
188716|data|DCD __imp___fxstat|124-230-2-0
188720|data|DCD __imp_EVP_CIPHER_CTX_set_key_length|136-229-2-0
188724|data|DCD __imp___cxa_rethrow|224-229-2-0
188728|data|DCD __imp_memcpy|112-229-2-0
188732|data|DCD __imp_malloc|156-230-2-0
188736|data|DCD __imp__ZSt24__throw_out_of_range_fmtPKcz; std::__throw_out_of_range_fmt(char const*,...)|8-231-2-0
188740|data|DCD __imp_strlen|216-230-2-0
188744|data|DCD __imp_EVP_md5|156-229-2-0
188748|data|DCD __imp___snprintf_chk|96-230-2-0
188752|data|DCD __imp__ZNSt8ios_base4InitC1Ev; std::ios_base::Init::Init(void)|120-229-2-0
188756|data|DCD __imp_EVP_EncryptInit_ex|80-230-2-0
188760|data|DCD __imp__ZNSt13basic_filebufIcSt11char_traitsIcEED1Ev; std::basic_filebuf<char,std::char_traits<char>>::~basic_filebuf()|116-230-2-0
188764|data|DCD __imp__ZNSsD1Ev; std::string::~string()|228-230-2-0
188768|data|DCD __imp_write|148-229-2-0
188772|data|DCD __imp___cxa_end_catch|220-230-2-0
188776|data|DCD __imp___gxx_personality_v0|232-230-2-0
188780|data|DCD __imp_EVP_CipherInit_ex|92-230-2-0
188784|data|DCD __imp_strcmp|144-229-2-0
188788|data|DCD __imp__ZNSt9basic_iosIcSt11char_traitsIcEE5clearESt12_Ios_Iostate; std::basic_ios<char,std::char_traits<char>>::clear(std::_Ios_Iostate)|104-229-2-0
188792|data|DCD __imp_time|84-230-2-0
188796|data|DCD __imp___cxa_throw|184-229-2-0
188800|data|DCD __imp_tcgetattr|108-229-2-0
188804|data|DCD __imp___errno_location|28-230-2-0
188808|data|DCD __imp_strncpy|220-229-2-0
188812|data|DCD __imp_EVP_bf_cbc|124-229-2-0
188816|data|DCD __imp_memcmp|204-229-2-0
188820|data|DCD __imp___xpg_basename|236-229-2-0
188824|data|DCD __imp__ZNSt9exceptionD2Ev; std::exception::~exception()|4-230-2-0
188828|data|DCD __imp__ZNSt12__basic_fileIcED1Ev; std::__basic_file<char>::~__basic_file()|208-230-2-0
188832|data|DCD __imp__ZNSs9_M_mutateEjjj; std::string::_M_mutate(uint,uint,uint)|196-230-2-0
188836|data|DCD __imp___libc_start_main|0-231-2-0
188840|data|DCD __imp_dup|248-230-2-0
188844|data|DCD __imp___gmon_start__|28-231-2-0
188848|data|DCD __imp_dgettext|128-230-2-0
188852|data|DCD __imp_rename|160-229-2-0
188856|data|DCD __imp__ZNSt8ios_base4InitD1Ev; std::ios_base::Init::~Init()|8-230-2-0
188860|data|DCD _ZTVN5YAPET14YAPETExceptionE; `vtable for'YAPET::YAPETException|8-187-1-0
188864|data|DCD _ZN5YAPET29YAPETInvalidPasswordExceptionD1Ev+1; YAPET::YAPETInvalidPasswordException::~YAPETInvalidPasswordException()|145-141-1-0
188868|data|DCD _ZNSs4_Rep20_S_empty_rep_storageE; std::string::_Rep::_S_empty_rep_storage|64-226-2-0
188872|data|DCD _ZTIN5YAPET14YAPETExceptionE; `typeinfo for'YAPET::YAPETException|172-186-1-0
188876|data|DCD _ZTVN5YAPET29YAPETInvalidPasswordExceptionE; `vtable for'YAPET::YAPETInvalidPasswordException|176-222-2-0
188880|data|DCD __stack_chk_guard|80-226-2-0
188884|data|DCD _ZN5YAPET6RecordINS_13FileHeader_64EED0Ev+1; YAPET::Record<YAPET::FileHeader_64>::~Record()|93-141-1-0
188888|data|DCD _ZTVN5YAPET19YAPETRetryExceptionE; `vtable for'YAPET::YAPETRetryException|128-222-2-0
188892|data|DCD _ZTIN5YAPET19YAPETRetryExceptionE; `typeinfo for'YAPET::YAPETRetryException|72-222-2-0
188896|data|DCD _ZN5YAPET24YAPETEncryptionExceptionD1Ev+1; YAPET::YAPETEncryptionException::~YAPETEncryptionException()|169-142-1-0
188900|data|DCD _ZN5YAPET6RecordINS_13FileHeader_32EED0Ev+1; YAPET::Record<YAPET::FileHeader_32>::~Record()|253-140-1-0
188904|data|DCD _ZTIN5YAPET29YAPETInvalidPasswordExceptionE; `typeinfo for'YAPET::YAPETInvalidPasswordException|96-222-2-0
188908|data|DCD __pthread_key_create|16-231-2-0
188912|data|DCD _ZTIN5YAPET24YAPETEncryptionExceptionE; `typeinfo for'YAPET::YAPETEncryptionException|84-222-2-0
188916|data|DCD _ZTVN5YAPET6RecordINS_14PasswordRecordEEE; `vtable for'YAPET::Record<YAPET::PasswordRecord>|32-187-1-0
188920|data|DCD _ZN5YAPET19YAPETRetryExceptionD1Ev+1; YAPET::YAPETRetryException::~YAPETRetryException()|29-142-1-0
188924|data|DCD _ZNSt12out_of_rangeD1Ev; std::out_of_range::~out_of_range()|88-229-2-0
188928|data|DCD _ZTVN5YAPET24YAPETEncryptionExceptionE; `vtable for'YAPET::YAPETEncryptionException|152-222-2-0
188932|data|DCD _ZTISt12out_of_range; `typeinfo for'std::out_of_range|92-229-2-0
188936|data|DCD _ZTISt9exception; `typeinfo for'std::exception|144-228-2-0
188940|data|DCD __imp___gmon_start__|28-231-2-0
188944|data|DCD _ZTVN5YAPET6RecordINS_13FileHeader_64EEE; `vtable for'YAPET::Record<YAPET::FileHeader_64>|200-222-2-0
188948|data|DCD _ZN5YAPET6RecordINS_14PasswordRecordEED0Ev+1; YAPET::Record<YAPET::PasswordRecord>::~Record()|41-81-1-0
188952|data|DCD _ZTISt13runtime_error; `typeinfo for'std::runtime_error|56-229-2-0
188956|data|DCD _ZN5YAPET14YAPETExceptionD1Ev+1; YAPET::YAPETException::~YAPETException()|81-81-1-0
188960|data|DCD _ZTVN5YAPET6RecordINS_13FileHeader_32EEE; `vtable for'YAPET::Record<YAPET::FileHeader_32>|216-222-2-0
