address|type|disassembly|bytes
32768|data|DCD 0x464C457F; File format: \x7FELF|127-69-76-70
32772|data|DCB 1; File class: 32-bit|1
32773|data|DCB 1; Data encoding: little-endian|1
32774|data|DCB 1; File version|1
32775|data|DCB 0; OS/ABI: UNIX System V ABI|0
32776|data|DCB 0; ABI Version|0
32777|data|DCB 0, 0, 0, 0, 0, 0, 0; Padding|0-0-0-0-0-0-0
32784|data|DCW 2; File type: Executable|2-0
32786|data|DCW 0x28; Machine: ARM|40-0
32788|data|DCD 1; File version|1-0-0-0
32792|data|DCD start+1; Entry point|89-180-0-0
32796|data|DCD 0x34; PHT file offset|52-0-0-0
32800|data|DCD 0xBB58; SHT file offset|88-187-0-0
32804|data|DCD 0x5000002; Processor-specific flags|2-0-0-5
32808|data|DCW 0x34; ELF header size|52-0
32810|data|DCW 0x20; PHT entry size|32-0
32812|data|DCW 8; Number of entries in PHT|8-0
32814|data|DCW 0x28; SHT entry size|40-0
32816|data|DCW 0x1C; Number of entries in SHT|28-0
32818|data|DCW 0x1B; SHT entry index for string table|27-0
32820|data|DCD 0x70000001; Type: EXIDX|1-0-0-112
32824|data|DCD 0xB614; File offset|20-182-0-0
32828|data|DCD unk_13614; Virtual address|20-54-1-0
32832|data|DCD 0x13614; Physical address|20-54-1-0
32836|data|DCD 8; Size in file image|8-0-0-0
32840|data|DCD 8; Size in memory image|8-0-0-0
32844|data|DCD 4; Flags|4-0-0-0
32848|data|DCD 4; Alignment|4-0-0-0
32852|data|DCD 6; Type: PHDR|6-0-0-0
32856|data|DCD 0x34; File offset|52-0-0-0
32860|data|DCD dword_8034; Virtual address|52-128-0-0
32864|data|DCD 0x8034; Physical address|52-128-0-0
32868|data|DCD 0x100; Size in file image|0-1-0-0
32872|data|DCD 0x100; Size in memory image|0-1-0-0
32876|data|DCD 5; Flags|5-0-0-0
32880|data|DCD 4; Alignment|4-0-0-0
32884|data|DCD 3; Type: INTERP|3-0-0-0
32888|data|DCD 0x134; File offset|52-1-0-0
32892|data|DCD aLibArmLinuxGnu; Virtual address|52-129-0-0
32896|data|DCD 0x8134; Physical address|52-129-0-0
32900|data|DCD 0x27; Size in file image|39-0-0-0
32904|data|DCD 0x27; Size in memory image|39-0-0-0
32908|data|DCD 4; Flags|4-0-0-0
32912|data|DCD 1; Alignment|1-0-0-0
32916|data|DCD 1; Type: LOAD|1-0-0-0
32920|data|DCD 0; File offset|0-0-0-0
32924|data|DCD dword_8000; Virtual address|0-128-0-0
32928|data|DCD 0x8000; Physical address|0-128-0-0
32932|data|DCD 0xB620; Size in file image|32-182-0-0
32936|data|DCD 0xB620; Size in memory image|32-182-0-0
32940|data|DCD 5; Flags|5-0-0-0
32944|data|DCD 0x8000; Alignment|0-128-0-0
32948|data|DCD 1; Type: LOAD|1-0-0-0
32952|data|DCD 0xB620; File offset|32-182-0-0
32956|data|DCD off_1B620; Virtual address|32-182-1-0
32960|data|DCD 0x1B620; Physical address|32-182-1-0
32964|data|DCD 0x414; Size in file image|20-4-0-0
32968|data|DCD 0x530; Size in memory image|48-5-0-0
32972|data|DCD 6; Flags|6-0-0-0
32976|data|DCD 0x8000; Alignment|0-128-0-0
32980|data|DCD 2; Type: DYNAMIC|2-0-0-0
32984|data|DCD 0xB62C; File offset|44-182-0-0
32988|data|DCD stru_1B62C; Virtual address|44-182-1-0
32992|data|DCD 0x1B62C; Physical address|44-182-1-0
32996|data|DCD 0xF8; Size in file image|248-0-0-0
33000|data|DCD 0xF8; Size in memory image|248-0-0-0
33004|data|DCD 6; Flags|6-0-0-0
33008|data|DCD 4; Alignment|4-0-0-0
33012|data|DCD 4; Type: NOTE|4-0-0-0
33016|data|DCD 0x15C; File offset|92-1-0-0
33020|data|DCD dword_815C; Virtual address|92-129-0-0
33024|data|DCD 0x815C; Physical address|92-129-0-0
33028|data|DCD 0x44; Size in file image|68-0-0-0
33032|data|DCD 0x44; Size in memory image|68-0-0-0
33036|data|DCD 4; Flags|4-0-0-0
33040|data|DCD 4; Alignment|4-0-0-0
33044|data|DCD 0x6474E551; Type: STACK|81-229-116-100
33048|data|DCD 0; File offset|0-0-0-0
33052|data|DCD 0; Virtual address|0-0-0-0
33056|data|DCD 0; Physical address|0-0-0-0
33060|data|DCD 0; Size in file image|0-0-0-0
33064|data|DCD 0; Size in memory image|0-0-0-0
33068|data|DCD 6; Flags|6-0-0-0
33072|data|DCD 4; Alignment|4-0-0-0
33076|data|DCB "/lib/arm-linux-gnueabihf/ld-linux.so.3",0|47-108-105-98-47-97-114-109-45-108-105-110-117-120-45-103-110-117-101-97-98-105-104-102-47-108-100-45-108-105-110-117-120-46-115-111-46-51-0
33115|data|DCB 0|0
33116|data|DCD 4; Name Size|4-0-0-0
33120|data|DCD 0x10; Desc Size|16-0-0-0
33124|data|DCD 1; Type: NT_GNU_ABI_TAG|1-0-0-0
33128|data|DCB "GNU",0; Name|71-78-85-0
33132|data|DCD 0, 2, 6, 0x1A; ABI: Linux 2.6.26|0-0-0-0-2-0-0-0-6-0-0-0-26-0-0-0
33148|data|DCD 4; Name Size|4-0-0-0
33152|data|DCD 0x14; Desc Size|20-0-0-0
33156|data|DCD 3; Type: NT_GNU_BUILD_ID|3-0-0-0
33160|data|DCB "GNU",0; Name|71-78-85-0
33164|data|DCB 8, 0x56, 0xB0, 0xEA, 0x4B, 0x8C, 0x7F, 0x28, 0x50; Desc|8-86-176-234-75-140-127-40-80-124-85-234-77-26-184-181-30-89-223-237
33184|data|DCD 0x61|97-0-0-0
33188|data|DCD 0x6C|108-0-0-0
33192|data|DCD 0x20, 0, 0x55, 0x4E, 0, 0x2E, 0, 0, 0x64, 0, 0, 0|32-0-0-0-0-0-0-0-85-0-0-0-78-0-0-0-0-0-0-0-46-0-0-0-0-0-0-0-0-0-0-0-100-0-0-0-0-0-0-0-0-0-0-0-0-0-0-0-34-0-0-0-0-0-0-0-52-0-0-0-0-0-0-0-45-0-0-0-47-0-0-0-84-0-0-0-30-0-0-0-43-0-0-0-69-0-0-0-106-0-0-0-0-0-0-0-0-0-0-0-77-0-0-0-16-0-0-0-71-0-0-0-35-0-0-0-0-0-0-0-66-0-0-0-19-0-0-0-83-0-0-0-87-0-0-0-2-0-0-0-0-0-0-0-105-0-0-0-61-0-0-0-0-0-0-0-82-0-0-0-0-0-0-0-102-0-0-0-94-0-0-0-44-0-0-0-12-0-0-0-60-0-0-0-23-0-0-0-101-0-0-0-0-0-0-0-75-0-0-0-81-0-0-0-48-0-0-0-14-0-0-0-22-0-0-0-0-0-0-0-10-0-0-0-1-0-0-0-13-0-0-0-0-0-0-0-0-0-0-0-80-0-0-0-98-0-0-0-103-0-0-0-9-0-0-0-76-0-0-0-0-0-0-0-0-0-0-0-8-0-0-0-91-0-0-0-49-0-0-0-20-0-0-0-67-0-0-0-42-0-0-0-0-0-0-0-27-0-0-0-7-0-0-0-0-0-0-0-26-0-0-0-56-0-0-0-57-0-0-0-97-0-0-0-0-0-0-0-37-0-0-0-72-0-0-0-29-0-0-0-50-0-0-0-6-0-0-0-104-0-0-0-0-0-0-0-65-0-0-0-0-0-0-0-0-0-0-0-73-0-0-0-38-0-0-0-93-0-0-0-96-0-0-0-79-0-0-0
33580|data|DCD 0, 0, 0x19, 0, 0x3A, 0, 0, 0, 0, 0x27, 0, 0, 0, 0x36|0-0-0-0-0-0-0-0-25-0-0-0-0-0-0-0-58-0-0-0-0-0-0-0-0-0-0-0-0-0-0-0-0-0-0-0-39-0-0-0-0-0-0-0-0-0-0-0-0-0-0-0-54-0-0-0-0-0-0-0-0-0-0-0-0-0-0-0-0-0-0-0-0-0-0-0-0-0-0-0-0-0-0-0-55-0-0-0-0-0-0-0-68-0-0-0-0-0-0-0-0-0-0-0-0-0-0-0-0-0-0-0-40-0-0-0-36-0-0-0-3-0-0-0-51-0-0-0-0-0-0-0-0-0-0-0-0-0-0-0-53-0-0-0-0-0-0-0-11-0-0-0-0-0-0-0-18-0-0-0-0-0-0-0-0-0-0-0-0-0-0-0-0-0-0-0-0-0-0-0-0-0-0-0-0-0-0-0-74-0-0-0-0-0-0-0-86-0-0-0-0-0-0-0-0-0-0-0-0-0-0-0-0-0-0-0-70-0-0-0-0-0-0-0-0-0-0-0-0-0-0-0-0-0-0-0-0-0-0-0-99-0-0-0-107-0-0-0-5-0-0-0-31-0-0-0-0-0-0-0-0-0-0-0-0-0-0-0-62-0-0-0-63-0-0-0-59-0-0-0-92-0-0-0-21-0-0-0-88-0-0-0-0-0-0-0-0-0-0-0-89-0-0-0-0-0-0-0-0-0-0-0-15-0-0-0-28-0-0-0-0-0-0-0-0-0-0-0-0-0-0-0-24-0-0-0-0-0-0-0-0-0-0-0-0-0-0-0-0-0-0-0-0-0-0-0-0-0-0-0-0-0-0-0-95-0-0-0-0-0-0-0-90-0-0-0-41-0-0-0-0-0-0-0-0-0-0-0-0-0-0-0-33-0-0-0-0-0-0-0-0-0-0-0-64-0-0-0-0-0-0-0-0-0-0-0-0-0-0-0-0-0-0-0-4-0-0-0-17-0-0-0
34012|data|DCD 0x61|97-0-0-0
34016|data|DCD 3|3-0-0-0
34020|data|DCD 0x20|32-0-0-0
34024|data|DCD 0xA|10-0-0-0
34028|data|DCD 0x8201BA0, 0x211B6402, 0x40401040, 0x6600042, 0x56900481|160-27-32-8-2-100-27-33-64-16-64-64-66-0-96-6-129-4-144-86-9-54-1-16-0-192-0-0-0-33-0-136-0-0-64-4-137-17-0-68-137-0-2-0-128-8-160-42-48-20-129-52-40-0-0-9-32-0-0-145-128-144-0-42-128-88-200-100-144-116-8-146-72-0-0-10-0-32-32-0-96-64-0-32-0-1-68-128-0-128-64-0-17-177-148-16-147-41-192-9-2-0-8-68-0-16-224-73-0-32-64-24-4-64-0-48-4-2-0-137-96-144-129-44-0-5-80-0
34156|data|DCD 3, 0, 0, 5, 0, 0, 7, 9, 0xA, 0, 0xB, 0xE, 0x10, 0x11|3-0-0-0-0-0-0-0-0-0-0-0-5-0-0-0-0-0-0-0-0-0-0-0-7-0-0-0-9-0-0-0-10-0-0-0-0-0-0-0-11-0-0-0-14-0-0-0-16-0-0-0-17-0-0-0-18-0-0-0-21-0-0-0-24-0-0-0-0-0-0-0-0-0-0-0-28-0-0-0-0-0-0-0-29-0-0-0-31-0-0-0-34-0-0-0-36-0-0-0-0-0-0-0-38-0-0-0-39-0-0-0-0-0-0-0-41-0-0-0-43-0-0-0-48-0-0-0-0-0-0-0-0-0-0-0-51-0-0-0-0-0-0-0-52-0-0-0-53-0-0-0-55-0-0-0-56-0-0-0-57-0-0-0-58-0-0-0-59-0-0-0-0-0-0-0-0-0-0-0-0-0-0-0-62-0-0-0-63-0-0-0-64-0-0-0-65-0-0-0-0-0-0-0-67-0-0-0-69-0-0-0-70-0-0-0-71-0-0-0-0-0-0-0-0-0-0-0-73-0-0-0-74-0-0-0-75-0-0-0-76-0-0-0-78-0-0-0-0-0-0-0-79-0-0-0-80-0-0-0-82-0-0-0-0-0-0-0-0-0-0-0-83-0-0-0-0-0-0-0-87-0-0-0-0-0-0-0-88-0-0-0-0-0-0-0-90-0-0-0-0-0-0-0-0-0-0-0-91-0-0-0-0-0-0-0-0-0-0-0-0-0-0-0-93-0-0-0-95-0-0-0-0-0-0-0-0-0-0-0-0-0-0-0-96-0-0-0-99-0-0-0-100-0-0-0-102-0-0-0-0-0-0-0-103-0-0-0-104-0-0-0-0-0-0-0-106-0-0-0-0-0-0-0-107-0-0-0
34544|data|DCD 0xFFAE2C08, 0x4D2E34FF, 0x1C93DB56, 0xBA8465E7, 0xFD40322C|8-44-174-255-255-52-46-77-86-219-147-28-231-101-132-186-44-50-64-253-199-195-238-28-23-47-116-15-233-130-132-40-238-49-117-25-232-252-72-62-27-219-56-36-118-84-60-148-205-63-12-175-247-35-206-32-163-36-103-32-186-139-202-161-32-49-231-75-33-116-176-2-46-78-61-246-18-58-3-0-219-247-0-94-6-164-135-255-0-175-52-232-156-21-169-15-13-19-193-47-135-128-40-16-42-158-7-253-63-249-255-188-156-49-210-171-102-85-97-16-57-64-12-175-62-126-150-124-109-115-133-197-196-111-73-62-223-21-193-82-97-152-239-18-254-236-132-20-1-35-249-164-150-169-186-218-157-187-147-28-66-69-213-236-148-120-158-124-30-118-181-218-132-186-150-124-125-237-17-15-186-149-147-28-90-154-59-15-157-139-231-39-77-248-242-13-173-112-14-175-22-234-118-254-89-239-151-121-57-242-139-28-71-88-55-15-109-86-19-255-95-87-115-240-234-211-239-14-176-176-168-148-185-141-241-14-87-51-102-15-237-222-147-28-237-222-147-28-216-113-88-28-57-146-227-112-42-208-225-34-179-162-247-18-139-228-238-28-191-39-21-54-186-227-146-124-209-95-57-15-251-117-117-132-237-146-115-240-11-178-226-39-22-233-222-208-207-56-57-15-207-218-147-28-119-229-150-124-154-92-208-149-237-114-188-182-155-145-8-255-58-13-133-179-40-29-140-28-32-207-9-253-21-176-250-216-49-184-130-13-190-218-87-27-59-251-159-124-119-111-227-112-22-227-63-15-71-1-117-15-6-174-213-39-171-0-91-208-135-240-150-124-144-117-130-13-66-102-75-16-45-180-56-82-157-26-1-94-4-108-178-205-7-47-116-15-23-234-90-241-107-101-93-20-50-196-247-18-243-190-71-62-253-210-239-15-121-104-135-255
34964|data|Elf32_Sym <0>|0-0-0-0-0-0-0-0-0-0-0-0-0-0-0-0
34980|data|Elf32_Sym <aGmonStart - byte_8F54, 0, 0, 0x20, 0, 0>; "__gmon_start__"|18-0-0-0-0-0-0-0-0-0-0-0-32-0-0-0
34996|data|Elf32_Sym <aJvRegisterclas - byte_8F54, 0, 0, 0x20, 0, 0>; "_Jv_RegisterClasses"|33-0-0-0-0-0-0-0-0-0-0-0-32-0-0-0
35012|data|Elf32_Sym <aGetpwnam - byte_8F54, getpwnam, 0, 0x12, 0, 0>; "getpwnam"|224-1-0-0-72-151-0-0-0-0-0-0-18-0-0-0
35028|data|Elf32_Sym <aGStrdupPrintf - byte_8F54, g_strdup_printf, 0, 0x12, 0, 0>; "g_strdup_printf"|53-0-0-0-0-153-0-0-0-0-0-0-18-0-0-0
35044|data|Elf32_Sym <aStrstr - byte_8F54, strstr, 0, 0x12, 0, 0>; "strstr"|255-1-0-0-60-151-0-0-0-0-0-0-18-0-0-0
35060|data|Elf32_Sym <aFopen64 - byte_8F54, fopen64, 0, 0x12, 0, 0>; "fopen64"|33-3-0-0-236-154-0-0-0-0-0-0-18-0-0-0
35076|data|Elf32_Sym <aFflush - byte_8F54, fflush, 0, 0x12, 0, 0>; "fflush"|1-1-0-0-132-151-0-0-0-0-0-0-18-0-0-0
35092|data|Elf32_Sym <aSyslog - byte_8F54, syslog, 0, 0x12, 0, 0>; "syslog"|217-1-0-0-172-154-0-0-0-0-0-0-18-0-0-0
35108|data|Elf32_Sym <aFputs - byte_8F54, fputs, 0, 0x12, 0, 0>; "fputs"|70-2-0-0-40-155-0-0-0-0-0-0-18-0-0-0
35124|data|Elf32_Sym <aGAsciiStrcasec - byte_8F54, g_ascii_strcasecmp, 0, 0x12, \; "g_ascii_strcasecmp"|202-0-0-0-252-151-0-0-0-0-0-0-18-0-0-0
35140|data|Elf32_Sym <aRindex - byte_8F54, rindex, 0, 0x12, 0, 0>; "rindex"|245-2-0-0-20-152-0-0-0-0-0-0-18-0-0-0
35156|data|Elf32_Sym <aRegexec - byte_8F54, regexec, 0, 0x12, 0, 0>; "regexec"|56-1-0-0-32-152-0-0-0-0-0-0-18-0-0-0
35172|data|Elf32_Sym <aGStrchomp - byte_8F54, g_strchomp, 0, 0x12, 0, 0>; "g_strchomp"|140-0-0-0-136-154-0-0-0-0-0-0-18-0-0-0
35188|data|Elf32_Sym <aBssStart_0 - byte_8F54, unk_1BA34, 0, 0x10, 0, 0xFFF1>; "__bss_start__"|115-3-0-0-52-186-1-0-0-0-0-0-16-0-241-255
35204|data|Elf32_Sym <aStrncmp - byte_8F54, strncmp, 0, 0x12, 0, 0>; "strncmp"|28-1-0-0-52-155-0-0-0-0-0-0-18-0-0-0
35220|data|Elf32_Sym <aUnlink - byte_8F54, unlink, 0, 0x12, 0, 0>; "unlink"|154-1-0-0-8-152-0-0-0-0-0-0-18-0-0-0
35236|data|Elf32_Sym <aGMalloc - byte_8F54, g_malloc, 0, 0x12, 0, 0>; "g_malloc"|109-0-0-0-84-151-0-0-0-0-0-0-18-0-0-0
35252|data|Elf32_Sym <aGStrEqual - byte_8F54, g_str_equal, 0, 0x12, 0, 0>; "g_str_equal"|97-0-0-0-168-151-0-0-0-0-0-0-18-0-0-0
35268|data|Elf32_Sym <aIsoc99Sscanf - byte_8F54, __isoc99_sscanf, 0, 0x12, 0, 0>; "__isoc99_sscanf"|80-1-0-0-176-153-0-0-0-0-0-0-18-0-0-0
35284|data|Elf32_Sym <aXstat64 - byte_8F54, __xstat64, 0, 0x12, 0, 0>; "__xstat64"|116-2-0-0-28-155-0-0-0-0-0-0-18-0-0-0
35300|data|Elf32_Sym <aLibcStartMain - byte_8F54, __libc_start_main, 0, 0x12, 0, \; "__libc_start_main"|57-3-0-0-228-152-0-0-0-0-0-0-18-0-0-0
35316|data|Elf32_Sym <aGlob64 - byte_8F54, glob64, 0, 0x12, 0, 0>; "glob64"|115-1-0-0-52-154-0-0-0-0-0-0-18-0-0-0
35332|data|Elf32_Sym <aClosedir - byte_8F54, closedir, 0, 0x12, 0, 0>; "closedir"|106-1-0-0-112-155-0-0-0-0-0-0-18-0-0-0
35348|data|Elf32_Sym <aGetuid - byte_8F54, getuid, 0, 0x12, 0, 0>; "getuid"|155-2-0-0-144-151-0-0-0-0-0-0-18-0-0-0
35364|data|Elf32_Sym <aBssEnd+1 - byte_8F54, _end_0, 0, 0x10, 0, 0xFFF1>; "_bss_end__"|130-3-0-0-80-187-1-0-0-0-0-0-16-0-241-255
35380|data|Elf32_Sym <aRindex+1 - byte_8F54, index, 0, 0x12, 0, 0>; "index"|246-2-0-0-104-152-0-0-0-0-0-0-18-0-0-0
35396|data|Elf32_Sym <aGStrdup - byte_8F54, g_strdup, 0, 0x12, 0, 0>; "g_strdup"|76-0-0-0-224-154-0-0-0-0-0-0-18-0-0-0
35412|data|Elf32_Sym <aPopen - byte_8F54, popen, 0, 0x12, 0, 0>; "popen"|179-1-0-0-64-154-0-0-0-0-0-0-18-0-0-0
35428|data|Elf32_Sym <aFchown - byte_8F54, fchown, 0, 0x12, 0, 0>; "fchown"|50-2-0-0-124-153-0-0-0-0-0-0-18-0-0-0
35444|data|Elf32_Sym <aFprintf - byte_8F54, fprintf, 0, 0x12, 0, 0>; "fprintf"|237-2-0-0-136-153-0-0-0-0-0-0-18-0-0-0
35460|data|Elf32_Sym <aGStrconcat - byte_8F54, g_strconcat, 0, 0x12, 0, 0>; "g_strconcat"|118-0-0-0-168-152-0-0-0-0-0-0-18-0-0-0
35476|data|Elf32_Sym <aStdin - byte_8F54, stdin, 4, 0x11, 0, 0x19>; "stdin"|173-1-0-0-72-186-1-0-4-0-0-0-17-0-25-0
35492|data|Elf32_Sym <aStrncpy - byte_8F54, strncpy, 0, 0x12, 0, 0>; "strncpy"|122-1-0-0-236-153-0-0-0-0-0-0-18-0-0-0
35508|data|Elf32_Sym <aExit - byte_8F54, exit, 0, 0x12, 0, 0>; "exit"|8-1-0-0-76-153-0-0-0-0-0-0-18-0-0-0
35524|data|Elf32_Sym <aLxstat64 - byte_8F54, __lxstat64, 0, 0x12, 0, 0>; "__lxstat64"|97-2-0-0-88-155-0-0-0-0-0-0-18-0-0-0
35540|data|Elf32_Sym <aRegfree - byte_8F54, regfree, 0, 0x12, 0, 0>; "regfree"|135-1-0-0-180-152-0-0-0-0-0-0-18-0-0-0
35556|data|Elf32_Sym <aGSnprintf - byte_8F54, g_snprintf, 0, 0x12, 0, 0>; "g_snprintf"|161-0-0-0-248-154-0-0-0-0-0-0-18-0-0-0
35572|data|Elf32_Sym <aFopen64+1 - byte_8F54, open64, 0, 0x12, 0, 0>; "open64"|34-3-0-0-216-152-0-0-0-0-0-0-18-0-0-0
35588|data|Elf32_Sym <aPerror - byte_8F54, perror, 0, 0x12, 0, 0>; "perror"|73-1-0-0-92-152-0-0-0-0-0-0-18-0-0-0
35604|data|Elf32_Sym <aErrnoLocation - byte_8F54, __errno_location, 0, 0x12, 0, \; "__errno_location"|12-2-0-0-160-153-0-0-0-0-0-0-18-0-0-0
35620|data|Elf32_Sym <aIoPutc - byte_8F54, _IO_putc, 0, 0x12, 0, 0>; "_IO_putc"|19-1-0-0-140-152-0-0-0-0-0-0-18-0-0-0
35636|data|Elf32_Sym <aStrlen - byte_8F54, strlen, 0, 0x12, 0, 0>; "strlen"|233-1-0-0-100-153-0-0-0-0-0-0-18-0-0-0
35652|data|Elf32_Sym <aEdata - byte_8F54, unk_1BA34, 0, 0x10, 0, 0xFFF1>; "_edata"|96-3-0-0-52-186-1-0-0-0-0-0-16-0-241-255
35668|data|Elf32_Sym <aCtime+1 - byte_8F54, time, 0, 0x12, 0, 0>; "time"|36-2-0-0-192-151-0-0-0-0-0-0-18-0-0-0
35684|data|Elf32_Sym <aIoGetc - byte_8F54, _IO_getc, 0, 0x12, 0, 0>; "_IO_getc"|48-3-0-0-216-151-0-0-0-0-0-0-18-0-0-0
35700|data|Elf32_Sym <aFeof - byte_8F54, feof, 0, 0x12, 0, 0>; "feof"|212-1-0-0-88-153-0-0-0-0-0-0-18-0-0-0
35716|data|Elf32_Sym <aAbort - byte_8F54, abort, 0, 0x12, 0, 0>; "abort"|167-1-0-0-64-155-0-0-0-0-0-0-18-0-0-0
35732|data|Elf32_Sym <aStrchr - byte_8F54, strchr, 0, 0x12, 0, 0>; "strchr"|230-2-0-0-112-153-0-0-0-0-0-0-18-0-0-0
35748|data|Elf32_Sym <aFclose+1 - byte_8F54, close, 0, 0x12, 0, 0>; "close"|84-2-0-0-76-155-0-0-0-0-0-0-18-0-0-0
35764|data|Elf32_Sym <aGStrlcpy - byte_8F54, g_strlcpy, 0, 0x12, 0, 0>; "g_strlcpy"|172-0-0-0-100-155-0-0-0-0-0-0-18-0-0-0
35780|data|Elf32_Sym <aMktime - byte_8F54, mktime, 0, 0x12, 0, 0>; "mktime"|252-2-0-0-120-151-0-0-0-0-0-0-18-0-0-0
35796|data|Elf32_Sym <aStrrchr - byte_8F54, strrchr, 0, 0x12, 0, 0>; "strrchr"|43-1-0-0-124-154-0-0-0-0-0-0-18-0-0-0
35812|data|Elf32_Sym <aFwrite - byte_8F54, fwrite, 0, 0x12, 0, 0>; "fwrite"|189-2-0-0-152-152-0-0-0-0-0-0-18-0-0-0
35828|data|Elf32_Sym <aEnd - byte_8F54, _end_0, 0, 0x10, 0, 0xFFF1>; "__end__"|141-3-0-0-80-187-1-0-0-0-0-0-16-0-241-255
35844|data|Elf32_Sym <aStderr - byte_8F54, stderr, 4, 0x11, 0, 0x19>; "stderr"|141-2-0-0-64-186-1-0-4-0-0-0-17-0-25-0
35860|data|Elf32_Sym <aSigaction - byte_8F54, sigaction, 0, 0x12, 0, 0>; "sigaction"|202-2-0-0-128-152-0-0-0-0-0-0-18-0-0-0
35876|data|Elf32_Sym <aGFree - byte_8F54, g_free, 0, 0x12, 0, 0>; "g_free"|69-0-0-0-108-151-0-0-0-0-0-0-18-0-0-0
35892|data|Elf32_Sym <aGetegid - byte_8F54, getegid, 0, 0x12, 0, 0>; "getegid"|162-2-0-0-116-152-0-0-0-0-0-0-18-0-0-0
35908|data|Elf32_Sym <aFini - byte_8F54, .term_proc+1, 0, 0x12, 0, 0xF>; "_fini"|84-3-0-0-225-7-1-0-0-0-0-0-18-0-15-0
35924|data|Elf32_Sym <aCtypeTolowerLo - byte_8F54, __ctype_tolower_loc, 0, 0x12, \; "__ctype_tolower_loc"|13-3-0-0-36-153-0-0-0-0-0-0-18-0-0-0
35940|data|Elf32_Sym <aInit - byte_8F54, .init_proc+1, 0, 0x12, 0, 0xC>; "_init"|90-3-0-0-29-151-0-0-0-0-0-0-18-0-12-0
35956|data|Elf32_Sym <aExecl - byte_8F54, execl, 0, 0x12, 0, 0>; "execl"|13-1-0-0-100-154-0-0-0-0-0-0-18-0-0-0
35972|data|Elf32_Sym <aStrtok - byte_8F54, strtok, 0, 0x12, 0, 0>; "strtok"|198-1-0-0-40-154-0-0-0-0-0-0-18-0-0-0
35988|data|Elf32_Sym <aStrtol - byte_8F54, strtol, 0, 0x12, 0, 0>; "strtol"|205-1-0-0-96-151-0-0-0-0-0-0-18-0-0-0
36004|data|Elf32_Sym <aBssStart - byte_8F54, unk_1BA34, 0, 0x10, 0, 0xFFF1>; "__bss_start"|103-3-0-0-52-186-1-0-0-0-0-0-16-0-241-255
36020|data|Elf32_Sym <aOpenlog - byte_8F54, openlog, 0, 0x12, 0, 0>; "openlog"|240-1-0-0-196-154-0-0-0-0-0-0-18-0-0-0
36036|data|Elf32_Sym <aReaddir64 - byte_8F54, readdir64, 0, 0x12, 0, 0>; "readdir64"|3-3-0-0-184-154-0-0-0-0-0-0-18-0-0-0
36052|data|Elf32_Sym <aOptarg - byte_8F54, optarg, 4, 0x11, 0, 0x19>; "optarg"|134-2-0-0-80-186-1-0-4-0-0-0-17-0-25-0
36068|data|Elf32_Sym <aSystem - byte_8F54, system, 0, 0x12, 0, 0>; "system"|148-2-0-0-240-152-0-0-0-0-0-0-18-0-0-0
36084|data|Elf32_Sym <aLocaltime - byte_8F54, localtime, 0, 0x12, 0, 0>; "localtime"|220-2-0-0-12-153-0-0-0-0-0-0-18-0-0-0
36100|data|Elf32_Sym <aEnd_0 - byte_8F54, _end_0, 0, 0x10, 0, 0xFFF1>; "_end"|149-3-0-0-80-187-1-0-0-0-0-0-16-0-241-255
36116|data|Elf32_Sym <aChmod - byte_8F54, chmod, 0, 0x12, 0, 0>; "chmod"|192-1-0-0-16-155-0-0-0-0-0-0-18-0-0-0
36132|data|Elf32_Sym <aSigfillset - byte_8F54, sigfillset, 0, 0x12, 0, 0>; "sigfillset"|143-1-0-0-148-153-0-0-0-0-0-0-18-0-0-0
36148|data|Elf32_Sym <aGeteuid - byte_8F54, geteuid, 0, 0x12, 0, 0>; "geteuid"|212-2-0-0-80-152-0-0-0-0-0-0-18-0-0-0
36164|data|Elf32_Sym <aGStrchug - byte_8F54, g_strchug, 0, 0x12, 0, 0>; "g_strchug"|130-0-0-0-88-154-0-0-0-0-0-0-18-0-0-0
36180|data|Elf32_Sym <aGAsciiStrncase - byte_8F54, g_ascii_strncasecmp, 0, 0x12, \; "g_ascii_strncasecmp"|182-0-0-0-228-151-0-0-0-0-0-0-18-0-0-0
36196|data|Elf32_Sym <aChdir - byte_8F54, chdir, 0, 0x12, 0, 0>; "chdir"|29-2-0-0-56-152-0-0-0-0-0-0-18-0-0-0
36212|data|Elf32_Sym <aStrspn - byte_8F54, strspn, 0, 0x12, 0, 0>; "strspn"|185-1-0-0-136-155-0-0-0-0-0-0-18-0-0-0
36228|data|Elf32_Sym <aFork - byte_8F54, fork, 0, 0x12, 0, 0>; "fork"|130-1-0-0-76-154-0-0-0-0-0-0-18-0-0-0
36244|data|Elf32_Sym <aStatvfs64 - byte_8F54, statvfs64, 0, 0x12, 0, 0>; "statvfs64"|96-1-0-0-4-154-0-0-0-0-0-0-18-0-0-0
36260|data|Elf32_Sym <aGRealloc - byte_8F54, g_realloc, 0, 0x12, 0, 0>; "g_realloc"|151-0-0-0-112-154-0-0-0-0-0-0-18-0-0-0
36276|data|Elf32_Sym <aGetgrnam - byte_8F54, getgrnam, 0, 0x12, 0, 0>; "getgrnam"|41-2-0-0-124-155-0-0-0-0-0-0-18-0-0-0
36292|data|Elf32_Sym <aGAsciiStrcasec+8 - byte_8F54, strcasecmp, 0, 0x12, 0, 0>; "strcasecmp"|210-0-0-0-68-152-0-0-0-0-0-0-18-0-0-0
36308|data|Elf32_Sym <aStdout - byte_8F54, stdout, 4, 0x11, 0, 0x19>; "stdout"|57-2-0-0-76-186-1-0-4-0-0-0-17-0-25-0
36324|data|Elf32_Sym <aFclose - byte_8F54, fclose, 0, 0x12, 0, 0>; "fclose"|83-2-0-0-28-154-0-0-0-0-0-0-18-0-0-0
36340|data|Elf32_Sym <aGlobfree64 - byte_8F54, globfree64, 0, 0x12, 0, 0>; "globfree64"|246-0-0-0-160-154-0-0-0-0-0-0-18-0-0-0
36356|data|Elf32_Sym <aMemset - byte_8F54, memset, 0, 0x12, 0, 0>; "memset"|248-1-0-0-224-153-0-0-0-0-0-0-18-0-0-0
36372|data|Elf32_Sym <aBssEnd - byte_8F54, _end_0, 0, 0x10, 0, 0xFFF1>; "__bss_end__"|129-3-0-0-80-187-1-0-0-0-0-0-16-0-241-255
36388|data|Elf32_Sym <aWait - byte_8F54, wait, 0, 0x12, 0, 0>; "wait"|51-1-0-0-44-152-0-0-0-0-0-0-18-0-0-0
36404|data|Elf32_Sym <aOpendir - byte_8F54, opendir, 0, 0x12, 0, 0>; "opendir"|108-2-0-0-204-152-0-0-0-0-0-0-18-0-0-0
36420|data|Elf32_Sym <aCtime - byte_8F54, ctime, 0, 0x12, 0, 0>; "ctime"|35-2-0-0-240-151-0-0-0-0-0-0-18-0-0-0
36436|data|Elf32_Sym <aFread - byte_8F54, fread, 0, 0x12, 0, 0>; "fread"|196-2-0-0-192-152-0-0-0-0-0-0-18-0-0-0
36452|data|Elf32_Sym <aGetoptLong - byte_8F54, getopt_long, 0, 0x12, 0, 0>; "getopt_long"|170-2-0-0-64-153-0-0-0-0-0-0-18-0-0-0
36468|data|Elf32_Sym <aGFileTest - byte_8F54, g_file_test, 0, 0x12, 0, 0>; "g_file_test"|85-0-0-0-4-155-0-0-0-0-0-0-18-0-0-0
36484|data|Elf32_Sym <aGFree+2 - byte_8F54, free, 0, 0x12, 0, 0>; "free"|71-0-0-0-156-151-0-0-0-0-0-0-18-0-0-0
36500|data|Elf32_Sym <aMemcpy - byte_8F54, memcpy, 0, 0x12, 0, 0>; "memcpy"|76-2-0-0-180-151-0-0-0-0-0-0-18-0-0-0
36516|data|Elf32_Sym <aRmdir - byte_8F54, rmdir, 0, 0x12, 0, 0>; "rmdir"|6-2-0-0-204-151-0-0-0-0-0-0-18-0-0-0
36532|data|Elf32_Sym <aXpgBasename - byte_8F54, __xpg_basename, 0, 0x12, 0, 0>; "__xpg_basename"|231-0-0-0-248-153-0-0-0-0-0-0-18-0-0-0
36548|data|Elf32_Sym <aCloselog - byte_8F54, closelog, 0, 0x12, 0, 0>; "closelog"|75-3-0-0-24-153-0-0-0-0-0-0-18-0-0-0
36564|data|Elf32_Sym <aStrdup - byte_8F54, __strdup, 0, 0x12, 0, 0>; "__strdup"|64-1-0-0-188-153-0-0-0-0-0-0-18-0-0-0
36580|data|Elf32_Sym <aFputc - byte_8F54, fputc, 0, 0x12, 0, 0>; "fputc"|64-2-0-0-148-154-0-0-0-0-0-0-18-0-0-0
36596|data|Elf32_Sym <aAccess - byte_8F54, access, 0, 0x12, 0, 0>; "access"|41-3-0-0-16-154-0-0-0-0-0-0-18-0-0-0
36612|data|Elf32_Sym <aPclose - byte_8F54, pclose, 0, 0x12, 0, 0>; "pclose"|182-2-0-0-148-155-0-0-0-0-0-0-18-0-0-0
36628|data|Elf32_Sym <aOptind - byte_8F54, optind, 4, 0x11, 0, 0x19>; "optind"|36-1-0-0-56-186-1-0-4-0-0-0-17-0-25-0
36644|data|Elf32_Sym <aRegcomp - byte_8F54, regcomp, 0, 0x12, 0, 0>; "regcomp"|126-2-0-0-208-154-0-0-0-0-0-0-18-0-0-0
36660|data|Elf32_Sym <aMkdir - byte_8F54, mkdir, 0, 0x12, 0, 0>; "mkdir"|161-1-0-0-200-153-0-0-0-0-0-0-18-0-0-0
36676|data|Elf32_Sym <aGetgid - byte_8F54, getgid, 0, 0x12, 0, 0>; "getgid"|90-2-0-0-212-153-0-0-0-0-0-0-18-0-0-0
36692|data|DCB 0|0
36693|data|DCB "libglib-2.0.so.0",0|108-105-98-103-108-105-98-45-50-46-48-46-115-111-46-48-0
36710|data|DCB "__gmon_start__",0|95-95-103-109-111-110-95-115-116-97-114-116-95-95-0
36725|data|DCB "_Jv_RegisterClasses",0|95-74-118-95-82-101-103-105-115-116-101-114-67-108-97-115-115-101-115-0
36745|data|DCB "g_strdup_printf",0|103-95-115-116-114-100-117-112-95-112-114-105-110-116-102-0
36761|data|DCB "g_free",0|103-95-102-114-101-101-0
36768|data|DCB "g_strdup",0|103-95-115-116-114-100-117-112-0
36777|data|DCB "g_file_test",0|103-95-102-105-108-101-95-116-101-115-116-0
36789|data|DCB "g_str_equal",0|103-95-115-116-114-95-101-113-117-97-108-0
36801|data|DCB "g_malloc",0|103-95-109-97-108-108-111-99-0
36810|data|DCB "g_strconcat",0|103-95-115-116-114-99-111-110-99-97-116-0
36822|data|DCB "g_strchug",0|103-95-115-116-114-99-104-117-103-0
36832|data|DCB "g_strchomp",0|103-95-115-116-114-99-104-111-109-112-0
36843|data|DCB "g_realloc",0|103-95-114-101-97-108-108-111-99-0
36853|data|DCB "g_snprintf",0|103-95-115-110-112-114-105-110-116-102-0
36864|data|DCB "g_strlcpy",0|103-95-115-116-114-108-99-112-121-0
36874|data|DCB "g_ascii_strncasecmp",0|103-95-97-115-99-105-105-95-115-116-114-110-99-97-115-101-99-109-112-0
36894|data|DCB "g_ascii_strcasecmp",0|103-95-97-115-99-105-105-95-115-116-114-99-97-115-101-99-109-112-0
36913|data|DCB "libc.so.6",0|108-105-98-99-46-115-111-46-54-0
36923|data|DCB "__xpg_basename",0|95-95-120-112-103-95-98-97-115-101-110-97-109-101-0
36938|data|DCB "globfree64",0|103-108-111-98-102-114-101-101-54-52-0
36949|data|DCB "fflush",0|102-102-108-117-115-104-0
36956|data|DCB "exit",0|101-120-105-116-0
36961|data|DCB "execl",0|101-120-101-99-108-0
36967|data|DCB "_IO_putc",0|95-73-79-95-112-117-116-99-0
36976|data|DCB "strncmp",0|115-116-114-110-99-109-112-0
36984|data|DCB "optind",0|111-112-116-105-110-100-0
36991|data|DCB "strrchr",0|115-116-114-114-99-104-114-0
36999|data|DCB "wait",0|119-97-105-116-0
37004|data|DCB "regexec",0|114-101-103-101-120-101-99-0
37012|data|DCB "__strdup",0|95-95-115-116-114-100-117-112-0
37021|data|DCB "perror",0|112-101-114-114-111-114-0
37028|data|DCB "__isoc99_sscanf",0|95-95-105-115-111-99-57-57-95-115-115-99-97-110-102-0
37044|data|DCB "statvfs64",0|115-116-97-116-118-102-115-54-52-0
37054|data|DCB "closedir",0|99-108-111-115-101-100-105-114-0
37063|data|DCB "glob64",0|103-108-111-98-54-52-0
37070|data|DCB "strncpy",0|115-116-114-110-99-112-121-0
37078|data|DCB "fork",0|102-111-114-107-0
37083|data|DCB "regfree",0|114-101-103-102-114-101-101-0
37091|data|DCB "sigfillset",0|115-105-103-102-105-108-108-115-101-116-0
37102|data|DCB "unlink",0|117-110-108-105-110-107-0
37109|data|DCB "mkdir",0|109-107-100-105-114-0
37115|data|DCB "abort",0|97-98-111-114-116-0
37121|data|DCB "stdin",0|115-116-100-105-110-0
37127|data|DCB "popen",0|112-111-112-101-110-0
37133|data|DCB "strspn",0|115-116-114-115-112-110-0
37140|data|DCB "chmod",0|99-104-109-111-100-0
37146|data|DCB "strtok",0|115-116-114-116-111-107-0
37153|data|DCB "strtol",0|115-116-114-116-111-108-0
37160|data|DCB "feof",0|102-101-111-102-0
37165|data|DCB "syslog",0|115-121-115-108-111-103-0
37172|data|DCB "getpwnam",0|103-101-116-112-119-110-97-109-0
37181|data|DCB "strlen",0|115-116-114-108-101-110-0
37188|data|DCB "openlog",0|111-112-101-110-108-111-103-0
37196|data|DCB "memset",0|109-101-109-115-101-116-0
37203|data|DCB "strstr",0|115-116-114-115-116-114-0
37210|data|DCB "rmdir",0|114-109-100-105-114-0
37216|data|DCB "__errno_location",0|95-95-101-114-114-110-111-95-108-111-99-97-116-105-111-110-0
37233|data|DCB "chdir",0|99-104-100-105-114-0
37239|data|DCB "ctime",0|99-116-105-109-101-0
37245|data|DCB "getgrnam",0|103-101-116-103-114-110-97-109-0
37254|data|DCB "fchown",0|102-99-104-111-119-110-0
37261|data|DCB "stdout",0|115-116-100-111-117-116-0
37268|data|DCB "fputc",0|102-112-117-116-99-0
37274|data|DCB "fputs",0|102-112-117-116-115-0
37280|data|DCB "memcpy",0|109-101-109-99-112-121-0
37287|data|DCB "fclose",0|102-99-108-111-115-101-0
37294|data|DCB "getgid",0|103-101-116-103-105-100-0
37301|data|DCB "__lxstat64",0|95-95-108-120-115-116-97-116-54-52-0
37312|data|DCB "opendir",0|111-112-101-110-100-105-114-0
37320|data|DCB "__xstat64",0|95-95-120-115-116-97-116-54-52-0
37330|data|DCB "regcomp",0|114-101-103-99-111-109-112-0
37338|data|DCB "optarg",0|111-112-116-97-114-103-0
37345|data|DCB "stderr",0|115-116-100-101-114-114-0
37352|data|DCB "system",0|115-121-115-116-101-109-0
37359|data|DCB "getuid",0|103-101-116-117-105-100-0
37366|data|DCB "getegid",0|103-101-116-101-103-105-100-0
37374|data|DCB "getopt_long",0|103-101-116-111-112-116-95-108-111-110-103-0
37386|data|DCB "pclose",0|112-99-108-111-115-101-0
37393|data|DCB "fwrite",0|102-119-114-105-116-101-0
37400|data|DCB "fread",0|102-114-101-97-100-0
37406|data|DCB "sigaction",0|115-105-103-97-99-116-105-111-110-0
37416|data|DCB "geteuid",0|103-101-116-101-117-105-100-0
37424|data|DCB "localtime",0|108-111-99-97-108-116-105-109-101-0
37434|data|DCB "strchr",0|115-116-114-99-104-114-0
37441|data|DCB "fprintf",0|102-112-114-105-110-116-102-0
37449|data|DCB "rindex",0|114-105-110-100-101-120-0
37456|data|DCB "mktime",0|109-107-116-105-109-101-0
37463|data|DCB "readdir64",0|114-101-97-100-100-105-114-54-52-0
37473|data|DCB "__ctype_tolower_loc",0|95-95-99-116-121-112-101-95-116-111-108-111-119-101-114-95-108-111-99-0
37493|data|DCB "fopen64",0|102-111-112-101-110-54-52-0
37501|data|DCB "access",0|97-99-99-101-115-115-0
37508|data|DCB "_IO_getc",0|95-73-79-95-103-101-116-99-0
37517|data|DCB "__libc_start_main",0|95-95-108-105-98-99-95-115-116-97-114-116-95-109-97-105-110-0
37535|data|DCB "closelog",0|99-108-111-115-101-108-111-103-0
37544|data|DCB "_fini",0|95-102-105-110-105-0
37550|data|DCB "_init",0|95-105-110-105-116-0
37556|data|DCB "_edata",0|95-101-100-97-116-97-0
37563|data|DCB "__bss_start",0|95-95-98-115-115-95-115-116-97-114-116-0
37575|data|DCB "__bss_start__",0|95-95-98-115-115-95-115-116-97-114-116-95-95-0
37589|data|DCB "__bss_end__",0|95-95-98-115-115-95-101-110-100-95-95-0
37601|data|DCB "__end__",0|95-95-101-110-100-95-95-0
37609|data|DCB "_end",0|95-101-110-100-0
37614|data|DCB "GLIBC_2.7",0|71-76-73-66-67-95-50-46-55-0
37624|data|DCB "GLIBC_2.4",0|71-76-73-66-67-95-50-46-52-0
37634|data|DCW 0|0-0
37636|data|DCW 0; local  symbol: __gmon_start__|0-0
37638|data|DCW 0; local  symbol: _Jv_RegisterClasses|0-0
37640|data|DCW 2; getpwnam@@GLIBC_2.4|2-0
37642|data|DCW 0; local  symbol: g_strdup_printf|0-0
37644|data|DCW 2; strstr@@GLIBC_2.4|2-0
37646|data|DCW 2; fopen64@@GLIBC_2.4|2-0
37648|data|DCW 2; fflush@@GLIBC_2.4|2-0
37650|data|DCW 2; syslog@@GLIBC_2.4|2-0
37652|data|DCW 2; fputs@@GLIBC_2.4|2-0
37654|data|DCW 0; local  symbol: g_ascii_strcasecmp|0-0
37656|data|DCW 2; rindex@@GLIBC_2.4|2-0
37658|data|DCW 2; regexec@@GLIBC_2.4|2-0
37660|data|DCW 0; local  symbol: g_strchomp|0-0
37662|data|DCW 1; global symbol: __bss_start__|1-0
37664|data|DCW 2; strncmp@@GLIBC_2.4|2-0
37666|data|DCW 2; unlink@@GLIBC_2.4|2-0
37668|data|DCW 0; local  symbol: g_malloc|0-0
37670|data|DCW 0; local  symbol: g_str_equal|0-0
37672|data|DCW 3; __isoc99_sscanf@@GLIBC_2.7|3-0
37674|data|DCW 2; __xstat64@@GLIBC_2.4|2-0
37676|data|DCW 2; __libc_start_main@@GLIBC_2.4|2-0
37678|data|DCW 2; glob64@@GLIBC_2.4|2-0
37680|data|DCW 2; closedir@@GLIBC_2.4|2-0
37682|data|DCW 2; getuid@@GLIBC_2.4|2-0
37684|data|DCW 1; global symbol: _bss_end__|1-0
37686|data|DCW 2; index@@GLIBC_2.4|2-0
37688|data|DCW 0; local  symbol: g_strdup|0-0
37690|data|DCW 2; popen@@GLIBC_2.4|2-0
37692|data|DCW 2; fchown@@GLIBC_2.4|2-0
37694|data|DCW 2; fprintf@@GLIBC_2.4|2-0
37696|data|DCW 0; local  symbol: g_strconcat|0-0
37698|data|DCW 2; stdin@@GLIBC_2.4|2-0
37700|data|DCW 2; strncpy@@GLIBC_2.4|2-0
37702|data|DCW 2; exit@@GLIBC_2.4|2-0
37704|data|DCW 2; __lxstat64@@GLIBC_2.4|2-0
37706|data|DCW 2; regfree@@GLIBC_2.4|2-0
37708|data|DCW 0; local  symbol: g_snprintf|0-0
37710|data|DCW 2; open64@@GLIBC_2.4|2-0
37712|data|DCW 2; perror@@GLIBC_2.4|2-0
37714|data|DCW 2; __errno_location@@GLIBC_2.4|2-0
37716|data|DCW 2; _IO_putc@@GLIBC_2.4|2-0
37718|data|DCW 2; strlen@@GLIBC_2.4|2-0
37720|data|DCW 1; global symbol: _edata|1-0
37722|data|DCW 2; time@@GLIBC_2.4|2-0
37724|data|DCW 2; _IO_getc@@GLIBC_2.4|2-0
37726|data|DCW 2; feof@@GLIBC_2.4|2-0
37728|data|DCW 2; abort@@GLIBC_2.4|2-0
37730|data|DCW 2; strchr@@GLIBC_2.4|2-0
37732|data|DCW 2; close@@GLIBC_2.4|2-0
37734|data|DCW 0; local  symbol: g_strlcpy|0-0
37736|data|DCW 2; mktime@@GLIBC_2.4|2-0
37738|data|DCW 2; strrchr@@GLIBC_2.4|2-0
37740|data|DCW 2; fwrite@@GLIBC_2.4|2-0
37742|data|DCW 1; global symbol: __end__|1-0
37744|data|DCW 2; stderr@@GLIBC_2.4|2-0
37746|data|DCW 2; sigaction@@GLIBC_2.4|2-0
37748|data|DCW 0; local  symbol: g_free|0-0
37750|data|DCW 2; getegid@@GLIBC_2.4|2-0
37752|data|DCW 1; global symbol: _fini|1-0
37754|data|DCW 2; __ctype_tolower_loc@@GLIBC_2.4|2-0
37756|data|DCW 1; global symbol: _init|1-0
37758|data|DCW 2; execl@@GLIBC_2.4|2-0
37760|data|DCW 2; strtok@@GLIBC_2.4|2-0
37762|data|DCW 2; strtol@@GLIBC_2.4|2-0
37764|data|DCW 1; global symbol: __bss_start|1-0
37766|data|DCW 2; openlog@@GLIBC_2.4|2-0
37768|data|DCW 2; readdir64@@GLIBC_2.4|2-0
37770|data|DCW 2; optarg@@GLIBC_2.4|2-0
37772|data|DCW 2; system@@GLIBC_2.4|2-0
37774|data|DCW 2; localtime@@GLIBC_2.4|2-0
37776|data|DCW 1; global symbol: _end|1-0
37778|data|DCW 2; chmod@@GLIBC_2.4|2-0
37780|data|DCW 2; sigfillset@@GLIBC_2.4|2-0
37782|data|DCW 2; geteuid@@GLIBC_2.4|2-0
37784|data|DCW 0; local  symbol: g_strchug|0-0
37786|data|DCW 0; local  symbol: g_ascii_strncasecmp|0-0
37788|data|DCW 2; chdir@@GLIBC_2.4|2-0
37790|data|DCW 2; strspn@@GLIBC_2.4|2-0
37792|data|DCW 2; fork@@GLIBC_2.4|2-0
37794|data|DCW 2; statvfs64@@GLIBC_2.4|2-0
37796|data|DCW 0; local  symbol: g_realloc|0-0
37798|data|DCW 2; getgrnam@@GLIBC_2.4|2-0
37800|data|DCW 2; strcasecmp@@GLIBC_2.4|2-0
37802|data|DCW 2; stdout@@GLIBC_2.4|2-0
37804|data|DCW 2; fclose@@GLIBC_2.4|2-0
37806|data|DCW 2; globfree64@@GLIBC_2.4|2-0
37808|data|DCW 2; memset@@GLIBC_2.4|2-0
37810|data|DCW 1; global symbol: __bss_end__|1-0
37812|data|DCW 2; wait@@GLIBC_2.4|2-0
37814|data|DCW 2; opendir@@GLIBC_2.4|2-0
37816|data|DCW 2; ctime@@GLIBC_2.4|2-0
37818|data|DCW 2; fread@@GLIBC_2.4|2-0
37820|data|DCW 2; getopt_long@@GLIBC_2.4|2-0
37822|data|DCW 0; local  symbol: g_file_test|0-0
37824|data|DCW 2; free@@GLIBC_2.4|2-0
37826|data|DCW 2; memcpy@@GLIBC_2.4|2-0
37828|data|DCW 2; rmdir@@GLIBC_2.4|2-0
37830|data|DCW 2; __xpg_basename@@GLIBC_2.4|2-0
37832|data|DCW 2; closelog@@GLIBC_2.4|2-0
37834|data|DCW 2; __strdup@@GLIBC_2.4|2-0
37836|data|DCW 2; fputc@@GLIBC_2.4|2-0
37838|data|DCW 2; access@@GLIBC_2.4|2-0
37840|data|DCW 2; pclose@@GLIBC_2.4|2-0
37842|data|DCW 2; optind@@GLIBC_2.4|2-0
37844|data|DCW 2; regcomp@@GLIBC_2.4|2-0
37846|data|DCW 2; mkdir@@GLIBC_2.4|2-0
37848|data|DCW 2; getgid@@GLIBC_2.4|2-0
37850|data|DCW 0|0-0
37852|data|Elf32_Verneed <1, 2, aLibcSo6 - byte_8F54, 0x10, 0>; "libc.so.6"|1-0-2-0-221-0-0-0-16-0-0-0-0-0-0-0
37868|data|Elf32_Vernaux <0xD696917, 0, 3, aGlibc27 - byte_8F54, 0x10>; "GLIBC_2.7"|23-105-105-13-0-0-3-0-154-3-0-0-16-0-0-0
37884|data|Elf32_Vernaux <0xD696914, 0, 2, aGlibc24 - byte_8F54, 0>; "GLIBC_2.4"|20-105-105-13-0-0-2-0-164-3-0-0-0-0-0-0
37900|data|Elf32_Rel <0x1B8A0, 0x115>; R_ARM_GLOB_DAT __gmon_start__|160-184-1-0-21-1-0-0
37908|data|Elf32_Rel <0x1BA38, 0x6814>; R_ARM_COPY optind|56-186-1-0-20-104-0-0
37916|data|Elf32_Rel <0x1BA40, 0x3714>; R_ARM_COPY stderr|64-186-1-0-20-55-0-0
37924|data|Elf32_Rel <0x1BA48, 0x2014>; R_ARM_COPY stdin|72-186-1-0-20-32-0-0
37932|data|Elf32_Rel <0x1BA4C, 0x5414>; R_ARM_COPY stdout|76-186-1-0-20-84-0-0
37940|data|Elf32_Rel <0x1BA50, 0x4414>; R_ARM_COPY optarg|80-186-1-0-20-68-0-0
37948|data|Elf32_Rel <0x1B730, 0x516>; R_ARM_JUMP_SLOT strstr|48-183-1-0-22-5-0-0
37956|data|Elf32_Rel <0x1B734, 0x316>; R_ARM_JUMP_SLOT getpwnam|52-183-1-0-22-3-0-0
37964|data|Elf32_Rel <0x1B738, 0x1116>; R_ARM_JUMP_SLOT g_malloc|56-183-1-0-22-17-0-0
37972|data|Elf32_Rel <0x1B73C, 0x4016>; R_ARM_JUMP_SLOT strtol|60-183-1-0-22-64-0-0
37980|data|Elf32_Rel <0x1B740, 0x3916>; R_ARM_JUMP_SLOT g_free|64-183-1-0-22-57-0-0
37988|data|Elf32_Rel <0x1B744, 0x3316>; R_ARM_JUMP_SLOT mktime|68-183-1-0-22-51-0-0
37996|data|Elf32_Rel <0x1B748, 0x716>; R_ARM_JUMP_SLOT fflush|72-183-1-0-22-7-0-0
38004|data|Elf32_Rel <0x1B74C, 0x1816>; R_ARM_JUMP_SLOT getuid|76-183-1-0-22-24-0-0
38012|data|Elf32_Rel <0x1B750, 0x5F16>; R_ARM_JUMP_SLOT free|80-183-1-0-22-95-0-0
38020|data|Elf32_Rel <0x1B754, 0x1216>; R_ARM_JUMP_SLOT g_str_equal|84-183-1-0-22-18-0-0
38028|data|Elf32_Rel <0x1B758, 0x6016>; R_ARM_JUMP_SLOT memcpy|88-183-1-0-22-96-0-0
38036|data|Elf32_Rel <0x1B75C, 0x2C16>; R_ARM_JUMP_SLOT time|92-183-1-0-22-44-0-0
38044|data|Elf32_Rel <0x1B760, 0x6116>; R_ARM_JUMP_SLOT rmdir|96-183-1-0-22-97-0-0
38052|data|Elf32_Rel <0x1B764, 0x2D16>; R_ARM_JUMP_SLOT _IO_getc|100-183-1-0-22-45-0-0
38060|data|Elf32_Rel <0x1B768, 0x4C16>; R_ARM_JUMP_SLOT g_ascii_strncasecmp|104-183-1-0-22-76-0-0
38068|data|Elf32_Rel <0x1B76C, 0x5B16>; R_ARM_JUMP_SLOT ctime|108-183-1-0-22-91-0-0
38076|data|Elf32_Rel <0x1B770, 0xA16>; R_ARM_JUMP_SLOT g_ascii_strcasecmp|112-183-1-0-22-10-0-0
38084|data|Elf32_Rel <0x1B774, 0x1016>; R_ARM_JUMP_SLOT unlink|116-183-1-0-22-16-0-0
38092|data|Elf32_Rel <0x1B778, 0xB16>; R_ARM_JUMP_SLOT rindex|120-183-1-0-22-11-0-0
38100|data|Elf32_Rel <0x1B77C, 0xC16>; R_ARM_JUMP_SLOT regexec|124-183-1-0-22-12-0-0
38108|data|Elf32_Rel <0x1B780, 0x5916>; R_ARM_JUMP_SLOT wait|128-183-1-0-22-89-0-0
38116|data|Elf32_Rel <0x1B784, 0x4D16>; R_ARM_JUMP_SLOT chdir|132-183-1-0-22-77-0-0
38124|data|Elf32_Rel <0x1B788, 0x5316>; R_ARM_JUMP_SLOT strcasecmp|136-183-1-0-22-83-0-0
38132|data|Elf32_Rel <0x1B78C, 0x4A16>; R_ARM_JUMP_SLOT geteuid|140-183-1-0-22-74-0-0
38140|data|Elf32_Rel <0x1B790, 0x2716>; R_ARM_JUMP_SLOT perror|144-183-1-0-22-39-0-0
38148|data|Elf32_Rel <0x1B794, 0x1A16>; R_ARM_JUMP_SLOT index|148-183-1-0-22-26-0-0
38156|data|Elf32_Rel <0x1B798, 0x3A16>; R_ARM_JUMP_SLOT getegid|152-183-1-0-22-58-0-0
38164|data|Elf32_Rel <0x1B79C, 0x3816>; R_ARM_JUMP_SLOT sigaction|156-183-1-0-22-56-0-0
38172|data|Elf32_Rel <0x1B7A0, 0x2916>; R_ARM_JUMP_SLOT _IO_putc|160-183-1-0-22-41-0-0
38180|data|Elf32_Rel <0x1B7A4, 0x3516>; R_ARM_JUMP_SLOT fwrite|164-183-1-0-22-53-0-0
38188|data|Elf32_Rel <0x1B7A8, 0x1F16>; R_ARM_JUMP_SLOT g_strconcat|168-183-1-0-22-31-0-0
38196|data|Elf32_Rel <0x1B7AC, 0x2416>; R_ARM_JUMP_SLOT regfree|172-183-1-0-22-36-0-0
38204|data|Elf32_Rel <0x1B7B0, 0x5C16>; R_ARM_JUMP_SLOT fread|176-183-1-0-22-92-0-0
38212|data|Elf32_Rel <0x1B7B4, 0x5A16>; R_ARM_JUMP_SLOT opendir|180-183-1-0-22-90-0-0
38220|data|Elf32_Rel <0x1B7B8, 0x2616>; R_ARM_JUMP_SLOT open64|184-183-1-0-22-38-0-0
38228|data|Elf32_Rel <0x1B7BC, 0x1516>; R_ARM_JUMP_SLOT __libc_start_main|188-183-1-0-22-21-0-0
38236|data|Elf32_Rel <0x1B7C0, 0x4516>; R_ARM_JUMP_SLOT system|192-183-1-0-22-69-0-0
38244|data|Elf32_Rel <0x1B7C4, 0x416>; R_ARM_JUMP_SLOT g_strdup_printf|196-183-1-0-22-4-0-0
38252|data|Elf32_Rel <0x1B7C8, 0x4616>; R_ARM_JUMP_SLOT localtime|200-183-1-0-22-70-0-0
38260|data|Elf32_Rel <0x1B7CC, 0x6316>; R_ARM_JUMP_SLOT closelog|204-183-1-0-22-99-0-0
38268|data|Elf32_Rel <0x1B7D0, 0x3C16>; R_ARM_JUMP_SLOT __ctype_tolower_loc|208-183-1-0-22-60-0-0
38276|data|Elf32_Rel <0x1B7D4, 0x116>; R_ARM_JUMP_SLOT __gmon_start__|212-183-1-0-22-1-0-0
38284|data|Elf32_Rel <0x1B7D8, 0x5D16>; R_ARM_JUMP_SLOT getopt_long|216-183-1-0-22-93-0-0
38292|data|Elf32_Rel <0x1B7DC, 0x2216>; R_ARM_JUMP_SLOT exit|220-183-1-0-22-34-0-0
38300|data|Elf32_Rel <0x1B7E0, 0x2E16>; R_ARM_JUMP_SLOT feof|224-183-1-0-22-46-0-0
38308|data|Elf32_Rel <0x1B7E4, 0x2A16>; R_ARM_JUMP_SLOT strlen|228-183-1-0-22-42-0-0
38316|data|Elf32_Rel <0x1B7E8, 0x3016>; R_ARM_JUMP_SLOT strchr|232-183-1-0-22-48-0-0
38324|data|Elf32_Rel <0x1B7EC, 0x1D16>; R_ARM_JUMP_SLOT fchown|236-183-1-0-22-29-0-0
38332|data|Elf32_Rel <0x1B7F0, 0x1E16>; R_ARM_JUMP_SLOT fprintf|240-183-1-0-22-30-0-0
38340|data|Elf32_Rel <0x1B7F4, 0x4916>; R_ARM_JUMP_SLOT sigfillset|244-183-1-0-22-73-0-0
38348|data|Elf32_Rel <0x1B7F8, 0x2816>; R_ARM_JUMP_SLOT __errno_location|248-183-1-0-22-40-0-0
38356|data|Elf32_Rel <0x1B7FC, 0x1316>; R_ARM_JUMP_SLOT __isoc99_sscanf|252-183-1-0-22-19-0-0
38364|data|Elf32_Rel <0x1B800, 0x6416>; R_ARM_JUMP_SLOT __strdup|0-184-1-0-22-100-0-0
38372|data|Elf32_Rel <0x1B804, 0x6A16>; R_ARM_JUMP_SLOT mkdir|4-184-1-0-22-106-0-0
38380|data|Elf32_Rel <0x1B808, 0x6B16>; R_ARM_JUMP_SLOT getgid|8-184-1-0-22-107-0-0
38388|data|Elf32_Rel <0x1B80C, 0x5716>; R_ARM_JUMP_SLOT memset|12-184-1-0-22-87-0-0
38396|data|Elf32_Rel <0x1B810, 0x2116>; R_ARM_JUMP_SLOT strncpy|16-184-1-0-22-33-0-0
38404|data|Elf32_Rel <0x1B814, 0x6216>; R_ARM_JUMP_SLOT __xpg_basename|20-184-1-0-22-98-0-0
38412|data|Elf32_Rel <0x1B818, 0x5016>; R_ARM_JUMP_SLOT statvfs64|24-184-1-0-22-80-0-0
38420|data|Elf32_Rel <0x1B81C, 0x6616>; R_ARM_JUMP_SLOT access|28-184-1-0-22-102-0-0
38428|data|Elf32_Rel <0x1B820, 0x5516>; R_ARM_JUMP_SLOT fclose|32-184-1-0-22-85-0-0
38436|data|Elf32_Rel <0x1B824, 0x3F16>; R_ARM_JUMP_SLOT strtok|36-184-1-0-22-63-0-0
38444|data|Elf32_Rel <0x1B828, 0x1616>; R_ARM_JUMP_SLOT glob64|40-184-1-0-22-22-0-0
38452|data|Elf32_Rel <0x1B82C, 0x1C16>; R_ARM_JUMP_SLOT popen|44-184-1-0-22-28-0-0
38460|data|Elf32_Rel <0x1B830, 0x4F16>; R_ARM_JUMP_SLOT fork|48-184-1-0-22-79-0-0
38468|data|Elf32_Rel <0x1B834, 0x4B16>; R_ARM_JUMP_SLOT g_strchug|52-184-1-0-22-75-0-0
38476|data|Elf32_Rel <0x1B838, 0x3E16>; R_ARM_JUMP_SLOT execl|56-184-1-0-22-62-0-0
38484|data|Elf32_Rel <0x1B83C, 0x5116>; R_ARM_JUMP_SLOT g_realloc|60-184-1-0-22-81-0-0
38492|data|Elf32_Rel <0x1B840, 0x3416>; R_ARM_JUMP_SLOT strrchr|64-184-1-0-22-52-0-0
38500|data|Elf32_Rel <0x1B844, 0xD16>; R_ARM_JUMP_SLOT g_strchomp|68-184-1-0-22-13-0-0
38508|data|Elf32_Rel <0x1B848, 0x6516>; R_ARM_JUMP_SLOT fputc|72-184-1-0-22-101-0-0
38516|data|Elf32_Rel <0x1B84C, 0x5616>; R_ARM_JUMP_SLOT globfree64|76-184-1-0-22-86-0-0
38524|data|Elf32_Rel <0x1B850, 0x816>; R_ARM_JUMP_SLOT syslog|80-184-1-0-22-8-0-0
38532|data|Elf32_Rel <0x1B854, 0x4316>; R_ARM_JUMP_SLOT readdir64|84-184-1-0-22-67-0-0
38540|data|Elf32_Rel <0x1B858, 0x4216>; R_ARM_JUMP_SLOT openlog|88-184-1-0-22-66-0-0
38548|data|Elf32_Rel <0x1B85C, 0x6916>; R_ARM_JUMP_SLOT regcomp|92-184-1-0-22-105-0-0
38556|data|Elf32_Rel <0x1B860, 0x1B16>; R_ARM_JUMP_SLOT g_strdup|96-184-1-0-22-27-0-0
38564|data|Elf32_Rel <0x1B864, 0x616>; R_ARM_JUMP_SLOT fopen64|100-184-1-0-22-6-0-0
38572|data|Elf32_Rel <0x1B868, 0x2516>; R_ARM_JUMP_SLOT g_snprintf|104-184-1-0-22-37-0-0
38580|data|Elf32_Rel <0x1B86C, 0x5E16>; R_ARM_JUMP_SLOT g_file_test|108-184-1-0-22-94-0-0
38588|data|Elf32_Rel <0x1B870, 0x4816>; R_ARM_JUMP_SLOT chmod|112-184-1-0-22-72-0-0
38596|data|Elf32_Rel <0x1B874, 0x1416>; R_ARM_JUMP_SLOT __xstat64|116-184-1-0-22-20-0-0
38604|data|Elf32_Rel <0x1B878, 0x916>; R_ARM_JUMP_SLOT fputs|120-184-1-0-22-9-0-0
38612|data|Elf32_Rel <0x1B87C, 0xF16>; R_ARM_JUMP_SLOT strncmp|124-184-1-0-22-15-0-0
38620|data|Elf32_Rel <0x1B880, 0x2F16>; R_ARM_JUMP_SLOT abort|128-184-1-0-22-47-0-0
38628|data|Elf32_Rel <0x1B884, 0x3116>; R_ARM_JUMP_SLOT close|132-184-1-0-22-49-0-0
38636|data|Elf32_Rel <0x1B888, 0x2316>; R_ARM_JUMP_SLOT __lxstat64|136-184-1-0-22-35-0-0
38644|data|Elf32_Rel <0x1B88C, 0x3216>; R_ARM_JUMP_SLOT g_strlcpy|140-184-1-0-22-50-0-0
38652|data|Elf32_Rel <0x1B890, 0x1716>; R_ARM_JUMP_SLOT closedir|144-184-1-0-22-23-0-0
38660|data|Elf32_Rel <0x1B894, 0x5216>; R_ARM_JUMP_SLOT getgrnam|148-184-1-0-22-82-0-0
38668|data|Elf32_Rel <0x1B898, 0x4E16>; R_ARM_JUMP_SLOT strspn|152-184-1-0-22-78-0-0
38676|data|Elf32_Rel <0x1B89C, 0x6716>; R_ARM_JUMP_SLOT pclose|156-184-1-0-22-103-0-0
38684|code|PUSH            {R3,LR}; _init|8-181
38686|code|BL              sub_B490|1-240-183-254
38690|code|NOP|0-191
38692|code|POP             {R3,PC}|8-189
38694|data|DCW 0|0-0
38696|code|PUSH            {LR}|4-224-45-229
38700|code|LDR             LR, =(_GLOBAL_OFFSET_TABLE_ - 0x9738)|4-224-159-229
38704|code|ADD             LR, PC, LR; _GLOBAL_OFFSET_TABLE_|14-224-143-224
38708|code|LDR             PC, [LR,#8]!|8-240-190-229
38712|data|DCD _GLOBAL_OFFSET_TABLE_ - 0x9738|236-31-1-0
38716|code|ADR             R12, 0x9744|0-198-143-226
38720|code|ADD             R12, R12, #0x11000|17-202-140-226
38724|code|LDR             PC, [R12,#(strstr_ptr - 0x1A744)]!; __imp_strstr|236-255-188-229
38728|code|ADR             R12, 0x9750|0-198-143-226
38732|code|ADD             R12, R12, #0x11000|17-202-140-226
38736|code|LDR             PC, [R12,#(getpwnam_ptr - 0x1A750)]!; __imp_getpwnam|228-255-188-229
38740|code|ADR             R12, 0x975C|0-198-143-226
38744|code|ADD             R12, R12, #0x11000|17-202-140-226
38748|code|LDR             PC, [R12,#(g_malloc_ptr - 0x1A75C)]!; __imp_g_malloc|220-255-188-229
38752|code|ADR             R12, 0x9768|0-198-143-226
38756|code|ADD             R12, R12, #0x11000|17-202-140-226
38760|code|LDR             PC, [R12,#(strtol_ptr - 0x1A768)]!; __imp_strtol|212-255-188-229
38764|code|ADR             R12, 0x9774|0-198-143-226
38768|code|ADD             R12, R12, #0x11000|17-202-140-226
38772|code|LDR             PC, [R12,#(g_free_ptr - 0x1A774)]!; __imp_g_free|204-255-188-229
38776|code|ADR             R12, 0x9780|0-198-143-226
38780|code|ADD             R12, R12, #0x11000|17-202-140-226
38784|code|LDR             PC, [R12,#(mktime_ptr - 0x1A780)]!; __imp_mktime|196-255-188-229
38788|code|ADR             R12, 0x978C|0-198-143-226
38792|code|ADD             R12, R12, #0x11000|17-202-140-226
38796|code|LDR             PC, [R12,#(fflush_ptr - 0x1A78C)]!; __imp_fflush|188-255-188-229
38800|code|ADR             R12, 0x9798|0-198-143-226
38804|code|ADD             R12, R12, #0x11000|17-202-140-226
38808|code|LDR             PC, [R12,#(getuid_ptr - 0x1A798)]!; __imp_getuid|180-255-188-229
38812|code|ADR             R12, 0x97A4|0-198-143-226
38816|code|ADD             R12, R12, #0x11000|17-202-140-226
38820|code|LDR             PC, [R12,#(free_ptr - 0x1A7A4)]!; __imp_free|172-255-188-229
38824|code|ADR             R12, 0x97B0|0-198-143-226
38828|code|ADD             R12, R12, #0x11000|17-202-140-226
38832|code|LDR             PC, [R12,#(g_str_equal_ptr - 0x1A7B0)]!; __imp_g_str_equal|164-255-188-229
38836|code|ADR             R12, 0x97BC|0-198-143-226
38840|code|ADD             R12, R12, #0x11000|17-202-140-226
38844|code|LDR             PC, [R12,#(memcpy_ptr - 0x1A7BC)]!; __imp_memcpy|156-255-188-229
38848|code|ADR             R12, 0x97C8|0-198-143-226
38852|code|ADD             R12, R12, #0x11000|17-202-140-226
38856|code|LDR             PC, [R12,#(time_ptr - 0x1A7C8)]!; __imp_time|148-255-188-229
38860|code|ADR             R12, 0x97D4|0-198-143-226
38864|code|ADD             R12, R12, #0x11000|17-202-140-226
38868|code|LDR             PC, [R12,#(rmdir_ptr - 0x1A7D4)]!; __imp_rmdir|140-255-188-229
38872|code|ADR             R12, 0x97E0|0-198-143-226
38876|code|ADD             R12, R12, #0x11000|17-202-140-226
38880|code|LDR             PC, [R12,#(_IO_getc_ptr - 0x1A7E0)]!; __imp__IO_getc|132-255-188-229
38884|code|ADR             R12, 0x97EC|0-198-143-226
38888|code|ADD             R12, R12, #0x11000|17-202-140-226
38892|code|LDR             PC, [R12,#(g_ascii_strncasecmp_ptr - 0x1A7EC)]!; __imp_g_ascii_strncasecmp|124-255-188-229
38896|code|ADR             R12, 0x97F8|0-198-143-226
38900|code|ADD             R12, R12, #0x11000|17-202-140-226
38904|code|LDR             PC, [R12,#(ctime_ptr - 0x1A7F8)]!; __imp_ctime|116-255-188-229
38908|code|ADR             R12, 0x9804|0-198-143-226
38912|code|ADD             R12, R12, #0x11000|17-202-140-226
38916|code|LDR             PC, [R12,#(g_ascii_strcasecmp_ptr - 0x1A804)]!; __imp_g_ascii_strcasecmp|108-255-188-229
38920|code|ADR             R12, 0x9810|0-198-143-226
38924|code|ADD             R12, R12, #0x11000|17-202-140-226
38928|code|LDR             PC, [R12,#(unlink_ptr - 0x1A810)]!; __imp_unlink|100-255-188-229
38932|code|ADR             R12, 0x981C|0-198-143-226
38936|code|ADD             R12, R12, #0x11000|17-202-140-226
38940|code|LDR             PC, [R12,#(rindex_ptr - 0x1A81C)]!; __imp_rindex|92-255-188-229
38944|code|ADR             R12, 0x9828|0-198-143-226
38948|code|ADD             R12, R12, #0x11000|17-202-140-226
38952|code|LDR             PC, [R12,#(regexec_ptr - 0x1A828)]!; __imp_regexec|84-255-188-229
38956|code|ADR             R12, 0x9834|0-198-143-226
38960|code|ADD             R12, R12, #0x11000|17-202-140-226
38964|code|LDR             PC, [R12,#(wait_ptr - 0x1A834)]!; __imp_wait|76-255-188-229
38968|code|ADR             R12, 0x9840|0-198-143-226
38972|code|ADD             R12, R12, #0x11000|17-202-140-226
38976|code|LDR             PC, [R12,#(chdir_ptr - 0x1A840)]!; __imp_chdir|68-255-188-229
38980|code|ADR             R12, 0x984C|0-198-143-226
38984|code|ADD             R12, R12, #0x11000|17-202-140-226
38988|code|LDR             PC, [R12,#(strcasecmp_ptr - 0x1A84C)]!; __imp_strcasecmp|60-255-188-229
38992|code|ADR             R12, 0x9858|0-198-143-226
38996|code|ADD             R12, R12, #0x11000|17-202-140-226
39000|code|LDR             PC, [R12,#(geteuid_ptr - 0x1A858)]!; __imp_geteuid|52-255-188-229
39004|code|ADR             R12, 0x9864|0-198-143-226
39008|code|ADD             R12, R12, #0x11000|17-202-140-226
39012|code|LDR             PC, [R12,#(perror_ptr - 0x1A864)]!; __imp_perror|44-255-188-229
39016|code|ADR             R12, 0x9870|0-198-143-226
39020|code|ADD             R12, R12, #0x11000|17-202-140-226
39024|code|LDR             PC, [R12,#(index_ptr - 0x1A870)]!; __imp_index|36-255-188-229
39028|code|ADR             R12, 0x987C|0-198-143-226
39032|code|ADD             R12, R12, #0x11000|17-202-140-226
39036|code|LDR             PC, [R12,#(getegid_ptr - 0x1A87C)]!; __imp_getegid|28-255-188-229
39040|code|ADR             R12, 0x9888|0-198-143-226
39044|code|ADD             R12, R12, #0x11000|17-202-140-226
39048|code|LDR             PC, [R12,#(sigaction_ptr - 0x1A888)]!; __imp_sigaction|20-255-188-229
39052|code|ADR             R12, 0x9894|0-198-143-226
39056|code|ADD             R12, R12, #0x11000|17-202-140-226
39060|code|LDR             PC, [R12,#(_IO_putc_ptr - 0x1A894)]!; __imp__IO_putc|12-255-188-229
39064|code|ADR             R12, 0x98A0|0-198-143-226
39068|code|ADD             R12, R12, #0x11000|17-202-140-226
39072|code|LDR             PC, [R12,#(fwrite_ptr - 0x1A8A0)]!; __imp_fwrite|4-255-188-229
39076|code|BX              PC|120-71
39078|data|ALIGN 4|192-70
39080|code|ADR             R12, 0x98B0|0-198-143-226
39084|code|ADD             R12, R12, #0x11000|17-202-140-226
39088|code|LDR             PC, [R12,#(g_strconcat_ptr - 0x1A8B0)]!; __imp_g_strconcat|248-254-188-229
39092|code|ADR             R12, 0x98BC|0-198-143-226
39096|code|ADD             R12, R12, #0x11000|17-202-140-226
39100|code|LDR             PC, [R12,#(regfree_ptr - 0x1A8BC)]!; __imp_regfree|240-254-188-229
39104|code|ADR             R12, 0x98C8|0-198-143-226
39108|code|ADD             R12, R12, #0x11000|17-202-140-226
39112|code|LDR             PC, [R12,#(fread_ptr - 0x1A8C8)]!; __imp_fread|232-254-188-229
39116|code|ADR             R12, 0x98D4|0-198-143-226
39120|code|ADD             R12, R12, #0x11000|17-202-140-226
39124|code|LDR             PC, [R12,#(opendir_ptr - 0x1A8D4)]!; __imp_opendir|224-254-188-229
39128|code|ADR             R12, 0x98E0|0-198-143-226
39132|code|ADD             R12, R12, #0x11000|17-202-140-226
39136|code|LDR             PC, [R12,#(open64_ptr - 0x1A8E0)]!; __imp_open64|216-254-188-229
39140|code|ADR             R12, 0x98EC|0-198-143-226
39144|code|ADD             R12, R12, #0x11000|17-202-140-226
39148|code|LDR             PC, [R12,#(__libc_start_main_ptr - 0x1A8EC)]!; __imp___libc_start_main|208-254-188-229
39152|code|ADR             R12, 0x98F8|0-198-143-226
39156|code|ADD             R12, R12, #0x11000|17-202-140-226
39160|code|LDR             PC, [R12,#(system_ptr - 0x1A8F8)]!; __imp_system|200-254-188-229
39164|code|BX              PC|120-71
39166|data|ALIGN 4|192-70
39168|code|ADR             R12, 0x9908|0-198-143-226
39172|code|ADD             R12, R12, #0x11000|17-202-140-226
39176|code|LDR             PC, [R12,#(g_strdup_printf_ptr - 0x1A908)]!; __imp_g_strdup_printf|188-254-188-229
39180|code|ADR             R12, 0x9914|0-198-143-226
39184|code|ADD             R12, R12, #0x11000|17-202-140-226
39188|code|LDR             PC, [R12,#(localtime_ptr - 0x1A914)]!; __imp_localtime|180-254-188-229
39192|code|ADR             R12, 0x9920|0-198-143-226
39196|code|ADD             R12, R12, #0x11000|17-202-140-226
39200|code|LDR             PC, [R12,#(closelog_ptr - 0x1A920)]!; __imp_closelog|172-254-188-229
39204|code|ADR             R12, 0x992C|0-198-143-226
39208|code|ADD             R12, R12, #0x11000|17-202-140-226
39212|code|LDR             PC, [R12,#(__ctype_tolower_loc_ptr - 0x1A92C)]!; __imp___ctype_tolower_loc|164-254-188-229
39216|code|BX              PC|120-71
39218|data|ALIGN 4|192-70
39220|code|ADR             R12, 0x993C|0-198-143-226
39224|code|ADD             R12, R12, #0x11000|17-202-140-226
39228|code|LDR             PC, [R12,#(__gmon_start___ptr - 0x1A93C)]!; __imp___gmon_start__|152-254-188-229
39232|code|ADR             R12, 0x9948|0-198-143-226
39236|code|ADD             R12, R12, #0x11000|17-202-140-226
39240|code|LDR             PC, [R12,#(getopt_long_ptr - 0x1A948)]!; __imp_getopt_long|144-254-188-229
39244|code|ADR             R12, 0x9954|0-198-143-226
39248|code|ADD             R12, R12, #0x11000|17-202-140-226
39252|code|LDR             PC, [R12,#(exit_ptr - 0x1A954)]!; __imp_exit|136-254-188-229
39256|code|ADR             R12, 0x9960|0-198-143-226
39260|code|ADD             R12, R12, #0x11000|17-202-140-226
39264|code|LDR             PC, [R12,#(feof_ptr - 0x1A960)]!; __imp_feof|128-254-188-229
39268|code|ADR             R12, 0x996C|0-198-143-226
39272|code|ADD             R12, R12, #0x11000|17-202-140-226
39276|code|LDR             PC, [R12,#(strlen_ptr - 0x1A96C)]!; __imp_strlen|120-254-188-229
39280|code|ADR             R12, 0x9978|0-198-143-226
39284|code|ADD             R12, R12, #0x11000|17-202-140-226
39288|code|LDR             PC, [R12,#(strchr_ptr - 0x1A978)]!; __imp_strchr|112-254-188-229
39292|code|ADR             R12, 0x9984|0-198-143-226
39296|code|ADD             R12, R12, #0x11000|17-202-140-226
39300|code|LDR             PC, [R12,#(fchown_ptr - 0x1A984)]!; __imp_fchown|104-254-188-229
39304|code|ADR             R12, 0x9990|0-198-143-226
39308|code|ADD             R12, R12, #0x11000|17-202-140-226
39312|code|LDR             PC, [R12,#(fprintf_ptr - 0x1A990)]!; __imp_fprintf|96-254-188-229
39316|code|ADR             R12, 0x999C|0-198-143-226
39320|code|ADD             R12, R12, #0x11000|17-202-140-226
39324|code|LDR             PC, [R12,#(sigfillset_ptr - 0x1A99C)]!; __imp_sigfillset|88-254-188-229
39328|code|ADR             R12, 0x99A8|0-198-143-226
39332|code|ADD             R12, R12, #0x11000|17-202-140-226
39336|code|LDR             PC, [R12,#(__errno_location_ptr - 0x1A9A8)]!; __imp___errno_location|80-254-188-229
39340|code|BX              PC|120-71
39342|data|ALIGN 4|192-70
39344|code|ADR             R12, 0x99B8|0-198-143-226
39348|code|ADD             R12, R12, #0x11000|17-202-140-226
39352|code|LDR             PC, [R12,#(__isoc99_sscanf_ptr - 0x1A9B8)]!; __imp___isoc99_sscanf|68-254-188-229
39356|code|ADR             R12, 0x99C4|0-198-143-226
39360|code|ADD             R12, R12, #0x11000|17-202-140-226
39364|code|LDR             PC, [R12,#(__strdup_ptr - 0x1A9C4)]!; __imp___strdup|60-254-188-229
39368|code|ADR             R12, 0x99D0|0-198-143-226
39372|code|ADD             R12, R12, #0x11000|17-202-140-226
39376|code|LDR             PC, [R12,#(mkdir_ptr - 0x1A9D0)]!; __imp_mkdir|52-254-188-229
39380|code|ADR             R12, 0x99DC|0-198-143-226
39384|code|ADD             R12, R12, #0x11000|17-202-140-226
39388|code|LDR             PC, [R12,#(getgid_ptr - 0x1A9DC)]!; __imp_getgid|44-254-188-229
39392|code|ADR             R12, 0x99E8|0-198-143-226
39396|code|ADD             R12, R12, #0x11000|17-202-140-226
39400|code|LDR             PC, [R12,#(memset_ptr - 0x1A9E8)]!; __imp_memset|36-254-188-229
39404|code|ADR             R12, 0x99F4|0-198-143-226
39408|code|ADD             R12, R12, #0x11000|17-202-140-226
39412|code|LDR             PC, [R12,#(strncpy_ptr - 0x1A9F4)]!; __imp_strncpy|28-254-188-229
39416|code|ADR             R12, 0x9A00|0-198-143-226
39420|code|ADD             R12, R12, #0x11000|17-202-140-226
39424|code|LDR             PC, [R12,#(__xpg_basename_ptr - 0x1AA00)]!; __imp___xpg_basename|20-254-188-229
39428|code|ADR             R12, 0x9A0C|0-198-143-226
39432|code|ADD             R12, R12, #0x11000|17-202-140-226
39436|code|LDR             PC, [R12,#(statvfs64_ptr - 0x1AA0C)]!; __imp_statvfs64|12-254-188-229
39440|code|ADR             R12, 0x9A18|0-198-143-226
39444|code|ADD             R12, R12, #0x11000|17-202-140-226
39448|code|LDR             PC, [R12,#(access_ptr - 0x1AA18)]!; __imp_access|4-254-188-229
39452|code|ADR             R12, 0x9A24|0-198-143-226
39456|code|ADD             R12, R12, #0x11000|17-202-140-226
39460|code|LDR             PC, [R12,#(fclose_ptr - 0x1AA24)]!; __imp_fclose|252-253-188-229
39464|code|ADR             R12, 0x9A30|0-198-143-226
39468|code|ADD             R12, R12, #0x11000|17-202-140-226
39472|code|LDR             PC, [R12,#(strtok_ptr - 0x1AA30)]!; __imp_strtok|244-253-188-229
39476|code|ADR             R12, 0x9A3C|0-198-143-226
39480|code|ADD             R12, R12, #0x11000|17-202-140-226
39484|code|LDR             PC, [R12,#(glob64_ptr - 0x1AA3C)]!; __imp_glob64|236-253-188-229
39488|code|ADR             R12, 0x9A48|0-198-143-226
39492|code|ADD             R12, R12, #0x11000|17-202-140-226
39496|code|LDR             PC, [R12,#(popen_ptr - 0x1AA48)]!; __imp_popen|228-253-188-229
39500|code|ADR             R12, 0x9A54|0-198-143-226
39504|code|ADD             R12, R12, #0x11000|17-202-140-226
39508|code|LDR             PC, [R12,#(fork_ptr - 0x1AA54)]!; __imp_fork|220-253-188-229
39512|code|ADR             R12, 0x9A60|0-198-143-226
39516|code|ADD             R12, R12, #0x11000|17-202-140-226
39520|code|LDR             PC, [R12,#(g_strchug_ptr - 0x1AA60)]!; __imp_g_strchug|212-253-188-229
39524|code|ADR             R12, 0x9A6C|0-198-143-226
39528|code|ADD             R12, R12, #0x11000|17-202-140-226
39532|code|LDR             PC, [R12,#(execl_ptr - 0x1AA6C)]!; __imp_execl|204-253-188-229
39536|code|ADR             R12, 0x9A78|0-198-143-226
39540|code|ADD             R12, R12, #0x11000|17-202-140-226
39544|code|LDR             PC, [R12,#(g_realloc_ptr - 0x1AA78)]!; __imp_g_realloc|196-253-188-229
39548|code|ADR             R12, 0x9A84|0-198-143-226
39552|code|ADD             R12, R12, #0x11000|17-202-140-226
39556|code|LDR             PC, [R12,#(strrchr_ptr - 0x1AA84)]!; __imp_strrchr|188-253-188-229
39560|code|ADR             R12, 0x9A90|0-198-143-226
39564|code|ADD             R12, R12, #0x11000|17-202-140-226
39568|code|LDR             PC, [R12,#(g_strchomp_ptr - 0x1AA90)]!; __imp_g_strchomp|180-253-188-229
39572|code|ADR             R12, 0x9A9C|0-198-143-226
39576|code|ADD             R12, R12, #0x11000|17-202-140-226
39580|code|LDR             PC, [R12,#(fputc_ptr - 0x1AA9C)]!; __imp_fputc|172-253-188-229
39584|code|ADR             R12, 0x9AA8|0-198-143-226
39588|code|ADD             R12, R12, #0x11000|17-202-140-226
39592|code|LDR             PC, [R12,#(globfree64_ptr - 0x1AAA8)]!; __imp_globfree64|164-253-188-229
39596|code|ADR             R12, 0x9AB4|0-198-143-226
39600|code|ADD             R12, R12, #0x11000|17-202-140-226
39604|code|LDR             PC, [R12,#(syslog_ptr - 0x1AAB4)]!; __imp_syslog|156-253-188-229
39608|code|ADR             R12, 0x9AC0|0-198-143-226
39612|code|ADD             R12, R12, #0x11000|17-202-140-226
39616|code|LDR             PC, [R12,#(readdir64_ptr - 0x1AAC0)]!; __imp_readdir64|148-253-188-229
39620|code|ADR             R12, 0x9ACC|0-198-143-226
39624|code|ADD             R12, R12, #0x11000|17-202-140-226
39628|code|LDR             PC, [R12,#(openlog_ptr - 0x1AACC)]!; __imp_openlog|140-253-188-229
39632|code|ADR             R12, 0x9AD8|0-198-143-226
39636|code|ADD             R12, R12, #0x11000|17-202-140-226
39640|code|LDR             PC, [R12,#(regcomp_ptr - 0x1AAD8)]!; __imp_regcomp|132-253-188-229
39644|code|BX              PC|120-71
39646|data|ALIGN 4|192-70
39648|code|ADR             R12, 0x9AE8|0-198-143-226
39652|code|ADD             R12, R12, #0x11000|17-202-140-226
39656|code|LDR             PC, [R12,#(g_strdup_ptr - 0x1AAE8)]!; __imp_g_strdup|120-253-188-229
39660|code|ADR             R12, 0x9AF4|0-198-143-226
39664|code|ADD             R12, R12, #0x11000|17-202-140-226
39668|code|LDR             PC, [R12,#(fopen64_ptr - 0x1AAF4)]!; __imp_fopen64|112-253-188-229
39672|code|ADR             R12, 0x9B00|0-198-143-226
39676|code|ADD             R12, R12, #0x11000|17-202-140-226
39680|code|LDR             PC, [R12,#(g_snprintf_ptr - 0x1AB00)]!; __imp_g_snprintf|104-253-188-229
39684|code|ADR             R12, 0x9B0C|0-198-143-226
39688|code|ADD             R12, R12, #0x11000|17-202-140-226
39692|code|LDR             PC, [R12,#(g_file_test_ptr - 0x1AB0C)]!; __imp_g_file_test|96-253-188-229
39696|code|ADR             R12, 0x9B18|0-198-143-226
39700|code|ADD             R12, R12, #0x11000|17-202-140-226
39704|code|LDR             PC, [R12,#(chmod_ptr - 0x1AB18)]!; __imp_chmod|88-253-188-229
39708|code|ADR             R12, 0x9B24|0-198-143-226
39712|code|ADD             R12, R12, #0x11000|17-202-140-226
39716|code|LDR             PC, [R12,#(__xstat64_ptr - 0x1AB24)]!; __imp___xstat64|80-253-188-229
39720|code|ADR             R12, 0x9B30|0-198-143-226
39724|code|ADD             R12, R12, #0x11000|17-202-140-226
39728|code|LDR             PC, [R12,#(fputs_ptr - 0x1AB30)]!; __imp_fputs|72-253-188-229
39732|code|ADR             R12, 0x9B3C|0-198-143-226
39736|code|ADD             R12, R12, #0x11000|17-202-140-226
39740|code|LDR             PC, [R12,#(strncmp_ptr - 0x1AB3C)]!; __imp_strncmp|64-253-188-229
39744|code|ADR             R12, 0x9B48|0-198-143-226
39748|code|ADD             R12, R12, #0x11000|17-202-140-226
39752|code|LDR             PC, [R12,#(abort_ptr - 0x1AB48)]!; __imp_abort|56-253-188-229
39756|code|ADR             R12, 0x9B54|0-198-143-226
39760|code|ADD             R12, R12, #0x11000|17-202-140-226
39764|code|LDR             PC, [R12,#(close_ptr - 0x1AB54)]!; __imp_close|48-253-188-229
39768|code|ADR             R12, 0x9B60|0-198-143-226
39772|code|ADD             R12, R12, #0x11000|17-202-140-226
39776|code|LDR             PC, [R12,#(__lxstat64_ptr - 0x1AB60)]!; __imp___lxstat64|40-253-188-229
39780|code|ADR             R12, 0x9B6C|0-198-143-226
39784|code|ADD             R12, R12, #0x11000|17-202-140-226
39788|code|LDR             PC, [R12,#(g_strlcpy_ptr - 0x1AB6C)]!; __imp_g_strlcpy|32-253-188-229
39792|code|ADR             R12, 0x9B78|0-198-143-226
39796|code|ADD             R12, R12, #0x11000|17-202-140-226
39800|code|LDR             PC, [R12,#(closedir_ptr - 0x1AB78)]!; __imp_closedir|24-253-188-229
39804|code|ADR             R12, 0x9B84|0-198-143-226
39808|code|ADD             R12, R12, #0x11000|17-202-140-226
39812|code|LDR             PC, [R12,#(getgrnam_ptr - 0x1AB84)]!; __imp_getgrnam|16-253-188-229
39816|code|ADR             R12, 0x9B90|0-198-143-226
39820|code|ADD             R12, R12, #0x11000|17-202-140-226
39824|code|LDR             PC, [R12,#(strspn_ptr - 0x1AB90)]!; __imp_strspn|8-253-188-229
39828|code|ADR             R12, 0x9B9C|0-198-143-226
39832|code|ADD             R12, R12, #0x11000|17-202-140-226
39836|code|LDR             PC, [R12,#(pclose_ptr - 0x1AB9C)]!; __imp_pclose|0-253-188-229
39840|code|SVCMI           0xF0E92D|45-233-240-79
39844|code|STCVS           p5, c15, [R10,#0x2B4]!|173-245-170-109
39848|code|STRMI           R11, [R5],-R3,LSL#1|131-176-5-70
39852|code|ADDVS           PC, R2, SP,LSL#10|13-245-130-96
39856|code|STRMI           R2, [R8],R0,LSR#5|160-34-136-70
39860|code|LDMDBMI         LR!, {R2,R12,SP}^|4-48-126-73
39864|data|DCD 0xF7FF2400, 0xF8D8EDFC, 0xF7FF0000, 0x4E7BEF8E, 0xF8CD2305|0-36-255-247-252-237-216-248-0-0-255-247-142-239-123-78-5-35-205-248-68-53-122-75-205-248-64-69-205-248-72-69-205-248-180-52-205-248-76-69-205-248-80-69-205-248-84-69-205-248-56-69-112-96-13-245-151-96-255-247-208-238-13-245-150-97-4-49-34-70-13-32-255-247-62-238-109-75-13-245-150-97-34-70-4-49-2-32-205-248-180-52-255-247-52-238-105-75-13-245-150-97-4-49-34-70-14-32-205-248-180-52-255-247-42-238-255-247-176-237-4-70-255-247-14-238-132-66-0-240-75-133-97-75-114-104-97-73-24-104-97-75-0-147-19-70-255-247-158-238-79-240-255-48-0-33-3-240-152-253-0-45-28-221-223-248-100-145-71-70-0-36-1-224-172-66-21-208-87-248-4-11-1-52-255-247-120-238-176-245-128-95-245-217-114-104-84-73-85-75-217-248-0-0-255-247-128-238-0-33-79-240-255-48-3-240-123-253-172-66-233-209-80-76-223-248-76-145-223-248-20-161-40-70-65-70-77-74-0-39-77-75-0-151-255-247-72-238-176-241-255-63-131-70-0-240-153-128-171-241-68-11-187-241-50-15-108-216-223-232-11-240-104-107-107-107-107-101-107-107-107-107-107-107-98-107-107-107-107-107-87-107-107-107-107-107-107-107-107-107-107-107-107-79-76-107-107-107-69-66-107-107-107-107-107-107-107-47-107-33-107-107-26-0-4-240-224-249-0-32-1-70-3-240-64-253-202-231-32-104-255-247-86-238-3-120-205-248-84-5-47-43-0-240-223-133-221-248-84-5-3-240-208-250-188-231-179-104-1-51-179-96-3-43-183-217-36-75-39-73-218-248-4-32-24-104-42-75-255-247-36-238-79-240-255-48-0-33-3-240-31-253-169-231-1-35-243-96-166-231-4-240-91-248-0-32-1-70-3-240-21-253-159-231-1-35-179-97-156-231-32-104-255-247-40-238-205-248-64-5-3-240-168-250-148-231-217-248-20-48-1-59-201-248-20-48-0-43-141-218-0-35-201-248-20-48-137-231-1-35-115-97-134-231-1-35-51-97-131-231-1-35-243-97-128-231-4-240-53-248-79-240-255-48-0-33-3-240-238-252-120-231-0-191-236-7-1-0-88-186-1-0-129-208-0-0-213-208-0-0-13-209-0-0-64-186-1-0-60-10-1-0-80-10-1-0-116-10-1-0-132-10-1-0-80-186-1-0-200-10-1-0-196-184-1-0-164-10-1-0-172-184-1-0-194-75-28-104-45-27-1-45-8-235-132-9-64-243-188-135-0-39-202-70-90-248-4-11-1-55-3-240-93-250-175-66-248-209-88-248-36-0-3-240-151-249-3-40-205-248-68-5-0-240-159-135-3-56-1-40-8-217-115-105-180-77-0-43-64-240-72-131-171-104-1-43-65-242-240-128-221-248-64-5-0-40-0-240-227-133-1-33-255-247-94-238-5-70-0-40-64-240-23-131-171-72-13-241-24-8-221-248-64-229-5-172-169-73-0-104-114-104-169-75-205-248-0-224-255-247-142-237-79-240-255-48-41-70-3-240-137-252-165-72-33-70-1-240-137-252-66-28-5-70-0-240-95-135-221-248-68-53-5-43-0-240-74-135-4-43-38-208-221-248-84-37-34-177-157-74-82-105-1-42-65-243-28-128-3-43-28-216-217-248-4-32-217-248-8-80-205-248-72-37-173-177-64-33-40-70-255-247-90-237-133-66-1-240-100-128-142-72-143-73-114-104-0-104-145-75-0-149-255-247-90-237-79-240-255-48-0-33-3-240-85-252-221-248-68-53-3-43-4-191-217-248-4-48-205-248-72-53-2-208-4-43-0-240-0-132-33-70-221-248-72-5-1-240-72-252-67-28-5-70-0-240-252-134-221-248-68-53-2-43-3-216-178-104-1-42-64-242-237-135-4-43-0-240-97-132-88-248-4-60-211-248-36-44-0-42-0-240-22-134-211-248-132-44-1-50-0-240-80-132-211-248-136-44-1-50-0-240-70-132-211-248-128-44-1-50-0-240-60-132-211-248-140-44-1-50-0-240-50-132-211-248-144-44-1-50-0-240-40-132-211-248-152-44-1-50-0-240-30-132-211-248-156-44-1-50-0-240-20-132-211-248-148-44-1-50-0-240-185-131-211-248-160-44-1-50-0-240-176-131-211-248-84-44-0-42-0-240-223-133-84-248-37-32-210-248-28-12-0-40-0-240-210-133-145-104-0-41-0-240-202-133-210-248-76-28-0-41-0-240-191-133-210-248-80-28-0-41-0-240-180-133-210-248-84-28-0-41-0-240-152-132-0-40-0-240-21-131-83-73-255-247-236-235-84-248-37-48-0-40-0-240-255-130-223-248-68-161-8-33-78-74-195-248-28-44-80-70-255-247-140-237-129-70-0-40-0-240-24-131-84-248-37-48-211-248-68-44-0-42-0-240-136-133-211-248-72-44-0-42-0-240-19-134-211-248-0-44-0-42-0-240-3-134-211-248-4-44-0-42-0-240-246-133-211-248-36-44-0-42-0-240-233-133-211-248-16-44-0-42-0-240-220-133-211-248-20-44-0-42-0-240-165-133-211-248-24-44-0-42-0-240-152-133-211-248-104-44-0-42-0-240-136-133-211-248-124-44-0-42-0-240-39-133-218-104-0-42-0-240-16-133-211-248-4-40-0-42-0-240-247-132-90-104-0-42-0-240-234-132-211-248-120-44-0-42-0-240-218-132-211-248-8-44-0-42-0-240-202-132-211-248-12-44-0-42-0-240-52-133-221-248-68-37-3-42-64-240-69-130-84-248-37-48-8-33-211-248-104-12-255-247-44-237-0-40-0-240-69-132-88-248-4-44-210-248-108-60-0-43-0-240-25-133-84-248-37-48-211-248-108-28-0-41-0-240-12-133-210-248-112-28-0-41-0-240-2-133-210-248-116-28-0-41-0-240-248-132-211-248-112-28-0-41-0-240-237-132-211-248-116-28-0-41-0-240-226-132-21-224-56-186-1-0-88-186-1-0-64-186-1-0-60-10-1-0-220-11-1-0-0-12-1-0-172-184-1-0-176-12-1-0-196-49-1-0-64-14-1-0-72-14-1-0-211-248-132-28-1-49-4-191-210-248-132-28-195-248-132-28-211-248-136-28-1-49-4-191-210-248-136-28-195-248-136-28-211-248-128-28-1-49-4-191-210-248-128-28-195-248-128-28-211-248-140-28-1-49-4-191-210-248-140-28-195-248-140-28-211-248-144-28-1-49-4-191-210-248-144-28-195-248-144-28-211-248-152-28-1-49-4-191-210-248-152-28-195-248-152-28-211-248-156-28-72-28-211-248-148-12-4-191-210-248-156-28-195-248-156-28-1-48-4-191-210-248-148-12-195-248-148-12-211-248-160-12-1-48-4-191-210-248-160-44-195-248-160-44-1-41-0-240-130-133-211-248-160-156-185-241-1-15-0-240-111-133-211-248-8-36-0-42-0-240-204-131-153-104-7-245-129-119-211-248-20-44-67-248-39-16-0-42-0-240-97-131-211-248-16-44-0-42-0-240-97-131-84-248-37-48-211-248-4-12-40-177-255-247-192-236-7-70-0-40-0-240-87-135-84-248-37-112-215-248-20-12-72-179-178-73-255-247-24-235-0-40-64-240-166-129-215-248-12-12-8-33-255-247-112-236-152-185-51-104-1-43-0-240-30-135-171-74-84-248-37-48-170-73-0-146-170-74-16-104-114-104-27-104-255-247-162-235-79-240-255-48-0-33-3-240-157-250-84-248-37-112-161-73-215-248-20-12-255-247-244-234-0-40-64-240-255-130-221-248-68-53-4-43-0-240-6-133-84-248-37-48-0-33-10-34-211-248-84-12-255-247-114-234-0-40-9-221-84-248-37-48-0-33-10-34-211-248-84-12-255-247-104-234-9-40-16-221-147-74-84-248-37-48-147-73-16-104-147-74-0-146-114-104-211-248-84-60-255-247-110-235-84-248-37-48-143-74-195-248-84-44-11-32-84-248-37-112-255-247-74-234-84-248-37-48-139-73-199-248-32-12-211-248-36-12-255-247-108-234-7-70-0-40-0-240-215-129-221-248-76-5-48-177-133-73-255-247-98-234-7-70-0-40-0-240-186-132-84-248-37-48-0-33-211-248-156-44-211-248-32-12-2-240-64-249-84-248-37-48-154-104-0-42-0-240-95-131-218-104-0-42-0-240-63-131-211-248-76-44-178-177-243-105-1-43-0-240-63-133-23-120-103-177-2-241-255-56-255-247-252-234-3-104-83-248-39-48-8-248-1-63-152-248-1-112-0-47-244-209-243-105-1-43-0-240-33-133-84-248-37-0-208-248-68-60-203-177-106-73-221-248-68-37-3-240-8-255-152-177-51-104-1-43-0-240-156-134-102-74-84-248-37-48-92-73-0-146-92-74-27-104-16-104-114-104-255-247-6-235-79-240-255-48-0-33-3-240-1-250-0-33-8-70-3-240-65-251-93-73-93-72-3-240-61-251-0-33-8-70-3-240-57-251-84-248-37-0-0-245-68-96-24-48-255-247-10-234-221-248-68-53-2-43-64-242-74-129-3-43
41912|data|DCD 0x850DF000, 0xF0002B04, 0xF854855C, 0xF5033025, 0xE9D36346|0-240-13-133-4-43-0-240-92-133-84-248-37-48-3-245-70-99-211-233-0-1-2-240-81-250-1-70-77-72-3-240-27-251-84-248-37-48-211-248-76-44-3-245-70-99-211-233-0-1-0-42-0-240-4-131-2-240-64-250-1-70-70-72-255-247-130-234-7-70-221-248-68-53-4-43-4-208-84-248-37-0-1-33-3-240-88-248-51-106-0-43-64-240-50-129-84-248-37-0-208-248-72-60-59-177-54-73-221-248-68-37-3-240-74-255-0-40-64-240-89-130-0-32-255-247-196-233-84-248-37-48-211-248-88-44-128-26-195-248-88-12-2-240-71-253-1-70-49-72-3-240-223-250-51-104-1-43-0-240-61-132-221-248-68-53-2-43-64-242-48-129-3-43-0-240-177-128-0-32-1-70-3-240-139-249-0-32-87-176-13-245-128-109-189-232-240-143-221-248-64-5-4-33-255-247-196-234-0-40-64-240-218-131-13-241-24-8-221-248-64-5-168-241-4-4-33-70-1-240-124-252-0-40-63-244-232-172-15-75-27-73-114-104-24-104-27-75-255-247-106-234-79-240-255-48-0-33-3-240-101-249-218-228-171-104-1-43-63-246-184-172-6-75-21-73-106-104-24-104-20-75-255-247-90-234-175-228-104-17-1-0-108-17-1-0-64-9-1-0-64-186-1-0-204-18-1-0-228-18-1-0-24-19-1-0-52-14-1-0-28-19-1-0-172-184-1-0-240-19-1-0-32-20-1-0-16-20-1-0-188-20-1-0-204-20-1-0-252-20-1-0-116-10-1-0-180-11-1-0-140-30-1-0-64-11-1-0-88-104-8-33-255-247-234-234-152-185-51-104-1-43-0-240-5-134-177-74-84-248-37-48-176-73-0-146-176-74-27-104-16-104-114-104-255-247-28-234-79-240-255-48-0-33-3-240-23-249-221-248-68-53-3-43-127-244-167-173-155-229-215-248-8-12-8-33-255-247-202-234-152-185-51-104-1-43-0-240-130-133-164-74-84-248-37-48-160-73-0-146-160-74-27-104-16-104-114-104-255-247-252-233-79-240-255-48-0-33-3-240-247-248-84-248-37-48-13-245-130-97-4-49-211-248-20-12-2-240-12-250-0-40-127-244-78-174-51-104-1-43-0-240-77-133-84-248-37-48-148-73-211-248-20-44-0-146-144-74-16-104-55-230-111-240-1-0-0-33-3-240-217-248-76-231-211-248-28-12-141-73-255-247-228-232-84-248-37-48-0-40-0-240-229-131-138-74-195-248-28-44-255-228-137-75-91-105-0-43-64-243-125-133-84-248-37-0-8-33-134-75-88-248-4-44-223-248-80-162-192-248-28-60-194-248-28-60-80-70-255-247-116-234-129-70-0-40-127-244-232-172-127-74-84-248-37-48-205-248-0-160-1-146-117-74-125-73-16-104-114-104-27-104-255-247-166-233-79-240-255-48-73-70-3-240-160-248-212-228-84-248-37-48-119-72-25-104-3-240-221-249-84-248-37-48-117-72-211-248-32-28-3-240-214-249-32-70-41-70-13-245-168-98-0-240-48-255-221-248-68-53-4-43-63-244-176-174-162-230-79-240-255-48-0-33-3-240-129-248-199-230-84-248-37-48-105-73-211-248-36-12-255-247-138-232-128-70-0-40-0-240-200-131-221-248-76-5-40-177-100-73-255-247-128-232-0-40-64-240-199-132-84-248-37-48-1-33-211-248-32-12-211-248-156-44-1-240-95-255-29-230-93-72-94-73-3-240-162-249-221-248-68-53-200-230-255-247-128-233-4-70-255-247-204-232-132-66-127-244-173-170-255-247-185-186-0-34-195-248-160-44-75-228-0-34-195-248-148-44-66-228-217-248-4-80-0-45-0-240-179-133-205-248-72-85-217-248-8-80-0-45-0-240-186-133-205-248-76-85-217-248-16-80-157-177-64-33-40-70-255-247-40-233-133-66-0-240-242-132-56-75-0-149-70-73-24-104-114-104-69-75-255-247-42-233-79-240-255-48-0-33-3-240-36-248-217-248-12-80-0-45-0-240-201-132-40-70-0-33-205-248-80-85-2-240-79-249-0-40-0-240-210-128-221-248-68-53-4-43-127-244-200-171-221-248-84-53-0-43-63-244-195-171-88-248-4-60-211-248-24-60-0-43-63-244-188-171-34-75-50-73-114-104-24-104-50-75-255-247-254-232-79-240-255-48-0-33-2-240-249-255-255-247-174-187-0-34-195-248-156-44-255-247-231-187-0-34-195-248-152-44-255-247-221-187-0-34-195-248-144-44-255-247-211-187-0-34-195-248-140-44-255-247-201-187-0-34-195-248-128-44-255-247-191-187-0-34-195-248-136-44-255-247-181-187-0-34-195-248-132-44-255-247-171-187-179-104-1-43-63-246-155-171-7-74-84-248-37-48-25-73-16-104-25-74-27-104-82-104-255-247-198-232-255-247-143-187-64-16-1-0-64-9-1-0-64-186-1-0-168-17-1-0-12-18-1-0-132-14-1-0-140-14-1-0-172-184-1-0-64-14-1-0-120-14-1-0-84-14-1-0-40-20-1-0-48-20-1-0-36-19-1-0-28-19-1-0-32-21-1-0-40-21-1-0-60-10-1-0-176-12-1-0-116-10-1-0-120-13-1-0-24-14-1-0-88-186-1-0-72-14-1-0-215-248-16-12-1-33-255-247-78-233-0-40-127-244-249-172-51-104-1-43-24-191-200-79-0-240-92-133-84-248-37-48-198-74-199-73-0-146-211-248-16-44-2-151-1-146-197-74-27-104-16-104-114-104-255-247-120-232-79-240-255-48-0-33-2-240-114-255-221-228-211-248-16-44-0-42-63-244-159-172-50-104-1-42-0-240-80-132-187-74-84-248-37-48-187-73-0-146-184-74-27-104-16-104-114-104-255-247-94-232-79-240-255-48-0-33-2-240-88-255-137-228-1-48-205-248-84-5-255-247-28-186-175-75-178-73-114-104-24-104-177-75-255-247-76-232-158-229-211-248-84-60-194-248-84-60-255-247-98-187-88-248-4-60-211-248-24-92-0-45-127-244-39-175-221-248-80-229-164-72-168-75-169-73-0-104-205-248-0-224-223-248-200-226-114-104-205-248-4-224-255-247-46-232-79-240-255-48-41-70-2-240-41-255-221-248-68-53-17-231-51-104-1-43-0-240-23-133-158-74-84-248-37-48-152-73-0-146-149-74-27-104-16-104-114-104-255-247-24-232-79-240-255-48-0-33-2-240-18-255-255-247-165-187-88-248-4-28-3-245-128-96-4-48-23-70-1-245-128-97-4-49-5-224-1-55-64-248-4-47-255-47-63-244-36-172-81-248-4-47-0-42-245-209-30-228-221-248-68-37-2-42-63-246-188-172-50-104-1-42-0-240-223-132-135-72-84-248-37-48-128-73-0-144-125-72-27-104-114-104-0-104-254-247-232-239-79-240-255-48-0-33-2-240-226-254-84-248-37-48-164-228-50-104-1-42-0-240-56-132-125-72-84-248-37-48-116-73-0-144-113-72-27-104-114-104-0-104-254-247-208-239-79-240-255-48-0-33-2-240-203-254-84-248-37-48-137-228-1-240-60-255-1-70-115-72-254-247-126-239-7-70-250-228-113-75-114-76-91-105-1-43-64-243-31-132-111-72-205-248-64-69-255-247-18-186-88-248-4-44-210-248-8-44-0-42-0-240-241-131-195-248-8-44-255-247-43-187-88-248-4-44-210-248-120-44-0-42-0-240-243-131-195-248-120-44-255-247-27-187-88-248-4-44-82-104-0-42-0-240-207-131-90-96-255-247-13-187-88-248-4-28-3-245-0-96-23-70-1-245-0-97-5-224-1-55-64-248-4-47-255-47-63-244-251-170-81-248-4-47-0-42-245-209-255-247-245-186-88-248-4-28-3-241-8-0-23-70-8-49-5-224-1-55-64-248-4-47-255-47-63-244-227-170-81-248-4-47-0-42-245-209-255-247-221-186-88-248-4-44-210-248-124-44-195-248-124-44-255-247-209-186-210-248-116-28-195-248-116-28-255-247-47-187-210-248-112-28-195-248-112-28-255-247-13-187-65-73-194-248-116-28-255-247-3-187-63-73-194-248-112-28-255-247-249-186-210-248-108-28-195-248-108-28-255-247-238-186-57-75-194-248-108-60-255-247-226-186-88-248-4-44-210-248-12-44-0-42-0-240-104-131-195-248-12-44-255-247-193-186-88-248-4-44-210-248-68-44-195-248-68-44-255-247-112-186-211-248-80-28-194-248-80-28-255-247-70-186-211-248-76-28-194-248-76-28-255-247-59-186-153-104-145-96-255-247-50-186-211-248-28-12-194-248-28-12-255-247-40-186-36-74-195-248-84-44-255-247-28-186-34-74-195-248-36-44-255-247-229-185-88-248-4-44-210-248-104-44-0-42-0-240-40-131-195-248-104-44-255-247-109-186-88-248-4-44-210-248-24-44-195-248-24-44-255-247-96-186-88-248-4-44-210-248-20-44-195-248-20-44-255-247-83-186-92-18-1-0-76-18-1-0-104-18-1-0-64-186-1-0-44-17-1-0-64-9-1-0-220-9-1-0-220-20-1-0
43960|data|DCD 0x10D34, 0x10D1C, 0x1107C, 0x113AC, 0x11368, 0x11208|52-13-1-0-28-13-1-0-124-16-1-0-172-19-1-0-104-19-1-0-8-18-1-0-172-184-1-0-40-10-1-0-160-35-1-0-188-16-1-0-60-14-1-0-52-14-1-0-68-13-1-0-88-248-4-44-210-248-16-44-195-248-16-44-255-247-28-186-88-248-4-44-210-248-36-44-195-248-36-44-255-247-15-186-88-248-4-44-210-248-4-44-195-248-4-44-255-247-2-186-88-248-4-44-210-248-0-44-0-42-0-240-190-130-195-248-0-44-255-247-242-185-88-248-4-44-210-248-72-44-195-248-72-44-255-247-229-185-221-248-64-53-178-73-114-104-0-147-177-75-24-104-177-75-254-247-154-238-79-240-255-48-0-33-2-240-148-253-21-228-11-32-254-247-118-237-57-70-58-70-205-248-76-5-1-240-134-252-255-247-59-187-221-248-76-5-167-73-254-247-148-237-0-40-63-244-242-170-84-248-37-48-1-34-164-73-195-248-156-44-159-75-114-104-24-104-162-75-254-247-116-238-255-247-228-186-112-104-254-247-168-238-73-70-24-34-254-247-10-239-84-248-37-48-198-248-0-144-255-247-132-186-149-75-151-73-114-104-24-104-152-75-254-247-94-238-84-248-37-48-255-247-115-186-84-248-37-48-221-248-68-37-29-104-211-248-88-12-146-75-83-248-34-64-2-240-246-248-144-73-42-70-0-151-35-70-1-144-4-32-254-247-216-238-255-247-173-187-221-248-72-53-139-73-114-104-0-147-139-75-1-147-129-75-24-104-138-75-254-247-56-238-40-70-0-33-2-240-52-253-255-247-242-184-123-72-134-75-134-73-114-104-0-104-254-247-44-238-79-240-255-48-0-33-2-240-38-253-221-248-68-53-255-247-166-184-115-75-127-73-114-104-24-104-126-75-254-247-28-238-40-70-0-33-2-240-23-253-255-247-148-184-112-104-0-34-122-73-254-247-160-237-3-70-221-248-68-5-115-96-255-247-86-184-3-240-74-248-88-70-57-70-2-240-4-253-189-66-127-247-68-168-255-247-57-184-84-248-37-48-97-74-111-73-16-104-211-248-76-44-254-247-246-237-255-247-212-186-92-75-107-73-24-104-254-247-240-237-84-248-37-48-211-248-76-44-255-247-182-186-211-248-28-12-102-73-254-247-244-236-84-248-37-48-0-40-0-240-5-129-8-33-223-248-184-161-97-74-255-247-6-185-221-248-72-53-84-248-37-32-95-72-25-70-19-96-2-240-20-254-84-248-37-48-92-72-211-248-32-28-2-240-13-254-77-75-221-248-68-37-89-72-83-248-34-16-2-240-5-254-84-248-37-48-211-248-152-60-75-185-179-104-1-43-64-242-183-130-79-240-255-48-84-248-37-16-2-240-178-252-32-70-41-70-3-240-224-250-32-228-84-248-37-48-77-73-211-248-36-12-254-247-182-236-7-70-0-40-0-240-146-129-221-248-76-5-96-177-72-73-254-247-172-236-64-177-11-32-254-247-126-236-2-33-66-70-205-248-76-5-1-240-142-251-84-248-37-48-2-33-211-248-32-12-211-248-156-44-1-240-133-251-255-247-67-186-84-248-37-48-221-248-72-37-59-72-153-104-254-247-60-237-0-33-128-70-1-240-177-253-7-70-0-40-0-240-121-129-64-70-254-247-102-236-84-248-37-48-45-72-25-104-2-240-178-253-84-248-37-48-43-72-211-248-32-28-2-240-171-253-221-248-84-53-41-72-0-43-0-240-70-130-43-73-2-240-162-253-32-70-41-70-13-245-168-98-3-240-34-254-255-247-202-187-13-75-38-73-114-104-24-104-37-75-254-247-80-237-221-248-68-53-254-247-217-191-84-248-37-48-34-74-6-72-27-104-33-73-82-104-0-104-254-247-66-237-221-248-68-53-255-247-5-184-0-191-60-10-1-0-64-186-1-0-148-11-1-0-132-18-1-0-220-9-1-0-140-18-1-0-204-16-1-0-172-184-1-0-4-21-1-0-184-13-1-0-216-13-1-0-208-13-1-0-52-12-1-0-116-10-1-0-8-12-1-0-216-10-1-0-220-19-1-0-144-14-1-0-152-14-1-0-40-20-1-0-48-20-1-0-108-9-1-0-40-19-1-0-28-19-1-0-120-20-1-0-168-20-1-0-140-30-1-0-112-12-1-0-88-186-1-0-252-13-1-0-160-14-1-0-104-28-201-248-8-0-88-248-4-92-254-247-164-237-88-248-4-60-58-33-197-248-24-12-211-248-24-12-1-240-58-255-5-70-0-40-126-244-149-175-186-72-187-75-187-73-114-104-0-104-254-247-228-236-79-240-255-48-41-70-2-240-222-251-221-248-68-53-254-247-135-191-211-248-28-12-180-73-254-247-230-235-84-248-37-48-129-70-0-40-84-208-177-74-8-33-223-248-40-163-195-248-28-44-80-70-254-247-134-237-129-70-0-40-126-244-249-175-172-74-84-248-37-48-171-73-1-146-164-74-205-248-0-160-16-104-255-247-15-187-161-76-168-75-168-73-106-104-32-104-254-247-178-236-171-104-1-43-62-246-5-175-32-104-163-73-106-104-163-75-254-247-168-236-254-247-253-190-11-32-254-247-136-235-1-33-58-70-205-248-76-5-1-240-152-250-255-247-46-187-84-248-37-48-4-32-155-73-26-104-211-248-20-60-254-247-36-237-255-247-168-186-84-248-37-48-4-32-150-73-26-104-150-75-254-247-26-237-255-247-216-184-84-248-37-48-4-32-145-73-26-104-146-75-254-247-16-237-255-247-116-186-145-74-0-146-211-248-28-44-255-247-200-186-84-248-37-48-4-32-137-73-26-104-140-75-254-247-0-237-255-247-90-185-84-248-37-48-138-73-211-248-4-44-1-145-126-73-0-146-119-74-27-104-16-104-114-104-254-247-94-236-79-240-255-48-57-70-2-240-88-251-255-247-148-184-112-72-114-73-114-104-128-75-0-104-254-247-80-236-79-240-255-48-41-70-2-240-74-251-255-247-50-187-105-75-113-73-114-104-24-104-121-75-254-247-66-236-255-247-122-186-88-248-4-60-1-53-58-33-201-248-16-80-40-70-195-248-24-92-1-240-128-254-5-70-0-40-127-244-12-171-93-75-95-73-114-104-24-104-92-75-254-247-42-236-79-240-255-48-41-70-2-240-36-251-255-247-254-186-84-248-37-48-4-32-96-73-26-104-103-75-254-247-172-236-255-247-241-185-26-104-4-32-91-73-100-75-254-247-164-236-255-247-168-187-98-74-84-248-37-48-98-73-0-146-75-74-27-104-16-104-114-104-254-247-6-236-79-240-255-48-57-70-2-240-0-251-255-247-186-184-68-75-70-73-114-104-24-104-89-75-254-247-248-235-79-240-255-48-57-70-2-240-242-250-121-230-86-75-223-248-112-145-91-105-0-43-64-243-26-129-84-248-37-48-195-248-0-156-254-247-43-191-79-75-223-248-92-145-91-105-0-43-64-243-23-129-84-248-37-48-195-248-104-156-254-247-60-191-73-75-223-248-68-145-91-105-0-43-64-243-216-128-84-248-37-48-195-248-12-156-254-247-80-191-66-75-223-248-48-145-91-105-0-43-64-243-223-128-84-248-37-48-195-248-4-144-254-247-52-191-60-75-223-248-24-145-91-105-0-43-64-243-200-128-84-248-37-48-195-248-8-156-254-247-49-191-53-75-223-248-4-145-91-105-0-43-64-243-207-128-84-248-37-48-195-248-120-156-254-247-31-191-26-104-4-32-33-73-46-75-254-247-48-236-255-247-192-187-19-75-0-148-44-73-24-104-114-104-43-75-254-247-148-235-255-247-215-187-14-75-15-73-114-104-24-104-40-75-254-247-138-235-79-240-255-48-41-70-2-240-133-250-255-247-65-186-7-75-8-73-114-104-24-104-34-75-254-247-124-235-79-240-255-48-41-70-2-240-119-250-255-247-58-186-0-191-64-186-1-0-148-12-1-0-116-10-1-0-176-51-1-0-172-14-1-0-120-14-1-0-192-14-1-0-228-10-1-0-140-30-1-0-24-11-1-0-232-17-1-0-236-8-1-0-108-17-1-0-168-17-1-0-216-14-1-0-240-19-1-0-80-17-1-0-84-13-1-0-240-14-1-0-64-16-1-0-44-17-1-0-52-19-1-0-64-9-1-0-128-20-1-0-172-184-1-0-104-19-1-0-96-11-1-0-108-11-1-0-212-12-1-0-240-12-1-0-180-14-1-0-60-15-1-0-112-15-1-0-48-16-1-0-164-15-1-0-252-15-1-0-160-35-1-0-84-248-37-48-4-32-53-79-53-73-211-248-16-44-141-232-132-0-26-104-51-75-254-247-176-235-255-247-149-186-221-248-68-37-49-75-83-248-34-16-2-240-88-251-180-229-26-104-4-32-46-73-46-75-254-247-160-235-255-247-25-187-84-248-37-48-4-32-41-73-26-104-42-75-254-247-150-235-255-247-223-186-41-75-41-73-24-104-41-75-90-104-41-75-254-247-250-234-63-229-36-75-205-248-0-144-39-73-24-104-114-104-38-75-254-247-240-234-29-231-31-75-205-248-0-144-34-73-24-104-114-104
46008|data|DCD 0xF7FE4B22, 0xE72DEAE6, 0xF8CD4B1A, 0x491D9000, 0x68726818|34-75-254-247-230-234-45-231-26-75-205-248-0-144-29-73-24-104-114-104-30-75-254-247-220-234-22-231-21-75-205-248-0-144-24-73-24-104-114-104-26-75-254-247-210-234-38-231-16-75-205-248-0-144-19-73-24-104-114-104-22-75-254-247-200-234-219-230-11-75-205-248-0-144-14-73-24-104-114-104-18-75-254-247-190-234-222-230-92-18-1-0-52-18-1-0-76-18-1-0-172-184-1-0-236-8-1-0-172-19-1-0-124-16-1-0-64-186-1-0-140-30-1-0-88-186-1-0-56-20-1-0-96-11-1-0-12-16-1-0-212-15-1-0-128-15-1-0-176-15-1-0-28-15-1-0-72-15-1-0
46168|code|MOV.W           R11, #0|79-240-0-11
46172|code|MOV.W           LR, #0|79-240-0-14
46176|code|POP.W           {R1}; argc|93-248-4-27
46180|code|MOV             R2, SP; ubp_av|106-70
46182|code|PUSH.W          {R2}; stack_end|77-248-4-45
46186|code|PUSH.W          {R0}; rtld_fini|77-248-4-13
46190|code|LDR.W           R12, =(nullsub_1+1)|223-248-20-192
46194|code|PUSH.W          {R12}; fini|77-248-4-205
46198|code|LDR             R0, =(loc_9BA0+1); main|4-72
46200|code|LDR             R3, =(sub_10798+1); init|4-75
46202|code|BLX             __libc_start_main|254-247-52-234
46206|code|BLX             abort|254-247-96-235
46210|data|ALIGN 4|0-0
46212|data|DCD nullsub_1+1|221-7-1-0
46216|data|DCD loc_9BA0+1|161-155-0-0
46220|data|DCD sub_10798+1|153-7-1-0
46224|code|LDR             R3, =(_GLOBAL_OFFSET_TABLE_ - 0xB498)|3-75
46226|code|LDR             R2, =(__gmon_start___ptr_0 - 0x1B724)|4-74
46228|code|ADD             R3, PC; _GLOBAL_OFFSET_TABLE_|123-68
46230|code|LDR             R3, [R3,R2]; __imp___gmon_start__|155-88
46232|code|CBZ             R3, locret_B49E|11-177
46234|code|B.W             j___gmon_start__|254-247-73-186
46238|code|BX              LR|112-71
46240|data|DCD _GLOBAL_OFFSET_TABLE_ - 0xB498|140-2-1-0
46244|data|DCD __gmon_start___ptr_0 - 0x1B724|124-1-0-0
46248|code|LDR             R3, =byte_1BA54|2-75
46250|code|LDRB            R2, [R3]|26-120
46252|code|CBNZ            R2, locret_B4B2|10-185
46254|code|MOVS            R2, #1|1-34
46256|code|STRB            R2, [R3]|26-112
46258|code|BX              LR|112-71
46260|data|DCD byte_1BA54|84-186-1-0
46264|code|LDR             R0, =dword_1B628|3-72
46266|code|PUSH            {R3,LR}|8-181
46268|code|LDR             R3, [R0]|3-104
46270|code|CBZ             R3, locret_B4C6|19-177
46272|code|LDR             R3, =0|2-75
46274|code|CBZ             R3, locret_B4C6|3-177
46276|code|BLX             R3|152-71
46278|code|POP             {R3,PC}|8-189
46280|data|DCD dword_1B628|40-182-1-0
46284|data|DCD 0|0-0-0-0
46288|code|LDR.W           R3, [R0,R1,LSL#2]|80-248-33-48
46292|code|PUSH.W          {R4-R10,LR}|45-233-240-71
46296|code|MOV             R4, R0|4-70
46298|code|LDR.W           R7, [R3,#0xC18]|211-248-24-124
46302|code|SUB             SP, SP, #8|130-176
46304|code|MOV             R5, R1|13-70
46306|code|MOV             R6, R2|22-70
46308|code|CMP             R7, #0|0-47
46310|code|BEQ.W           loc_B658|0-240-183-128
46314|code|BL              sub_D96C|2-240-63-250
46318|code|LDR.W           R3, [R4,R5,LSL#2]|84-248-37-48
46322|code|MOV.W           R9, #1|79-240-1-9
46326|code|LDR.W           R0, [R3,#0xC2C]|211-248-44-12
46330|code|BLX             rmdir|254-247-104-233
46334|code|LDR             R0, [R6,#4]|112-104
46336|code|LDR             R7, =off_1B8AC; "daily"|98-79
46338|code|LDR.W           R3, [R4,R5,LSL#2]|84-248-37-48
46342|code|LDR.W           LR, [R7,R0,LSL#2]|87-248-32-224
46346|code|LDR.W           R1, [R3,#0xC2C]|211-248-44-28
46350|code|LDR             R2, [R3]|26-104
46352|code|LDR             R0, =aSSSS; "%s/%s.%s.%s.*"|95-72
46354|code|LDR.W           R3, [R3,#0xC20]|211-248-32-60
46358|code|STR.W           LR, [SP]|205-248-0-224
46362|code|BLX             g_strdup_printf|254-247-242-233
46366|code|MOVS            R1, #0|0-33
46368|code|MOV             R8, R0|128-70
46370|code|BL              sub_C9F4|1-240-103-250
46374|code|CBZ             R0, loc_B52E|16-177
46376|code|CMP.W           R9, #0|185-241-0-15
46380|code|BEQ             loc_B5E8|92-208
46382|code|MOV             R0, R8|64-70
46384|code|BLX             g_free|254-247-28-233
46388|code|MOVS            R1, #0|0-33
46390|code|LDR.W           R0, [R4,R5,LSL#2]|84-248-37-0
46394|code|BL              sub_D4C0|1-240-193-255
46398|code|LDR             R1, [R6,#4]|113-104
46400|code|LDR.W           R0, [R4,R5,LSL#2]|84-248-37-0
46404|code|BL              sub_DBB4|2-240-54-251
46408|code|LDR             R3, [R6,#4]|115-104
46410|code|CMP             R3, R0|131-66
46412|code|MOV             R1, R0|1-70
46414|code|IT NE|24-191
46416|code|STRNE           R0, [R6,#4]|112-96
46418|code|BEQ.W           loc_B660|0-240-133-128
46422|code|LDR.W           R3, [R4,R5,LSL#2]|84-248-37-48
46426|code|MOV             R0, R3|24-70
46428|code|BL              sub_C6A4|1-240-162-248
46432|code|LDR.W           R3, [R4,R5,LSL#2]|84-248-37-48
46436|code|LDR.W           R0, [R3,#0xC40]|211-248-64-12
46440|code|BL              sub_C974|1-240-4-250
46444|code|MOV             R1, R0|1-70
46446|code|LDR             R0, =aArchive; "Archive"|73-72
46448|code|BL              sub_DA10|2-240-78-250
46452|code|LDR.W           R3, [R4,R5,LSL#2]|84-248-37-48
46456|code|LDR.W           R1, [R3,#0xC14]|211-248-20-28
46460|code|CMP             R1, #0|0-41
46462|code|BEQ             loc_B66E|118-208
46464|code|CMP.W           R9, #1|185-241-1-15
46468|code|BEQ             loc_B61E|75-208
46470|code|LDR.W           R2, [R3,#0xC10]|211-248-16-44
46474|code|LDR             R0, =aYesSS; "yes (%s, %s)"|67-72
46476|code|BLX             g_strdup_printf|254-247-184-233
46480|code|MOV             R7, R0|7-70
46482|code|LDR             R0, =aEncryption; "Encryption"|66-72
46484|code|MOV             R1, R7|57-70
46486|code|BL              sub_DA10|2-240-59-250
46490|code|MOV             R0, R7|56-70
46492|code|BLX             g_free|254-247-230-232
46496|code|LDR.W           R0, [R4,R5,LSL#2]|84-248-37-0
46500|code|BL              sub_100C0|4-240-140-253
46504|code|CBNZ            R0, loc_B5CA|120-185
46506|code|LDR             R3, =stderr|61-75
46508|code|LDR             R1, =aSWarningS; "%s: WARNING: %s!\n"|61-73
46510|code|LDR             R0, [R3]|24-104
46512|code|LDR             R3, =dword_1BA58|61-75
46514|code|LDR             R2, [R3,#(dword_1BA5C - 0x1BA58)]|90-104
46516|code|LDR             R3, =aNoFilesWereFou; "No files were found - I'm faking an emp"...|61-75
46518|code|BLX             fprintf|254-247-232-233
46522|code|LDR.W           R0, [R4,R5,LSL#2]|84-248-37-0
46526|code|BL              sub_CC38|1-240-59-251
46530|code|CBNZ            R0, loc_B5D8|72-185
46532|code|ADD             SP, SP, #8|2-176
46534|code|POP.W           {R4-R10,PC}|189-232-240-135
46538|code|LDR.W           R0, [R4,R5,LSL#2]|84-248-37-0
46542|code|LDR             R1, [R6,#4]|113-104
46544|code|BL              sub_F72C|4-240-172-248
46548|code|CMP             R0, #0|0-40
46550|code|BEQ             loc_B5C4|245-208
46552|code|LDR.W           R1, [R4,R5,LSL#2]|84-248-37-16
46556|code|MOVS            R0, #1|1-32
46558|code|ADD             SP, SP, #8|2-176
46560|code|POP.W           {R4-R10,LR}|189-232-240-71
46564|code|B.W             sub_D788|2-240-208-184
46568|code|LDR.W           R3, [R4,R5,LSL#2]|84-248-37-48
46572|code|LDR.W           R2, [R3,#0xC80]|211-248-128-44
46576|code|CBNZ            R2, loc_B63E|42-187
46578|code|LDR.W           R10, =dword_1BA58|223-248-180-160
46582|code|LDR.W           R2, [R10]|218-248-0-32
46586|code|CMP             R2, #1|1-42
46588|code|BEQ             loc_B678|60-208
46590|code|LDR             R1, =stderr|40-73
46592|code|LDR             R3, [R3]|27-104
46594|code|LDR.W           R2, [R10,#(dword_1BA5C - 0x1BA58)]|218-248-4-32
46598|code|LDR             R0, [R1]|8-104
46600|code|LDR             R1, =aThereAlreadyIs; "There already is an archive identical t"...|41-73
46602|code|STR             R1, [SP]|0-145
46604|code|LDR             R1, =aSFatalSS; "%s: FATAL: %s: %s.\n"|41-73
46606|code|BLX             fprintf|254-247-188-233
46610|code|MOV.W           R0, #0xFFFFFFFF|79-240-255-48
46614|code|MOVS            R1, #0|0-33
46616|code|BL              sub_D788|2-240-182-248
46620|code|B               loc_B52E|135-231
46622|code|LDR             R2, [R7,#(dword_1B8C0 - 0x1B8AC)]|122-105
46624|code|CMP             R2, #1|1-42
46626|code|BGT             loc_B586|176-220
46628|code|LDR             R3, =stderr|30-75
46630|code|LDR             R1, =aSS; "%s: %s.\n"|36-73
46632|code|LDR             R0, [R3]|24-104
46634|code|LDR             R3, =dword_1BA58|31-75
46636|code|LDR             R2, [R3,#(dword_1BA5C - 0x1BA58)]|90-104
46638|code|LDR             R3, =aDecryptionKeyM; "Decryption key may not be present when "...|35-75
46640|code|BLX             fprintf|254-247-170-233
46644|code|LDR.W           R3, [R4,R5,LSL#2]|84-248-37-48
46648|code|LDR.W           R1, [R3,#0xC14]|211-248-20-28
46652|code|B               loc_B586|163-231
46654|code|LDR             R3, [R7,#(dword_1B8C0 - 0x1B8AC)]|123-105
46656|code|CMP             R3, #1|1-43
46658|code|BGT.W           loc_B52E|63-247-116-175
46662|code|LDR             R3, =stderr|22-75
46664|code|LDR             R1, =aSS; "%s: %s.\n"|27-73
46666|code|LDR             R0, [R3]|24-104
46668|code|LDR             R3, =dword_1BA58|22-75
46670|code|LDR             R2, [R3,#(dword_1BA5C - 0x1BA58)]|90-104
46672|code|LDR             R3, =aOverwritingOld; "Overwriting old archive"|27-75
46674|code|BLX             fprintf|254-247-154-233
46678|code|B               loc_B52E|106-231
46680|code|BL              sub_D96C|2-240-136-249
46684|code|MOV             R9, R7|185-70
46686|code|B               loc_B4FE|78-231
46688|code|LDR.W           R1, [R7,R0,LSL#2]|87-248-32-16
46692|code|LDR             R0, =aScheme; "Scheme"|23-72
46694|code|BL              sub_DA10|2-240-211-249
46698|code|LDR             R1, [R6,#4]|113-104
46700|code|B               loc_B556|115-231
46702|code|LDR             R1, =aNo; "no"|22-73
46704|code|LDR             R0, =aEncryption; "Encryption"|10-72
46706|code|BL              sub_DA10|2-240-205-249
46710|code|B               loc_B5A0|147-231
46712|code|LDR             R2, [R3]|26-104
46714|code|MOVS            R0, #4|4-32
46716|code|LDR             R3, =aThereAlreadyIs; "There already is an archive identical t"...|12-75
46718|code|LDR             R1, =aFailureSS; "FAILURE, %s, %s"|19-73
46720|code|BLX             syslog|254-247-20-234
46724|code|LDR.W           R3, [R4,R5,LSL#2]|84-248-37-48
46728|code|B               loc_B5FE|185-231
46730|data|ALIGN 4|0-191
46732|data|DCD off_1B8AC; "daily"|172-184-1-0
46736|data|DCD aSSSS; "%s/%s.%s.%s.*"|220-8-1-0
46740|data|DCD aArchive; "Archive"|116-9-1-0
46744|data|DCD aYesSS; "yes (%s, %s)"|188-9-1-0
46748|data|DCD aEncryption; "Encryption"|204-9-1-0
46752|data|DCD stderr|64-186-1-0
46756|data|DCD aSWarningS; "%s: WARNING: %s!\n"|220-9-1-0
46760|data|DCD dword_1BA58|88-186-1-0
46764|data|DCD aNoFilesWereFou; "No files were found - I'm faking an emp"...|240-9-1-0
46768|data|DCD aThereAlreadyIs; "There already is an archive identical t"...|252-8-1-0
46772|data|DCD aSFatalSS; "%s: FATAL: %s: %s.\n"|64-9-1-0
46776|data|DCD aSS; "%s: %s.\n"|140-30-1-0
46780|data|DCD aDecryptionKeyM; "Decryption key may not be present when "...|124-9-1-0
46784|data|DCD aOverwritingOld; "Overwriting old archive"|84-9-1-0
46788|data|DCD aScheme; "Scheme"|108-9-1-0
46792|data|DCD aNo; "no"|216-9-1-0
46796|data|DCD aFailureSS; "FAILURE, %s, %s"|236-8-1-0
46800|code|PUSH.W          {R4-R10,LR}|45-233-240-71
46804|code|SUB             SP, SP, #8|130-176
46806|code|LDR.W           R8, =dword_1BA74|223-248-180-128
46810|code|MOV             R5, R1|13-70
46812|code|LDR.W           R9, =stderr|223-248-148-144
46816|code|MOV             R4, R2|20-70
46818|code|MOV             R7, R3|31-70
46820|code|MOV             R6, R0|6-70
46822|code|MOV.W           R10, #0|79-240-0-10
46826|code|MOV             R0, R5; fp|40-70
46828|code|BLX             _IO_getc|254-247-116-232
46832|code|ADDS            R3, R0, #1|67-28
46834|code|BEQ             loc_B718|17-208
46836|code|CMP.W           R10, #0|186-241-0-15
46840|code|BNE             loc_B720|18-209
46842|code|CMP             R0, #0x5C ; '\'|92-40
46844|code|BEQ             loc_B730|24-208
46846|code|CMP             R0, #0xA|10-40
46848|code|BEQ             loc_B746|33-208
46850|code|SUBS            R4, #1|1-60
46852|code|STRB            R0, [R6]|48-112
46854|code|BMI             loc_B74C|33-212
46856|code|MOV             R0, R5; fp|40-70
46858|code|ADDS            R6, #1|1-54
46860|code|BLX             _IO_getc|254-247-100-232
46864|code|MOV.W           R10, #0|79-240-0-10
46868|code|ADDS            R3, R0, #1|67-28
46870|code|BNE             loc_B6F4|237-209
46872|code|MOVS            R0, #1|1-32
46874|code|ADD             SP, SP, #8|2-176
46876|code|POP.W           {R4-R10,PC}|189-232-240-135
46880|code|CMP             R0, #0xA|10-40
46882|code|BEQ             loc_B736|8-208
46884|code|MOVS            R3, #0x5C ; '\'|92-35
46886|code|SUBS            R4, #1|1-60
46888|code|CMP             R0, #0x5C ; '\'|92-40
46890|code|STRB.W          R3, [R6],#1|6-248-1-59
46894|code|BNE             loc_B6FE|230-209
46896|code|MOV.W           R10, #1|79-240-1-10
46900|code|B               loc_B6EA|217-231
46902|code|LDR.W           R3, [R8]|216-248-0-48
46906|code|CMP             R3, #1|1-43
46908|code|BEQ             loc_B764|18-208
46910|code|ADDS            R7, #4|4-55
46912|code|MOV.W           R10, #0|79-240-0-10
46916|code|B               loc_B6EA|209-231
46918|code|MOVS            R0, #0|0-32
46920|code|STRB            R0, [R6]|48-112
46922|code|B               loc_B71A|230-231
46924|code|LDR             R2, =stderr|9-74
46926|code|LDR             R4, =aMaximumLineLen; "Maximum line length exceeded."|10-76
46928|code|LDR             R3, [R7]|59-104
46930|code|LDR             R0, [R2]; stream|16-104
46932|code|LDR             R2, =dword_1BA5C|9-74
46934|code|LDR             R1, =aSWarningConfig; "%s: WARNING: Config: line %d: %s!\n"|10-73
46936|code|LDR             R2, [R2]|18-104
46938|code|STR             R4, [SP,#0x28+var_28]|0-148
46940|code|BLX             fprintf|254-247-20-233
46944|code|MOVS            R0, #1|1-32
46946|code|B               loc_B71A|218-231
46948|code|LDR.W           R0, [R9]; stream|217-248-0-0
46952|code|LDR             R1, =aDebugS_0; "[DEBUG] %s\n"|6-73
46954|code|LDR             R2, =aEscapedNSeen; "Escaped \\n seen"|7-74
46956|code|BLX             fprintf|254-247-12-233
46960|code|B               loc_B73E|229-231
46962|data|ALIGN 4|0-191
46964|data|DCD stderr|64-186-1-0
46968|data|DCD aMaximumLineLen; "Maximum line length exceeded."|240-22-1-0
46972|data|DCD dword_1BA5C|92-186-1-0
46976|data|DCD aSWarningConfig; "%s: WARNING: Config: line %d: %s!\n"|204-22-1-0
46980|data|DCD aDebugS_0; "[DEBUG] %s\n"|176-22-1-0
46984|data|DCD aEscapedNSeen; "Escaped \\n seen"|188-22-1-0
46988|data|DCD dword_1BA74|116-186-1-0
46992|code|LDR             R3, [R1]|11-104
46994|code|PUSH            {R4-R6,LR}|112-181
46996|code|MOV             R6, R0|6-70
46998|code|LDR             R0, [R3]|24-104
47000|code|CBZ             R0, loc_B7B8|112-177
47002|code|MOV             R5, R1|13-70
47004|code|MOVS            R4, #0|0-36
47006|code|B               loc_B7AA|4-224
47008|code|LDR.W           R3, [R5,#4]!|85-248-4-63
47012|code|ADDS            R4, #1|1-52
47014|code|LDR             R0, [R3]|24-104
47016|code|CBZ             R0, loc_B7B8|48-177
47018|code|MOV             R1, R6|49-70
47020|code|BLX             g_str_equal|253-247-252-239
47024|code|CMP             R0, #0|0-40
47026|code|BEQ             loc_B7A0|245-208
47028|code|MOV             R0, R4|32-70
47030|code|POP             {R4-R6,PC}|112-189
47032|code|MOV.W           R4, #0xFFFFFFFF|79-240-255-52
47036|code|MOV             R0, R4|32-70
47038|code|POP             {R4-R6,PC}|112-189
47040|code|PUSH            {R3-R7,LR}|248-181
47042|code|MOV             R5, R0|5-70
47044|code|MOV             R6, R1|14-70
47046|code|MOV             R7, R2|23-70
47048|code|CBZ             R5, locret_B80A|253-177
47050|code|BLX             strlen|254-247-204-232
47054|code|CMP.W           R0, #0x1000|176-245-128-95
47058|code|BHI             loc_B80C|27-216
47060|code|LDRB            R4, [R5]|44-120
47062|code|CBZ             R4, loc_B7F4|108-177
47064|code|MOV             R0, R5|40-70
47066|code|BLX             g_strdup|254-247-130-233
47070|code|MOV             R3, R0|3-70
47072|code|STR             R3, [R6]|51-96
47074|code|BL              sub_D2C4|1-240-111-253
47078|code|LDR             R0, [R6]|48-104
47080|code|BLX             g_strchug|254-247-54-233
47084|code|BLX             g_strchomp|254-247-76-233
47088|code|MOVS            R0, #0|0-32
47090|code|POP             {R3-R7,PC}|248-189
47092|code|LDR             R2, =stderr|7-74
47094|code|MOV             R3, R7|59-70
47096|code|STR             R4, [R6]|52-96
47098|code|LDR             R1, =aSWarningConfig_0; "%s: WARNING: Config: line %d: Resetting"...|7-73
47100|code|LDR             R0, [R2]; stream|16-104
47102|code|LDR             R2, =dword_1BA5C|7-74
47104|code|LDR             R2, [R2]|18-104
47106|code|BLX             fprintf|254-247-194-232
47110|code|MOV             R0, R4|32-70
47112|code|POP             {R3-R7,PC}|248-189
47114|code|POP             {R3-R7,PC}|248-189
47116|code|MOV.W           R0, #0xFFFFFFFF|79-240-255-48
47120|code|POP             {R3-R7,PC}|248-189
47122|data|ALIGN 4|0-191
47124|data|DCD stderr|64-186-1-0
47128|data|DCD aSWarningConfig_0; "%s: WARNING: Config: line %d: Resetting"...|16-23-1-0
47132|data|DCD dword_1BA5C|92-186-1-0
47136|code|PUSH            {R3-R5,LR}|56-181
47138|code|MOV             R4, R0|4-70
47140|code|MOV             R5, R1|13-70
47142|code|CBZ             R0, loc_B83C|72-177
47144|code|LDR             R0, [R1]; ptr|8-104
47146|code|CBZ             R0, loc_B834|24-177
47148|code|BLX             free|253-247-182-239
47152|code|MOVS            R3, #0|0-35
47154|code|STR             R3, [R5]|43-96
47156|code|MOV             R0, R4|32-70
47158|code|BLX             g_strdup|254-247-84-233
47162|code|STR             R0, [R5]|40-96
47164|code|MOVS            R0, #0|0-32
47166|code|POP             {R3-R5,PC}|56-189
47168|code|PUSH            {R4-R6,LR}|112-181
47170|code|MOV             R4, R1|12-70
47172|code|MOV             R6, R2|22-70
47174|code|SUB             SP, SP, #8|130-176
47176|code|LDR             R1, =aNo; "no"|27-73
47178|code|MOVS            R2, #2; n|2-34
47180|code|MOV             R5, R0|5-70
47182|code|BLX             strncmp|254-247-114-233
47186|code|CBZ             R0, loc_B89A|16-179
47188|code|MOV             R0, R5; s1|40-70
47190|code|LDR             R1, =aFalse; "false"|25-73
47192|code|MOVS            R2, #5; n|5-34
47194|code|BLX             strncmp|254-247-108-233
47198|code|CBZ             R0, loc_B89A|224-177
47200|code|MOV             R0, R5; s1|40-70
47202|code|LDR             R1, =aOff; "off"|23-73
47204|code|MOVS            R2, #3; n|3-34
47206|code|BLX             strncmp|254-247-102-233
47210|code|CBZ             R0, loc_B89A|176-177
47212|code|MOV             R0, R5; s1|40-70
47214|code|LDR             R1, =aYes; "yes"|21-73
47216|code|MOVS            R2, #3; n|3-34
47218|code|BLX             strncmp|254-247-96-233
47222|code|CBZ             R0, loc_B89E|144-177
47224|code|MOV             R0, R5; s1|40-70
47226|code|LDR             R1, =aTrue; "true"|19-73
47228|code|MOVS            R2, #4; n|4-34
47230|code|BLX             strncmp|254-247-90-233
47234|code|CBZ             R0, loc_B89E|96-177
47236|code|MOV             R0, R5; s1|40-70
47238|code|LDR             R1, =(aMcryptCommandC+0x3C); s2|17-73
47240|code|MOVS            R2, #2; n|2-34
47242|code|BLX             strncmp|254-247-84-233
47246|code|CBZ             R0, loc_B89E|48-177
47248|code|LDR             R3, =dword_1BA60|15-75
47250|code|MOVS            R0, #0|0-32
47252|code|LDR             R3, [R3]|27-104
47254|code|CMP             R3, #1|1-43
47256|code|BLS             loc_B8A2|3-217
47258|code|ADD             SP, SP, #8|2-176
47260|code|POP             {R4-R6,PC}|112-189
47262|code|MOVS            R0, #1|1-32
47264|code|B               loc_B89A|251-231
47266|code|LDR             R2, =stderr|12-74
47268|code|MOV             R3, R6|51-70
47270|code|LDR             R1, =aSConfigLineDNo; "%s: Config: line %d: No 'on/yes' or 'of"...|12-73
47272|code|LDR             R0, [R2]; stream|16-104
47274|code|LDR             R2, =dword_1BA5C|12-74
47276|code|LDR             R2, [R2]|18-104
47278|code|STR             R4, [SP,#0x18+var_18]|0-148
47280|code|BLX             fprintf|254-247-106-232
47284|code|MOVS            R0, #0|0-32
47286|code|B               loc_B89A|240-231
47288|data|DCD aNo; "no"|216-9-1-0
47292|data|DCD aFalse; "false"|92-23-1-0
47296|data|DCD aOff; "off"|100-23-1-0
47300|data|DCD aYes; "yes"|104-23-1-0
47304|data|DCD aTrue; "true"|108-23-1-0
47308|data|DCD aMcryptCommandC+0x3C; "on"|228-17-1-0
47312|data|DCD dword_1BA60|96-186-1-0
47316|data|DCD stderr|64-186-1-0
47320|data|DCD aSConfigLineDNo; "%s: Config: line %d: No 'on/yes' or 'of"...|116-23-1-0
47324|data|DCD dword_1BA5C|92-186-1-0
47328|code|ADDS            R2, R0, #1|66-28
47330|code|IT NE|24-191
47332|code|STRNE           R0, [R1]|8-96
47334|code|MOVS            R0, #0|0-32
47336|code|BX              LR|112-71
47338|data|ALIGN 4|0-191
47340|code|PUSH.W          {R3-R11,LR}|45-233-248-79
47344|code|MOV             R8, R0|128-70
47346|code|MOV             R4, R1|12-70
47348|code|CMP             R0, #0|0-40
47350|code|BEQ             loc_B996|78-208
47352|code|LDRB            R1, [R0]|1-120
47354|code|CMP             R1, #0|0-41
47356|code|BEQ             loc_B996|75-208
47358|code|BLX             strlen|254-247-50-232
47362|code|CMP             R0, #0|0-40
47364|code|MOV             R6, R0|6-70
47366|code|BLT             loc_B9BE|90-219
47368|code|MOVS            R7, #0|0-39
47370|code|ADDS            R5, R0, #1|69-28
47372|code|ADD             R5, R8|69-68
47374|code|LDR.W           R9, =dword_1BA74|223-248-200-144
47378|code|MOV             R10, R7|186-70
47380|code|LDR.W           R11, =stderr|223-248-172-176
47384|code|B               loc_B928|6-224
47386|code|CBZ             R6, loc_B95A|246-177
47388|code|CMP             R7, #0xFF|255-47
47390|code|BGT             loc_B974|41-220
47392|code|SUBS            R6, #1|1-62
47394|code|SUBS            R5, #1|1-61
47396|code|ADDS            R1, R6, #1|113-28
47398|code|BEQ             loc_B950|19-208
47400|code|LDRB.W          R3, [R5,#-1]|21-248-1-60
47404|code|CMP             R3, #0x2C ; ','|44-43
47406|code|BNE             loc_B91A|244-209
47408|code|LDRB.W          R3, [R5,#-2]|21-248-2-60
47412|code|MOV             R0, R5|40-70
47414|code|CMP             R3, #0x5C ; '\'|92-43
47416|code|BNE             loc_B97C|32-209
47418|code|LDR.W           R3, [R9]|217-248-0-48
47422|code|CMP             R3, #1|1-43
47424|code|BEQ             loc_B9B0|54-208
47426|code|SUBS            R6, #1|1-62
47428|code|MOVS            R3, #0x20 ; ' '|32-35
47430|code|STRB.W          R3, [R5,#-2]|5-248-2-60
47434|code|SUBS            R5, #1|1-61
47436|code|ADDS            R1, R6, #1|113-28
47438|code|BNE             loc_B928|235-209
47440|code|LSLS            R7, R7, #2|191-0
47442|code|MOVS            R0, #0|0-32
47444|code|STR             R0, [R4,R7]|224-81
47446|code|POP.W           {R3-R11,PC}|189-232-248-143
47450|code|MOV             R0, R8|64-70
47452|code|BLX             g_strdup|254-247-192-232
47456|code|MOV             R3, R0|3-70
47458|code|STR.W           R3, [R4,R7,LSL#2]|68-248-39-48
47462|code|BLX             g_strchug|254-247-120-232
47466|code|ADDS            R7, #1|1-55
47468|code|BLX             g_strchomp|254-247-140-232
47472|code|CMP             R7, #0xFF|255-47
47474|code|BLE             loc_B920|213-221
47476|code|MOV.W           R0, #0xFFFFFFFF|79-240-255-48
47480|code|POP.W           {R3-R11,PC}|189-232-248-143
47484|code|BLX             g_strdup|254-247-176-232
47488|code|MOV             R3, R0|3-70
47490|code|STR.W           R3, [R4,R7,LSL#2]|68-248-39-48
47494|code|BLX             g_strchug|254-247-104-232
47498|code|ADDS            R7, #1|1-55
47500|code|BLX             g_strchomp|254-247-124-232
47504|code|STRB.W          R10, [R5,#-1]|5-248-1-172
47508|code|B               loc_B920|196-231
47510|code|MOV             R3, R2|19-70
47512|code|LDR             R2, =stderr|10-74
47514|code|MOVS            R5, #0|0-37
47516|code|STR             R5, [R4]|37-96
47518|code|LDR             R1, =aSWarningConfig_0; "%s: WARNING: Config: line %d: Resetting"...|10-73
47520|code|LDR             R0, [R2]; stream|16-104
47522|code|LDR             R2, =dword_1BA5C|10-74
47524|code|LDR             R2, [R2]|18-104
47526|code|BLX             fprintf|253-247-240-239
47530|code|MOV             R0, R5|40-70
47532|code|POP.W           {R3-R11,PC}|189-232-248-143
47536|code|LDR.W           R0, [R11]; stream|219-248-0-0
47540|code|LDR             R1, =aDebugS_0; "[DEBUG] %s\n"|6-73
47542|code|LDR             R2, =aEscapedSeen; "Escaped \\, seen"|7-74
47544|code|BLX             fprintf|253-247-230-239
47548|code|B               loc_B942|193-231
47550|code|MOVS            R7, #0|0-39
47552|code|B               loc_B952|199-231
47554|data|ALIGN 4|0-191
47556|data|DCD stderr|64-186-1-0
47560|data|DCD aSWarningConfig_0; "%s: WARNING: Config: line %d: Resetting"...|16-23-1-0
47564|data|DCD dword_1BA5C|92-186-1-0
47568|data|DCD aDebugS_0; "[DEBUG] %s\n"|176-22-1-0
47572|data|DCD aEscapedSeen; "Escaped \\, seen"|204-23-1-0
47576|data|DCD dword_1BA74|116-186-1-0
47580|code|PUSH            {R3-R7,LR}|248-181
47582|code|MOV             R6, R0|6-70
47584|code|MOV             R7, R1|15-70
47586|code|CBZ             R0, loc_BA28|8-179
47588|code|LDR             R0, [R0]|0-104
47590|code|CBZ             R0, loc_BA28|248-177
47592|code|SUBS            R2, R1, #4|10-31
47594|code|MOVS            R4, #0|0-36
47596|code|B               loc_B9F8|4-224
47598|code|LDRB            R3, [R3]|27-120
47600|code|CBZ             R3, loc_BA00|51-177
47602|code|ADDS            R4, #1|1-52
47604|code|CMP             R4, #0xFF|255-44
47606|code|BEQ             loc_BA28|23-208
47608|code|LDR.W           R3, [R2,#4]!|82-248-4-63
47612|code|CMP             R3, #0|0-43
47614|code|BNE             loc_B9EE|246-209
47616|code|LDRB            R3, [R0]|3-120
47618|code|CBZ             R3, loc_BA28|139-177
47620|code|ADD.W           R5, R7, R4,LSL#2|7-235-132-5
47624|code|B               loc_BA14|4-224
47626|code|LDR.W           R0, [R6,#4]!|86-248-4-15
47630|code|CBZ             R0, loc_BA22|64-177
47632|code|LDRB            R3, [R0]|3-120
47634|code|CBZ             R3, loc_BA22|51-177
47636|code|BLX             g_strdup|254-247-100-232
47640|code|ADDS            R4, #1|1-52
47642|code|CMP             R4, #0xFF|255-44
47644|code|STR.W           R0, [R5],#4|69-248-4-11
47648|code|BNE             loc_BA0A|243-209
47650|code|MOVS            R3, #0|0-35
47652|code|STR.W           R3, [R7,R4,LSL#2]|71-248-36-48
47656|code|MOVS            R0, #0|0-32
47658|code|POP             {R3-R7,PC}|248-189
47660|code|PUSH.W          {R4-R11,LR}|45-233-240-79
47664|code|SUB.W           SP, SP, #0x460|173-245-140-109
47668|code|SUB             SP, SP, #4|129-176
47670|code|MOV             R6, R1|14-70
47672|code|MOV             R5, R2|21-70
47674|code|ADD             R1, SP, #0x488+var_424|25-169
47676|code|MOV             R2, R3|26-70
47678|code|STR             R3, [SP,#0x488+var_42C]|23-147
47680|code|MOV             R4, R0|4-70
47682|code|BL              sub_B8EC|255-247-83-255
47686|code|CMP             R0, #0|0-40
47688|code|BLT.W           loc_BD2E|192-242-113-129
47692|code|LDR             R0, [SP,#0x488+var_424]|25-152
47694|code|CMP             R0, #0|0-40
47696|code|BEQ.W           loc_BD24|0-240-104-129
47700|code|LDRB            R3, [R0]|3-120
47702|code|CMP             R3, #0|0-43
47704|code|BEQ.W           loc_BD22|0-240-99-129
47708|code|ADD.W           R3, R6, #0xC40|6-245-68-99
47712|code|STR             R3, [SP,#0x488+var_47C]|3-147
47714|code|STR             R3, [SP,#0x488+var_478]|4-147
47716|code|ADD.W           R3, R6, #0xC20|6-245-66-99
47720|code|STR             R3, [SP,#0x488+var_450]|14-147
47722|code|ADD.W           R3, R6, #0xC40|6-245-68-99
47726|code|STR             R3, [SP,#0x488+var_474]|5-147
47728|code|ADD.W           R10, R6, #0xC60|6-245-70-106
47732|code|STR             R3, [SP,#0x488+var_470]|6-147
47734|code|ADD.W           R3, R6, #0x408|6-245-129-99
47738|code|STR             R3, [SP,#0x488+var_440]|18-147
47740|code|ADD.W           R3, R6, #0xC00|6-245-64-99
47744|code|STR             R3, [SP,#0x488+var_444]|17-147
47746|code|ADD.W           R1, R6, #0xC00|6-245-64-97
47750|code|LDR             R3, [SP,#0x488+var_47C]|3-155
47752|code|ADD.W           R9, R6, #0x800|6-245-0-105
47756|code|STR.W           R10, [SP,#0x488+var_464]|205-248-36-160
47760|code|MOV             R11, R10|211-70
47762|code|ADDS            R3, #4|4-51
47764|code|STR             R3, [SP,#0x488+var_47C]|3-147
47766|code|LDR             R3, [SP,#0x488+var_464]|9-155
47768|code|ADD.W           R8, SP, #0x488+var_420|13-241-104-8
47772|code|STR.W           R10, [SP,#0x488+var_45C]|205-248-44-160
47776|code|ADD.W           R9, R9, #4|9-241-4-9
47780|code|STR             R1, [SP,#0x488+var_460]|10-145
47782|code|ADDS            R3, #8|8-51
47784|code|STR             R1, [SP,#0x488+var_46C]|7-145
47786|code|ADD.W           R11, R11, #0x18|11-241-24-11
47790|code|STR             R1, [SP,#0x488+var_468]|8-145
47792|code|ADD.W           R1, R6, #0xC|6-241-12-1
47796|code|STR             R1, [SP,#0x488+var_44C]|15-145
47798|code|ADD.W           R1, R6, #8|6-241-8-1
47802|code|STR             R1, [SP,#0x488+var_430]|22-145
47804|code|ADD.W           R1, R6, #0xC00|6-245-64-97
47808|code|ADDS            R1, #0x1C|28-49
47810|code|STR             R3, [SP,#0x488+var_464]|9-147
47812|code|STR             R1, [SP,#0x488+var_458]|12-145
47814|code|MOVS            R7, #0|0-39
47816|code|LDR             R1, [SP,#0x488+var_478]|4-153
47818|code|LDR             R3, [SP,#0x488+var_45C]|11-155
47820|code|ADDS            R1, #8|8-49
47822|code|STR             R1, [SP,#0x488+var_478]|4-145
47824|code|ADDS            R3, #0x14|20-51
47826|code|ADD.W           R1, R6, #0xC70|6-245-71-97
47830|code|STR             R3, [SP,#0x488+var_45C]|11-147
47832|code|STR             R1, [SP,#0x488+var_438]|20-145
47834|code|LDR             R3, [SP,#0x488+var_460]|10-155
47836|code|LDR             R1, [SP,#0x488+var_450]|14-153
47838|code|ADDS            R3, #0x14|20-51
47840|code|STR             R3, [SP,#0x488+var_460]|10-147
47842|code|ADDS            R1, #4|4-49
47844|code|ADDS            R3, R6, #4|51-29
47846|code|STR             R1, [SP,#0x488+var_450]|14-145
47848|code|ADD.W           R1, R6, #0xC10|6-245-65-97
47852|code|STR             R3, [SP,#0x488+var_434]|21-147
47854|code|STR             R1, [SP,#0x488+var_43C]|19-145
47856|code|LDR             R3, [SP,#0x488+var_468]|8-155
47858|code|LDR             R1, [SP,#0x488+var_46C]|7-153
47860|code|STR.W           R10, [SP,#0x488+var_454]|205-248-52-160
47864|code|ADDS            R3, #0xC|12-51
47866|code|ADDS            R1, #8|8-49
47868|code|STR             R1, [SP,#0x488+var_46C]|7-145
47870|code|STR             R3, [SP,#0x488+var_468]|8-147
47872|code|ADD.W           R3, R6, #0xC50|6-245-69-99
47876|code|LDR             R1, [SP,#0x488+var_474]|5-153
47878|code|ADD.W           R10, R10, #0xC|10-241-12-10
47882|code|STR             R3, [SP,#0x488+var_448]|16-147
47884|code|ADDS            R1, #0xC|12-49
47886|code|LDR             R3, [SP,#0x488+var_454]|13-155
47888|code|STR             R1, [SP,#0x488+var_474]|5-145
47890|code|LDR             R1, [SP,#0x488+var_470]|6-153
47892|code|ADDS            R3, #0x1C|28-51
47894|code|STR             R3, [SP,#0x488+var_454]|13-147
47896|code|ADDS            R1, #0x14|20-49
47898|code|STR             R1, [SP,#0x488+var_470]|6-145
47900|code|B               loc_BCE6|227-224
47902|code|LDR.W           R0, [R5,R4,LSL#2]|85-248-36-0
47906|code|LDR             R1, [SP,#0x488+var_44C]|15-153
47908|code|ADDS            R0, #0xC|12-48
47910|code|BL              sub_B9DC|255-247-89-255
47914|code|LDR.W           R0, [R5,R4,LSL#2]|85-248-36-0
47918|code|LDR             R1, [SP,#0x488+var_440]|18-153
47920|code|ADD.W           R0, R0, #0x408|0-245-129-96
47924|code|BL              sub_B9DC|255-247-82-255
47928|code|LDR.W           R0, [R5,R4,LSL#2]|85-248-36-0
47932|code|MOV             R1, R9|73-70
47934|code|ADD.W           R0, R0, #0x800|0-245-0-96
47938|code|ADDS            R0, #4|4-48
47940|code|BL              sub_B9DC|255-247-74-255
47944|code|LDR.W           R3, [R5,R4,LSL#2]|85-248-36-48
47948|code|LDR             R1, [SP,#0x488+var_430]|22-153
47950|code|LDR             R0, [R3,#8]|152-104
47952|code|BL              sub_B820|255-247-102-254
47956|code|LDR.W           R3, [R5,R4,LSL#2]|85-248-36-48
47960|code|MOV             R1, R10|81-70
47962|code|LDR.W           R0, [R3,#0xC6C]|211-248-108-12
47966|code|BL              sub_B820|255-247-95-254
47970|code|LDR.W           R3, [R5,R4,LSL#2]|85-248-36-48
47974|code|MOV             R1, R11|89-70
47976|code|LDR.W           R0, [R3,#0xC78]|211-248-120-12
47980|code|BL              sub_B820|255-247-88-254
47984|code|LDR.W           R3, [R5,R4,LSL#2]|85-248-36-48
47988|code|LDR             R1, [SP,#0x488+var_444]|17-153
47990|code|LDR.W           R0, [R3,#0xC00]|211-248-0-12
47994|code|BL              sub_B820|255-247-81-254
47998|code|LDR.W           R3, [R5,R4,LSL#2]|85-248-36-48
48002|code|LDR             R1, [SP,#0x488+var_458]|12-153
48004|code|LDR.W           R0, [R3,#0xC1C]|211-248-28-12
48008|code|BL              sub_B820|255-247-74-254
48012|code|LDR.W           R3, [R5,R4,LSL#2]|85-248-36-48
48016|code|LDR             R1, [SP,#0x488+var_47C]|3-153
48018|code|LDR.W           R0, [R3,#0xC44]|211-248-68-12
48022|code|BL              sub_B820|255-247-67-254
48026|code|LDR.W           R3, [R5,R4,LSL#2]|85-248-36-48
48030|code|LDR             R1, [SP,#0x488+var_478]|4-153
48032|code|LDR.W           R0, [R3,#0xC48]|211-248-72-12
48036|code|BL              sub_B820|255-247-60-254
48040|code|LDR.W           R3, [R5,R4,LSL#2]|85-248-36-48
48044|code|LDR             R1, [SP,#0x488+var_464]|9-153
48046|code|LDR.W           R0, [R3,#0xC68]|211-248-104-12
48050|code|BL              sub_B820|255-247-53-254
48054|code|LDR.W           R3, [R5,R4,LSL#2]|85-248-36-48
48058|code|LDR             R1, [SP,#0x488+var_438]|20-153
48060|code|LDR.W           R0, [R3,#0xC70]|211-248-112-12
48064|code|BL              sub_B820|255-247-46-254
48068|code|LDR.W           R3, [R5,R4,LSL#2]|85-248-36-48
48072|code|LDR             R1, [SP,#0x488+var_45C]|11-153
48074|code|LDR.W           R0, [R3,#0xC74]|211-248-116-12
48078|code|BL              sub_B820|255-247-39-254
48082|code|LDR.W           R3, [R5,R4,LSL#2]|85-248-36-48
48086|code|LDR             R1, [SP,#0x488+var_450]|14-153
48088|code|LDR.W           R0, [R3,#0xC24]|211-248-36-12
48092|code|BL              sub_B820|255-247-32-254
48096|code|LDR.W           R3, [R5,R4,LSL#2]|85-248-36-48
48100|code|LDR             R1, [SP,#0x488+var_460]|10-153
48102|code|LDR.W           R0, [R3,#0xC14]|211-248-20-12
48106|code|BL              sub_B820|255-247-25-254
48110|code|LDR.W           R3, [R5,R4,LSL#2]|85-248-36-48
48114|code|LDR             R1, [SP,#0x488+var_43C]|19-153
48116|code|LDR.W           R0, [R3,#0xC10]|211-248-16-12
48120|code|BL              sub_B820|255-247-18-254
48124|code|LDR.W           R3, [R5,R4,LSL#2]|85-248-36-48
48128|code|LDR.W           R2, [R3,#0xC80]|211-248-128-44
48132|code|ADDS            R0, R2, #1|80-28
48134|code|IT NE|24-191
48136|code|STRNE.W         R2, [R6,#0xC80]|198-248-128-44
48140|code|LDR.W           R2, [R3,#0xC84]|211-248-132-44
48144|code|ADDS            R1, R2, #1|81-28
48146|code|IT NE|24-191
48148|code|STRNE.W         R2, [R6,#0xC84]|198-248-132-44
48152|code|LDR.W           R2, [R3,#0xC88]|211-248-136-44
48156|code|ADDS            R0, R2, #1|80-28
48158|code|IT NE|24-191
48160|code|STRNE.W         R2, [R6,#0xC88]|198-248-136-44
48164|code|LDR.W           R2, [R3,#0xC94]|211-248-148-44
48168|code|ADDS            R1, R2, #1|81-28
48170|code|IT NE|24-191
48172|code|STRNE.W         R2, [R6,#0xC94]|198-248-148-44
48176|code|LDR.W           R2, [R3,#0xC8C]|211-248-140-44
48180|code|ADDS            R0, R2, #1|80-28
48182|code|LDR             R0, [R3,#4]|88-104
48184|code|IT NE|24-191
48186|code|STRNE.W         R2, [R6,#0xC8C]|198-248-140-44
48190|code|LDR.W           R2, [R3,#0xC90]|211-248-144-44
48194|code|ADDS            R1, R2, #1|81-28
48196|code|LDR             R1, [SP,#0x488+var_434]|21-153
48198|code|IT NE|24-191
48200|code|STRNE.W         R2, [R6,#0xC90]|198-248-144-44
48204|code|BL              sub_B820|255-247-232-253
48208|code|LDR.W           R3, [R5,R4,LSL#2]|85-248-36-48
48212|code|LDR.W           R2, [R3,#0xC98]|211-248-152-44
48216|code|ADDS            R0, R2, #1|80-28
48218|code|IT NE|24-191
48220|code|STRNE.W         R2, [R6,#0xC98]|198-248-152-44
48224|code|LDR.W           R2, [R3,#0xC9C]|211-248-156-44
48228|code|ADDS            R1, R2, #1|81-28
48230|code|LDR             R1, [SP,#0x488+var_46C]|7-153
48232|code|IT NE|24-191
48234|code|STRNE.W         R2, [R6,#0xC9C]|198-248-156-44
48238|code|LDR.W           R2, [R3,#0xCA0]|211-248-160-44
48242|code|ADDS            R0, R2, #1|80-28
48244|code|LDR.W           R0, [R3,#0xC08]|211-248-8-12
48248|code|IT NE|24-191
48250|code|STRNE.W         R2, [R6,#0xCA0]|198-248-160-44
48254|code|ADDS            R7, #1|1-55
48256|code|BL              sub_B820|255-247-206-253
48260|code|LDR.W           R3, [R5,R4,LSL#2]|85-248-36-48
48264|code|LDR             R1, [SP,#0x488+var_468]|8-153
48266|code|LDR.W           R0, [R3,#0xC0C]|211-248-12-12
48270|code|BL              sub_B820|255-247-199-253
48274|code|LDR.W           R3, [R5,R4,LSL#2]|85-248-36-48
48278|code|LDR             R1, [SP,#0x488+var_474]|5-153
48280|code|LDR.W           R0, [R3,#0xC4C]|211-248-76-12
48284|code|BL              sub_B820|255-247-192-253
48288|code|LDR.W           R3, [R5,R4,LSL#2]|85-248-36-48
48292|code|LDR             R1, [SP,#0x488+var_448]|16-153
48294|code|LDR.W           R0, [R3,#0xC50]|211-248-80-12
48298|code|BL              sub_B820|255-247-185-253
48302|code|LDR.W           R3, [R5,R4,LSL#2]|85-248-36-48
48306|code|LDR             R1, [SP,#0x488+var_470]|6-153
48308|code|LDR.W           R0, [R3,#0xC54]|211-248-84-12
48312|code|BL              sub_B820|255-247-178-253
48316|code|LDR.W           R3, [R5,R4,LSL#2]|85-248-36-48
48320|code|LDR             R1, [SP,#0x488+var_454]|13-153
48322|code|LDR.W           R0, [R3,#0xC7C]|211-248-124-12
48326|code|BL              sub_B820|255-247-171-253
48330|code|LDR.W           R0, [R8],#4|88-248-4-11
48334|code|CBZ             R0, loc_BD24|72-179
48336|code|CMP             R7, #0xFE|254-47
48338|code|LDRB            R2, [R0]|2-120
48340|code|ITE GT|204-191
48342|code|MOVGT           R3, #0|0-35
48344|code|MOVLE           R3, #1|1-35
48346|code|CMP             R2, #0|0-42
48348|code|ITE EQ|12-191
48350|code|MOVEQ           R3, #0|0-35
48352|code|ANDNE.W         R3, R3, #1|3-240-1-3
48356|code|CBZ             R3, loc_BD22|235-177
48358|code|MOV             R1, R5|41-70
48360|code|BL              sub_B790|255-247-82-253
48364|code|CMP             R0, #0|0-40
48366|code|MOV             R4, R0|4-70
48368|code|BGE.W           loc_BB1E|191-246-21-175
48372|code|MOV             R1, #0x1BA5C|75-246-92-33-192-242-1-1
48380|code|LDR.W           R3, [R8,#-4]|88-248-4-60
48384|code|LDR             R2, [R1]|10-104
48386|code|MOV             R1, #0x1BA40|75-246-64-33-192-242-1-1
48394|code|LDR             R0, [R1]; stream|8-104
48396|code|STR             R3, [SP,#0x488+var_488]|0-147
48398|code|LDR             R1, =aSFatalConfigLi; "%s: FATAL: Config: line %d: Cannot find"...|17-73
48400|code|LDR             R3, [SP,#0x488+var_42C]|23-155
48402|code|BLX             fprintf|253-247-58-238
48406|code|MOV.W           R0, #0xFFFFFFFF|79-240-255-48
48410|code|MOVS            R1, #0|0-33
48412|code|BL              sub_D788|1-240-52-253
48416|code|B               loc_BB1E|253-230
48418|code|MOV             R0, R3|24-70
48420|code|ADD             SP, SP, #0x64 ; 'd'|25-176
48422|code|ADD.W           SP, SP, #0x400|13-245-128-109
48426|code|POP.W           {R4-R11,PC}|189-232-240-143
48430|code|LDR             R3, =dword_1BA60|10-75
48432|code|LDR             R3, [R3]|27-104
48434|code|CMP             R3, #1|1-43
48436|code|IT HI|136-191
48438|code|MOVHI.W         R0, #0xFFFFFFFF|79-240-255-48
48442|code|BHI             loc_BD24|243-216
48444|code|LDR             R2, =stderr|7-74
48446|code|LDR             R3, [SP,#0x488+var_42C]|23-155
48448|code|LDR             R1, =aSConfigLineDNo_0; "%s: Config: line %d: Not able to parse "...|7-73
48450|code|LDR             R0, [R2]; stream|16-104
48452|code|LDR             R2, =dword_1BA5C|7-74
48454|code|LDR             R2, [R2]|18-104
48456|code|STR             R4, [SP,#0x488+var_488]|0-148
48458|code|BLX             fprintf|253-247-30-238
48462|code|MOV.W           R0, #0xFFFFFFFF|79-240-255-48
48466|code|B               loc_BD24|231-231
48468|data|DCD aSFatalConfigLi; "%s: FATAL: Config: line %d: Cannot find"...|36-24-1-0
48472|data|DCD dword_1BA60|96-186-1-0
48476|data|DCD stderr|64-186-1-0
48480|data|DCD aSConfigLineDNo_0; "%s: Config: line %d: Not able to parse "...|220-23-1-0
48484|data|DCD dword_1BA5C|92-186-1-0
48488|code|PUSH            {R4-R6,LR}|112-181
48490|code|MOV             R6, R0|6-70
48492|code|LDR             R5, =off_1B99C; "%g"|9-77
48494|code|MOVS            R4, #0|0-36
48496|code|B               loc_BD78|2-224
48498|code|ADDS            R4, #1|1-52
48500|code|CMP             R4, #0x23 ; '#'|35-44
48502|code|BEQ             loc_BD8A|8-208
48504|code|LDR.W           R1, [R5,#4]!; "dir"|85-248-4-31
48508|code|MOV             R0, R6|48-70
48510|code|BLX             g_str_equal|253-247-20-237
48514|code|CMP             R0, #0|0-40
48516|code|BEQ             loc_BD72|245-208
48518|code|MOV             R0, R4|32-70
48520|code|POP             {R4-R6,PC}|112-189
48522|code|MOV.W           R4, #0xFFFFFFFF|79-240-255-52
48526|code|MOV             R0, R4|32-70
48528|code|POP             {R4-R6,PC}|112-189
48530|data|ALIGN 4|0-191
48532|data|DCD off_1B99C; "%g"|156-185-1-0
48536|code|PUSH.W          {R4-R11,LR}|45-233-240-79
48540|code|MOV             R6, R0|6-70
48542|code|SUB             SP, SP, #0x1C|135-176
48544|code|MOV.W           R0, #0x1000|79-244-128-80
48548|code|MOV             R5, R1|13-70
48550|code|BLX             g_malloc|253-247-214-236
48554|code|MOV             R4, R0|4-70
48556|code|MOV.W           R0, #0x1000|79-244-128-80
48560|code|BLX             g_malloc|253-247-208-236
48564|code|MOV             R9, R0|129-70
48566|code|MOV.W           R0, #0x1000|79-244-128-80
48570|code|BLX             g_malloc|253-247-204-236
48574|code|LDR             R1, =(aRunningWithout+0x30); "r"|170-73
48576|code|MOVS            R3, #0|0-35
48578|code|STR             R3, [SP,#0x14]|5-147
48580|code|MOV             R10, R0|130-70
48582|code|MOV             R0, R6|48-70
48584|code|BLX             fopen64|253-247-144-238
48588|code|MOV             R7, R0|7-70
48590|code|CMP             R0, #0|0-40
48592|code|BEQ.W           loc_C500|0-240-150-131
48596|code|MOV.W           R8, #0xFFFFFFFF|79-240-255-56
48600|code|MOV             R0, R4|32-70
48602|code|MOV             R1, R7|57-70
48604|code|MOV.W           R2, #0x1000|79-244-128-82
48608|code|ADD             R3, SP, #0x14|5-171
48610|code|BL              sub_B6D0|255-247-117-252
48614|code|CMP             R0, #0|0-40
48616|code|BNE.W           loc_C018|64-240-22-129
48620|code|LDRB            R6, [R4]|38-120
48622|code|LDR             R3, [SP,#0x14]|5-155
48624|code|SUB.W           LR, R6, #0x23 ; '#'|166-241-35-14
48628|code|RSBS.W          R11, LR, #0|222-241-0-11
48632|code|ADC.W           R11, R11, LR|75-235-14-11
48636|code|ADDS            R3, #1|1-51
48638|code|CMP             R6, #0xA|10-46
48640|code|IT EQ|8-191
48642|code|ORREQ.W         R11, R11, #1|75-240-1-11
48646|code|STR             R3, [SP,#0x14]|5-147
48648|code|CMP.W           R11, #0|187-241-0-15
48652|code|BNE             loc_BDD8|228-209
48654|code|CMP             R6, #0|0-46
48656|code|BEQ             loc_BDD8|226-208
48658|code|MOV             R0, R4|32-70
48660|code|MOVS            R1, #0x23 ; '#'|35-33
48662|code|BLX             strchr|253-247-172-237
48666|code|CBZ             R0, loc_BE22|16-177
48668|code|STRB.W          R11, [R0]|128-248-0-176
48672|code|LDRB            R6, [R4]|38-120
48674|code|CMP             R6, #0x5B ; '['|91-46
48676|code|BEQ             loc_BEB2|69-208
48678|code|CMP.W           R8, #0xFFFFFFFF|184-241-255-63
48682|code|BEQ.W           loc_C0E0|0-240-89-129
48686|code|MOV             R0, R4|32-70
48688|code|MOVS            R1, #0x3D ; '='|61-33
48690|code|BLX             index|253-247-26-237
48694|code|CMP             R0, #0|0-40
48696|code|BEQ.W           loc_C040|0-240-2-129
48700|code|MOV             R3, R10|83-70
48702|code|LDR             R1, =a2561536; "%256[^=]=%1536[^\n]"|139-73
48704|code|MOV             R2, R9|74-70
48706|code|MOV             R0, R4|32-70
48708|code|BLX             __isoc99_sscanf|253-247-180-237
48712|code|MOV             R0, R9|72-70
48714|code|BLX             g_strchug|253-247-6-238
48718|code|BLX             g_strchomp|253-247-28-238
48722|code|MOV             R0, R10|80-70
48724|code|BLX             g_strchug|253-247-0-238
48728|code|BLX             g_strchomp|253-247-22-238
48732|code|MOV             R0, R9|72-70
48734|code|BL              sub_BD68|255-247-131-255
48738|code|CMP             R0, #0x22; switch 35 cases|34-40
48740|code|BHI.W           def_BE68; jumptable 0000BE68 default case|0-242-134-129
48744|code|TBH.W           [PC,R0,LSL#1]; switch jump|223-232-16-240
48748|data|DCW 0x14C; jump table for switch statement|76-1
48750|data|DCW 0x154|84-1
48752|data|DCW 0x15D|93-1
48754|data|DCW 0x167|103-1
48756|data|DCW 0x170|112-1
48758|data|DCW 0x17A|122-1
48760|data|DCW 0x245|69-2
48762|data|DCW 0x24F|79-2
48764|data|DCW 0x259|89-2
48766|data|DCW 0x263|99-2
48768|data|DCW 0x26D|109-2
48770|data|DCW 0x277|119-2
48772|data|DCW 0x290|144-2
48774|data|DCW 0x29B|155-2
48776|data|DCW 0x2BB|187-2
48778|data|DCW 0x2C6|198-2
48780|data|DCW 0x2E6|230-2
48782|data|DCW 0x2EE|238-2
48784|data|DCW 0x304|4-3
48786|data|DCW 0x30F|15-3
48788|data|DCW 0x31A|26-3
48790|data|DCW 0x323|35-3
48792|data|DCW 0x1CE|206-1
48794|data|DCW 0x1FF|255-1
48796|data|DCW 0x209|9-2
48798|data|DCW 0x214|20-2
48800|data|DCW 0x21F|31-2
48802|data|DCW 0x229|41-2
48804|data|DCW 0x232|50-2
48806|data|DCW 0x23D|61-2
48808|data|DCW 0x1A6|166-1
48810|data|DCW 0x1B0|176-1
48812|data|DCW 0x1BA|186-1
48814|data|DCW 0x1C4|196-1
48816|data|DCW 0x19C|156-1
48818|code|ADD.W           R8, R8, #1|8-241-1-8
48822|code|CMP.W           R8, #0xFF|184-241-255-15
48826|code|BGT.W           loc_C0BA|0-243-254-128
48830|code|MOVW            R0, #0xCA8|64-246-168-64
48834|code|MOV.W           R6, R8,LSL#2|79-234-136-6
48838|code|BLX             g_malloc|253-247-70-236
48842|code|MOVS            R1, #0x5D ; ']'|93-33
48844|code|STR.W           R0, [R5,R8,LSL#2]|69-248-40-0
48848|code|MOV             R11, R0|131-70
48850|code|MOV             R0, R4|32-70
48852|code|BLX             rindex|253-247-158-236
48856|code|MOV             R12, R0|132-70
48858|code|CMP             R0, #0|0-40
48860|code|BEQ.W           loc_C4C6|0-240-243-130
48864|code|ADDS            R4, #1|1-52
48866|code|STR.W           R12, [SP,#8]|205-248-8-192
48870|code|MOV             R0, R4|32-70
48872|code|BLX             g_strdup|253-247-250-237
48876|code|LDR.W           R12, [SP,#8]|221-248-8-192
48880|code|MOVS            R2, #0|0-34
48882|code|RSB.W           R12, R4, R12|196-235-12-12
48886|code|STR.W           R0, [R11]|203-248-0-0
48890|code|LDR             R3, [R5,R6]|171-89
48892|code|LDR             R3, [R3]|27-104
48894|code|STRB.W          R2, [R3,R12]|3-248-12-32
48898|code|LDR             R3, [R5,R6]|171-89
48900|code|LDR             R0, [R3]|24-104
48902|code|BL              sub_D2C4|1-240-221-249
48906|code|CMP.W           R8, #0|184-241-0-15
48910|code|BEQ.W           loc_C084|0-240-185-128
48914|code|LDR             R2, [R5,R6]|170-89
48916|code|MOVS            R3, #0|0-35
48918|code|MOV.W           R1, #0xFFFFFFFF|79-240-255-49
48922|code|LDR             R0, =asc_11914; ".*"|85-72
48924|code|STR.W           R3, [R2,#0xC20]|194-248-32-60
48928|code|LDR             R2, [R5,R6]|170-89
48930|code|STR             R3, [R2,#4]|83-96
48932|code|LDR             R2, [R5,R6]|170-89
48934|code|STR             R3, [R2,#8]|147-96
48936|code|LDR             R2, [R5,R6]|170-89
48938|code|STR.W           R3, [R2,#0xC24]|194-248-36-60
48942|code|LDR             R2, [R5,R6]|170-89
48944|code|STR.W           R3, [R2,#0xC1C]|194-248-28-60
48948|code|LDR             R2, [R5,R6]|170-89
48950|code|STR.W           R3, [R2,#0xC00]|194-248-0-60
48954|code|LDR             R2, [R5,R6]|170-89
48956|code|STR.W           R3, [R2,#0xC04]|194-248-4-60
48960|code|LDR             R2, [R5,R6]|170-89
48962|code|STR.W           R3, [R2,#0xC28]|194-248-40-60
48966|code|LDR             R2, [R5,R6]|170-89
48968|code|STR.W           R3, [R2,#0xC2C]|194-248-44-60
48972|code|LDR             R2, [R5,R6]|170-89
48974|code|STR.W           R3, [R2,#0xC30]|194-248-48-60
48978|code|LDR             R2, [R5,R6]|170-89
48980|code|STR.W           R3, [R2,#0xC34]|194-248-52-60
48984|code|LDR             R2, [R5,R6]|170-89
48986|code|STR.W           R3, [R2,#0xC38]|194-248-56-60
48990|code|LDR             R2, [R5,R6]|170-89
48992|code|STR.W           R3, [R2,#0xC3C]|194-248-60-60
48996|code|LDR             R2, [R5,R6]|170-89
48998|code|STR.W           R3, [R2,#0xC40]|194-248-64-60
49002|code|LDR             R2, [R5,R6]|170-89
49004|code|STR.W           R3, [R2,#0xC10]|194-248-16-60
49008|code|LDR             R2, [R5,R6]|170-89
49010|code|STR.W           R3, [R2,#0xC14]|194-248-20-60
49014|code|LDR             R2, [R5,R6]|170-89
49016|code|STR.W           R3, [R2,#0xC08]|194-248-8-60
49020|code|LDR             R2, [R5,R6]|170-89
49022|code|STR.W           R3, [R2,#0xC0C]|194-248-12-60
49026|code|LDR             R2, [R5,R6]|170-89
49028|code|STR.W           R3, [R2,#0xC4C]|194-248-76-60
49032|code|LDR             R2, [R5,R6]|170-89
49034|code|STR.W           R3, [R2,#0xC50]|194-248-80-60
49038|code|LDR             R2, [R5,R6]|170-89
49040|code|STR.W           R3, [R2,#0xC54]|194-248-84-60
49044|code|LDR             R2, [R5,R6]|170-89
49046|code|STR.W           R3, [R2,#0xC7C]|194-248-124-60
49050|code|LDR             R2, [R5,R6]|170-89
49052|code|STR.W           R3, [R2,#0xC78]|194-248-120-60
49056|code|LDR             R2, [R5,R6]|170-89
49058|code|STR.W           R3, [R2,#0xC6C]|194-248-108-60
49062|code|LDR             R2, [R5,R6]|170-89
49064|code|STR.W           R3, [R2,#0xC68]|194-248-104-60
49068|code|LDR             R2, [R5,R6]|170-89
49070|code|STR.W           R3, [R2,#0xC70]|194-248-112-60
49074|code|LDR             R2, [R5,R6]|170-89
49076|code|STR.W           R3, [R2,#0xC74]|194-248-116-60
49080|code|LDR             R2, [R5,R6]|170-89
49082|code|STR.W           R3, [R2,#0xC18]|194-248-24-60
49086|code|LDR             R2, [R5,R6]|170-89
49088|code|STR.W           R3, [R2,#0xC44]|194-248-68-60
49092|code|LDR             R2, [R5,R6]|170-89
49094|code|STR.W           R3, [R2,#0xC48]|194-248-72-60
49098|code|LDR             R2, [R5,R6]|170-89
49100|code|STR.W           R1, [R2,#0xC84]|194-248-132-28
49104|code|STR.W           R1, [R2,#0xC88]|194-248-136-28
49108|code|STR.W           R1, [R2,#0xC80]|194-248-128-28
49112|code|STR.W           R1, [R2,#0xC8C]|194-248-140-28
49116|code|STR.W           R1, [R2,#0xC90]|194-248-144-28
49120|code|STR.W           R1, [R2,#0xC98]|194-248-152-28
49124|code|STR.W           R1, [R2,#0xC9C]|194-248-156-28
49128|code|STR             R3, [R2,#0xC]|211-96
49130|code|LDR.W           LR, [R5,R6]|85-248-6-224
49134|code|STR.W           R1, [R2,#0xC94]|194-248-148-28
49138|code|STR.W           R1, [R2,#0xCA0]|194-248-160-28
49142|code|STR.W           R3, [LR,#0x408]|206-248-8-52
49146|code|LDR             R6, [R5,R6]|174-89
49148|code|BLX             g_strdup|253-247-112-237
49152|code|MOV             R1, R7|57-70
49154|code|MOV.W           R2, #0x1000|79-244-128-82
49158|code|ADD             R3, SP, #0x14|5-171
49160|code|STR.W           R0, [R6,#0x804]|198-248-4-8
49164|code|MOV             R0, R4|32-70
49166|code|BL              sub_B6D0|255-247-95-251
49170|code|CMP             R0, #0|0-40
49172|code|BEQ.W           loc_BDEC|63-244-234-174
49176|code|MOV             R0, R9|72-70
49178|code|ADD.W           R8, R8, #1|8-241-1-8
49182|code|BLX             g_free|253-247-166-235
49186|code|MOV             R0, R10|80-70
49188|code|BLX             g_free|253-247-162-235
49192|code|MOVW            R0, #0xCA8|64-246-168-64
49196|code|BLX             g_malloc|253-247-146-235
49200|code|MOVS            R3, #0|0-35
49202|code|STR.W           R0, [R5,R8,LSL#2]|69-248-40-0
49206|code|STR             R3, [R0]|3-96
49208|code|MOV             R0, R3|24-70
49210|code|ADD             SP, SP, #0x1C|7-176
49212|code|POP.W           {R4-R11,PC}|189-232-240-143
49216|code|LDR             R3, =dword_1B8C0|12-75
49218|code|LDR             R3, [R3]|27-104
49220|code|CMP             R3, #1|1-43
49222|code|BGT.W           loc_BDD8|63-247-199-174
49226|code|LDR             R3, =dword_1BA5C|11-75
49228|code|MOV             R2, #0x1BA40|75-246-64-34-192-242-1-2
49236|code|LDR             R1, =aSConfigLineDS; "%s: Config: line %d: %s.\n"|9-73
49238|code|LDR             R0, [R2]|16-104
49240|code|LDR             R2, [R3]|26-104
49242|code|LDR             R3, =aCrapSeenInConf; "Crap seen in config file - skipping"|9-75
49244|code|STR             R3, [SP]|0-147
49246|code|LDR             R3, [SP,#0x14]|5-155
49248|code|BLX             fprintf|253-247-146-236
49252|code|B               loc_BDD8|184-230
49254|data|ALIGN 4|0-191
49256|data|DCD aRunningWithout+0x30; "r"|20-11-1-0
49260|data|DCD a2561536; "%256[^=]=%1536[^\n]"|116-25-1-0
49264|data|DCD asc_11914; ".*"|20-25-1-0
49268|data|DCD dword_1B8C0|192-184-1-0
49272|data|DCD dword_1BA5C|92-186-1-0
49276|data|DCD aSConfigLineDS; "%s: Config: line %d: %s.\n"|52-25-1-0
49280|data|DCD aCrapSeenInConf; "Crap seen in config file - skipping"|80-25-1-0
49284|code|LDR             R3, [R5]|43-104
49286|code|LDR             R1, =aGlobal; "global"|185-73
49288|code|LDR             R0, [R3]|24-104
49290|code|BLX             g_str_equal|253-247-142-235
49294|code|CMP             R0, #0|0-40
49296|code|BNE.W           loc_BF12|127-244-63-175
49300|code|LDR             R3, =dword_1BA5C|182-75
49302|code|MOV             R2, #0x1BA40|75-246-64-34-192-242-1-2
49310|code|LDR             R1, =aSFatalConfigLi_0; "%s: FATAL: Config: line %d: %s.\n"|181-73
49312|code|LDR             R0, [R2]|16-104
49314|code|LDR             R2, [R3]|26-104
49316|code|LDR             R3, =aFirstHostInCon; "First host in config file must be named"...|180-75
49318|code|STR             R3, [SP]|0-147
49320|code|LDR             R3, [SP,#0x14]|5-155
49322|code|BLX             fprintf|253-247-110-236
49326|code|MOV.W           R0, #0xFFFFFFFF|79-240-255-48
49330|code|MOV             R1, R8|65-70
49332|code|BL              sub_D788|1-240-104-251
49336|code|B               loc_BF12|43-231
49338|code|LDR             R3, =dword_1BA5C|173-75
49340|code|MOV             R2, #0x1BA40|75-246-64-34-192-242-1-2
49348|code|LDR             R1, =aSFatalConfigLi_0; "%s: FATAL: Config: line %d: %s.\n"|171-73
49350|code|LDR             R0, [R2]|16-104
49352|code|LDR             R2, [R3]|26-104
49354|code|LDR             R3, =aTooManyHostsDe; "Too many hosts defined in the configura"...|172-75
49356|code|STR             R3, [SP]|0-147
49358|code|LDR             R3, [SP,#0x14]|5-155
49360|code|BLX             fprintf|253-247-90-236
49364|code|MOV.W           R0, #0xFFFFFFFF|79-240-255-48
49368|code|MOVS            R1, #0|0-33
49370|code|BL              sub_D788|1-240-85-251
49374|code|B               loc_BEBE|238-230
49376|code|MOV             R3, #0x1BA40|75-246-64-35-192-242-1-3
49384|code|LDR             R1, =aSFatalConfigLi_0; "%s: FATAL: Config: line %d: %s.\n"|162-73
49386|code|LDR             R0, [R3]|24-104
49388|code|LDR             R3, =dword_1BA5C|160-75
49390|code|LDR             R2, [R3]|26-104
49392|code|LDR             R3, =aNoHostStatemen; "No [host] statement seen"|163-75
49394|code|STR             R3, [SP]|0-147
49396|code|LDR             R3, [SP,#0x14]|5-155
49398|code|BLX             fprintf|253-247-72-236
49402|code|MOV             R0, R8|64-70
49404|code|MOVS            R1, #0|0-33
49406|code|BL              sub_D788|1-240-67-251
49410|code|B               loc_BE2E|148-230
49412|code|LDR.W           R1, [R5,R8,LSL#2]; jumptable 0000BE68 case 0|85-248-40-16
49416|code|MOV             R0, R10|80-70
49418|code|LDR             R2, [SP,#0x14]|5-154
49420|code|ADDS            R1, #0xC|12-49
49422|code|BL              sub_B8EC|255-247-237-251
49426|code|B               loc_BDD8|97-230
49428|code|LDR.W           R1, [R5,R8,LSL#2]; jumptable 0000BE68 case 1|85-248-40-16
49432|code|MOV             R0, R10|80-70
49434|code|LDR             R2, [SP,#0x14]|5-154
49436|code|ADD.W           R1, R1, #0x408|1-245-129-97
49440|code|BL              sub_B8EC|255-247-228-251
49444|code|B               loc_BDD8|88-230
49446|code|LDR.W           R1, [R5,R8,LSL#2]; jumptable 0000BE68 case 2|85-248-40-16
49450|code|MOV             R0, R10|80-70
49452|code|LDR             R2, [SP,#0x14]|5-154
49454|code|ADD.W           R1, R1, #0xC60|1-245-70-97
49458|code|ADDS            R1, #0xC|12-49
49460|code|BL              sub_B7C0|255-247-68-251
49464|code|B               loc_BDD8|78-230
49466|code|LDR.W           R1, [R5,R8,LSL#2]; jumptable 0000BE68 case 3|85-248-40-16
49470|code|MOV             R0, R10|80-70
49472|code|LDR             R2, [SP,#0x14]|5-154
49474|code|ADD.W           R1, R1, #0xC00|1-245-64-97
49478|code|BL              sub_B7C0|255-247-59-251
49482|code|B               loc_BDD8|69-230
49484|code|LDR.W           R1, [R5,R8,LSL#2]; jumptable 0000BE68 case 4|85-248-40-16
49488|code|MOV             R0, R10|80-70
49490|code|LDR             R2, [SP,#0x14]|5-154
49492|code|ADD.W           R1, R1, #0xC00|1-245-64-97
49496|code|ADDS            R1, #0x1C|28-49
49498|code|BL              sub_B7C0|255-247-49-251
49502|code|B               loc_BDD8|59-230
49504|code|LDR.W           R1, [R5,R8,LSL#2]; jumptable 0000BE68 case 5|85-248-40-16
49508|code|MOV             R0, R10|80-70
49510|code|LDR             R2, [SP,#0x14]|5-154
49512|code|ADD.W           R1, R1, #0xC40|1-245-68-97
49516|code|ADDS            R1, #4|4-49
49518|code|BL              sub_B7C0|255-247-39-251
49522|code|B               loc_BDD8|49-230
49524|code|MOV             R2, #0x1BA60; jumptable 0000BE68 default case|75-246-96-34-192-242-1-2
49532|code|LDR             R3, [R2]|19-104
49534|code|CMP             R3, #1|1-43
49536|code|BLS.W           loc_C508|64-242-194-129
49540|code|MOV             R2, #0x1BA68|75-246-104-34-192-242-1-2
49548|code|LDR             R3, [R2]|19-104
49550|code|CMP             R3, #0|0-43
49552|code|BNE.W           loc_BDD8|127-244-34-174
49556|code|MOV             R0, R9|72-70
49558|code|BLX             g_free|253-247-234-234
49562|code|MOV             R0, R10|80-70
49564|code|BLX             g_free|253-247-230-234
49568|code|MOVS            R0, #1|1-32
49570|code|B               loc_C03A|74-231
49572|code|LDR.W           R1, [R5,R8,LSL#2]; jumptable 0000BE68 case 34|85-248-40-16
49576|code|MOV             R0, R10|80-70
49578|code|LDR             R2, [SP,#0x14]|5-154
49580|code|ADD.W           R1, R1, #0xC60|1-245-70-97
49584|code|ADDS            R1, #0x1C|28-49
49586|code|BL              sub_B7C0|255-247-5-251
49590|code|B               loc_BDD8|15-230
49592|code|LDR.W           R1, [R5,R8,LSL#2]; jumptable 0000BE68 case 30|85-248-40-16
49596|code|MOV             R0, R10|80-70
49598|code|LDR             R2, [SP,#0x14]|5-154
49600|code|ADD.W           R1, R1, #0xC40|1-245-68-97
49604|code|ADDS            R1, #0x14|20-49
49606|code|BL              sub_B7C0|255-247-251-250
49610|code|B               loc_BDD8|5-230
49612|code|LDR.W           R1, [R5,R8,LSL#2]; jumptable 0000BE68 case 31|85-248-40-16
49616|code|MOV             R0, R10|80-70
49618|code|LDR             R2, [SP,#0x14]|5-154
49620|code|ADD.W           R1, R1, #0xC00|1-245-64-97
49624|code|ADDS            R1, #0xC|12-49
49626|code|BL              sub_B7C0|255-247-241-250
49630|code|B               loc_BDD8|251-229
49632|code|LDR.W           R1, [R5,R8,LSL#2]; jumptable 0000BE68 case 32|85-248-40-16
49636|code|MOV             R0, R10|80-70
49638|code|LDR             R2, [SP,#0x14]|5-154
49640|code|ADD.W           R1, R1, #0xC00|1-245-64-97
49644|code|ADDS            R1, #4|4-49
49646|code|BL              sub_B7C0|255-247-231-250
49650|code|B               loc_BDD8|241-229
49652|code|LDR.W           R1, [R5,R8,LSL#2]; jumptable 0000BE68 case 33|85-248-40-16
49656|code|MOV             R0, R10|80-70
49658|code|LDR             R2, [SP,#0x14]|5-154
49660|code|ADD.W           R1, R1, #0xC60|1-245-70-97
49664|code|ADDS            R1, #0x18|24-49
49666|code|BL              sub_B7C0|255-247-221-250
49670|code|B               loc_BDD8|231-229
49672|code|LDR.W           R1, [R5,R8,LSL#2]; jumptable 0000BE68 case 22|85-248-40-16
49676|code|MOV.W           R2, R8,LSL#2|79-234-136-2
49680|code|MOV             R0, R10|80-70
49682|code|STR             R2, [SP,#0xC]|3-146
49684|code|ADDS            R1, #8|8-49
49686|code|LDR             R2, [SP,#0x14]|5-154
49688|code|BL              sub_B7C0|255-247-210-250
49692|code|LDR.W           R11, [R5,R8,LSL#2]|85-248-40-176
49696|code|LDR.W           R3, [R11,#8]|219-248-8-48
49700|code|MOV             R0, R3|24-70
49702|code|STR             R3, [SP,#8]|2-147
49704|code|BLX             strlen|253-247-156-235
49708|code|LDR             R3, [SP,#8]|2-155
49710|code|ADDS            R2, R3, R0|26-24
49712|code|MOV             R6, R0|6-70
49714|code|LDRB.W          R2, [R2,#-1]|18-248-1-44
49718|code|CMP             R2, #0x2F ; '/'|47-42
49720|code|BEQ.W           loc_BDD8|63-244-206-173
49724|code|ADDS            R1, R0, #2|129-28
49726|code|MOV             R0, R3|24-70
49728|code|BLX             g_realloc|253-247-22-236
49732|code|LDR             R3, =dword_1B8C0|79-75
49734|code|LDR             R3, [R3]|27-104
49736|code|CMP             R3, #0|0-43
49738|code|STR.W           R0, [R11,#8]|203-248-8-0
49742|code|BLE.W           loc_C528|64-243-107-129
49746|code|LDR             R2, [SP,#0xC]|3-154
49748|code|LDR             R3, [R5,R2]|171-88
49750|code|MOVS            R2, #0x2F ; '/'|47-34
49752|code|LDR             R3, [R3,#8]|155-104
49754|code|STRB            R2, [R3,R6]|154-85
49756|code|LDR             R2, [SP,#0xC]|3-154
49758|code|LDR             R3, [R5,R2]|171-88
49760|code|LDR             R3, [R3,#8]|155-104
49762|code|ADDS            R6, R3, R6|158-25
49764|code|MOVS            R3, #0|0-35
49766|code|STRB            R3, [R6,#1]|115-112
49768|code|B               loc_BDD8|182-229
49770|code|LDR.W           R1, [R5,R8,LSL#2]; jumptable 0000BE68 case 23|85-248-40-16
49774|code|MOV             R0, R10|80-70
49776|code|LDR             R2, [SP,#0x14]|5-154
49778|code|ADD.W           R1, R1, #0xC00|1-245-64-97
49782|code|ADDS            R1, #8|8-49
49784|code|BL              sub_B7C0|255-247-162-250
49788|code|B               loc_BDD8|172-229
49790|code|LDR             R3, =off_1B9A0; jumptable 0000BE68 case 24|66-75
49792|code|MOV             R0, R10|80-70
49794|code|LDR             R2, [SP,#0x14]|5-154
49796|code|LDR.W           R6, [R5,R8,LSL#2]|85-248-40-96
49800|code|LDR             R1, [R3,#(off_1BA00 - 0x1B9A0)]; "no history"|25-110
49802|code|BL              sub_B840|255-247-217-250
49806|code|STR.W           R0, [R6,#0xC9C]|198-248-156-12
49810|code|B               loc_BDD8|161-229
49812|code|LDR             R3, =off_1B9A0; jumptable 0000BE68 case 25|60-75
49814|code|MOV             R0, R10|80-70
49816|code|LDR             R2, [SP,#0x14]|5-154
49818|code|LDR.W           R6, [R5,R8,LSL#2]|85-248-40-96
49822|code|LDR             R1, [R3,#(off_1BA04 - 0x1B9A0)]; "one filesystem"|89-110
49824|code|BL              sub_B840|255-247-206-250
49828|code|STR.W           R0, [R6,#0xC94]|198-248-148-12
49832|code|B               loc_BDD8|150-229
49834|code|LDR.W           R1, [R5,R8,LSL#2]; jumptable 0000BE68 case 26|85-248-40-16
49838|code|MOV             R0, R10|80-70
49840|code|LDR             R2, [SP,#0x14]|5-154
49842|code|ADD.W           R1, R1, #0xC40|1-245-68-97
49846|code|ADDS            R1, #0xC|12-49
49848|code|BL              sub_B7C0|255-247-130-250
49852|code|B               loc_BDD8|140-229
49854|code|LDR.W           R1, [R5,R8,LSL#2]; jumptable 0000BE68 case 27|85-248-40-16
49858|code|MOV             R0, R10|80-70
49860|code|LDR             R2, [SP,#0x14]|5-154
49862|code|ADD.W           R1, R1, #0xC50|1-245-69-97
49866|code|BL              sub_B7C0|255-247-121-250
49870|code|B               loc_BDD8|131-229
49872|code|LDR             R3, =off_1B9A0; jumptable 0000BE68 case 28|45-75
49874|code|MOV             R0, R10|80-70
49876|code|LDR             R2, [SP,#0x14]|5-154
49878|code|LDR.W           R6, [R5,R8,LSL#2]|85-248-40-96
49882|code|LDR             R1, [R3,#(off_1BA10 - 0x1B9A0)]; "log"|25-111
49884|code|BL              sub_B840|255-247-176-250
49888|code|STR.W           R0, [R6,#0xCA0]|198-248-160-12
49892|code|B               loc_BDD8|120-229
49894|code|LDR.W           R1, [R5,R8,LSL#2]; jumptable 0000BE68 case 29|85-248-40-16
49898|code|MOV             R0, R10|80-70
49900|code|MOV             R2, R5|42-70
49902|code|LDR             R3, [SP,#0x14]|5-155
49904|code|BL              sub_BA2C|255-247-156-251
49908|code|B               loc_BDD8|112-229
49910|code|LDR.W           R1, [R5,R8,LSL#2]; jumptable 0000BE68 case 6|85-248-40-16
49914|code|MOV             R0, R10|80-70
49916|code|LDR             R2, [SP,#0x14]|5-154
49918|code|ADD.W           R1, R1, #0xC40|1-245-68-97
49922|code|ADDS            R1, #8|8-49
49924|code|BL              sub_B7C0|255-247-92-250
49928|code|B               loc_BDD8|102-229
49930|code|LDR.W           R1, [R5,R8,LSL#2]; jumptable 0000BE68 case 7|85-248-40-16
49934|code|MOV             R0, R10|80-70
49936|code|LDR             R2, [SP,#0x14]|5-154
49938|code|ADD.W           R1, R1, #0xC60|1-245-70-97
49942|code|ADDS            R1, #8|8-49
49944|code|BL              sub_B7C0|255-247-82-250
49948|code|B               loc_BDD8|92-229
49950|code|LDR.W           R1, [R5,R8,LSL#2]; jumptable 0000BE68 case 8|85-248-40-16
49954|code|MOV             R0, R10|80-70
49956|code|LDR             R2, [SP,#0x14]|5-154
49958|code|ADD.W           R1, R1, #0x800|1-245-0-97
49962|code|ADDS            R1, #4|4-49
49964|code|BL              sub_B8EC|255-247-222-250
49968|code|B               loc_BDD8|82-229
49970|code|LDR.W           R1, [R5,R8,LSL#2]; jumptable 0000BE68 case 9|85-248-40-16
49974|code|MOV             R0, R10|80-70
49976|code|LDR             R2, [SP,#0x14]|5-154
49978|code|ADD.W           R1, R1, #0xC20|1-245-66-97
49982|code|ADDS            R1, #4|4-49
49984|code|BL              sub_B7C0|255-247-62-250
49988|code|B               loc_BDD8|72-229
49990|code|LDR.W           R1, [R5,R8,LSL#2]; jumptable 0000BE68 case 10|85-248-40-16
49994|code|MOV             R0, R10|80-70
49996|code|LDR             R2, [SP,#0x14]|5-154
49998|code|ADD.W           R1, R1, #0xC00|1-245-64-97
50002|code|ADDS            R1, #0x14|20-49
50004|code|BL              sub_B7C0|255-247-52-250
50008|code|B               loc_BDD8|62-229
50010|code|LDR.W           R1, [R5,R8,LSL#2]; jumptable 0000BE68 case 11|85-248-40-16
50014|code|MOV             R0, R10|80-70
50016|code|LDR             R2, [SP,#0x14]|5-154
50018|code|ADD.W           R1, R1, #0xC10|1-245-65-97
50022|code|BL              sub_B7C0|255-247-43-250
50026|code|B               loc_BDD8|53-229
50028|data|DCD aGlobal; "global"|0-12-1-0
50032|data|DCD dword_1BA5C|92-186-1-0
50036|data|DCD aSFatalConfigLi_0; "%s: FATAL: Config: line %d: %s.\n"|108-24-1-0
50040|data|DCD aFirstHostInCon; "First host in config file must be named"...|224-24-1-0
50044|data|DCD aTooManyHostsDe; "Too many hosts defined in the configura"...|144-24-1-0
50048|data|DCD aNoHostStatemen; "No [host] statement seen"|24-25-1-0
50052|data|DCD dword_1B8C0|192-184-1-0
50056|data|DCD off_1B9A0; "dir"|160-185-1-0
50060|code|LDR             R3, =off_1B9A0; jumptable 0000BE68 case 12|109-75
50062|code|MOV             R0, R10|80-70
50064|code|LDR             R2, [SP,#0x14]|5-154
50066|code|LDR.W           R6, [R5,R8,LSL#2]|85-248-40-96
50070|code|LDR             R1, [R3,#(off_1B9D0 - 0x1B9A0)]; "overwrite"|25-107
50072|code|BL              sub_B840|255-247-82-250
50076|code|STR.W           R0, [R6,#0xC80]|198-248-128-12
50080|code|B               loc_BDD8|26-229
50082|code|LDR             R3, =off_1B9A0; jumptable 0000BE68 case 13|104-75
50084|code|MOV             R0, R10|80-70
50086|code|LDR             R2, [SP,#0x14]|5-154
50088|code|LDR.W           R6, [R5,R8,LSL#2]|85-248-40-96
50092|code|LDR             R1, [R3,#(off_1B9D4 - 0x1B9A0)]; "skip"|89-107
50094|code|BL              sub_B840|255-247-71-250
50098|code|MOV             R2, #0x1BA60|75-246-96-34-192-242-1-2
50106|code|LDR             R3, [R2]|19-104
50108|code|CMP             R3, #1|1-43
50110|code|STR.W           R0, [R6,#0xC84]|198-248-132-12
50114|code|BHI.W           loc_BDD8|63-246-9-173
50118|code|MOV             R3, #0x1BA40|75-246-64-35-192-242-1-3
50126|code|LDR             R1, =aSConfigLineDS; "%s: Config: line %d: %s.\n"|94-73
50128|code|LDR             R0, [R3]|24-104
50130|code|LDR             R3, =dword_1BA5C|94-75
50132|code|LDR             R2, [R3]|26-104
50134|code|LDR             R3, =aSkipIsAlwaysEn; "Skip is always enabled"|94-75
50136|code|STR             R3, [SP]|0-147
50138|code|LDR             R3, [SP,#0x14]|5-155
50140|code|BLX             fprintf|253-247-212-234
50144|code|B               loc_BDD8|250-228
50146|code|LDR             R3, =off_1B9A0; jumptable 0000BE68 case 14|88-75
50148|code|MOV             R0, R10|80-70
50150|code|LDR             R2, [SP,#0x14]|5-154
50152|code|LDR.W           R6, [R5,R8,LSL#2]|85-248-40-96
50156|code|LDR             R1, [R3,#(off_1B9D8 - 0x1B9A0)]; "force"|153-107
50158|code|BL              sub_B840|255-247-39-250
50162|code|STR.W           R0, [R6,#0xC88]|198-248-136-12
50166|code|B               loc_BDD8|239-228
50168|code|LDR             R3, =off_1B9A0; jumptable 0000BE68 case 15|82-75
50170|code|MOV             R0, R10|80-70
50172|code|LDR             R2, [SP,#0x14]|5-154
50174|code|LDR.W           R6, [R5,R8,LSL#2]|85-248-40-96
50178|code|LDR             R1, [R3,#(off_1B9DC - 0x1B9A0)]; "sparse"|217-107
50180|code|BL              sub_B840|255-247-28-250
50184|code|MOV             R2, #0x1BA60|75-246-96-34-192-242-1-2
50192|code|LDR             R3, [R2]|19-104
50194|code|CMP             R3, #1|1-43
50196|code|STR.W           R0, [R6,#0xC8C]|198-248-140-12
50200|code|BHI.W           loc_BDD8|63-246-222-172
50204|code|MOV             R3, #0x1BA40|75-246-64-35-192-242-1-3
50212|code|LDR             R1, =aSConfigLineDS; "%s: Config: line %d: %s.\n"|72-73
50214|code|LDR             R0, [R3]|24-104
50216|code|LDR             R3, =dword_1BA5C|72-75
50218|code|LDR             R2, [R3]|26-104
50220|code|LDR             R3, =aSparseIsAlways; "Sparse is always enabled"|73-75
50222|code|STR             R3, [SP]|0-147
50224|code|LDR             R3, [SP,#0x14]|5-155
50226|code|BLX             fprintf|253-247-170-234
50230|code|B               loc_BDD8|207-228
50232|code|LDR.W           R1, [R5,R8,LSL#2]; jumptable 0000BE68 case 16|85-248-40-16
50236|code|MOV             R0, R10|80-70
50238|code|LDR             R2, [SP,#0x14]|5-154
50240|code|ADDS            R1, #4|4-49
50242|code|BL              sub_B7C0|255-247-189-249
50246|code|B               loc_BDD8|199-228
50248|code|MOV             R2, #0x1BA60; jumptable 0000BE68 case 17|75-246-96-34-192-242-1-2
50256|code|LDR             R3, [R2]|19-104
50258|code|CMP             R3, #1|1-43
50260|code|BHI.W           loc_BDD8|63-246-192-172
50264|code|MOV             R3, #0x1BA40|75-246-64-35-192-242-1-3
50272|code|LDR             R1, =aSConfigLineDS; "%s: Config: line %d: %s.\n"|57-73
50274|code|LDR             R0, [R3]|24-104
50276|code|LDR             R3, =dword_1BA5C|57-75
50278|code|LDR             R2, [R3]|26-104
50280|code|LDR             R3, =aFindIsDeprecia; "Find is depreciated"|59-75
50282|code|STR             R3, [SP]|0-147
50284|code|LDR             R3, [SP,#0x14]|5-155
50286|code|BLX             fprintf|253-247-140-234
50290|code|B               loc_BDD8|177-228
50292|code|LDR             R3, =off_1B9A0; jumptable 0000BE68 case 18|51-75
50294|code|MOV             R0, R10|80-70
50296|code|LDR             R2, [SP,#0x14]|5-154
50298|code|LDR.W           R6, [R5,R8,LSL#2]|85-248-40-96
50302|code|LDR             R1, [R3,#(off_1B9E8 - 0x1B9A0)]; "always backup"|153-108
50304|code|BL              sub_B840|255-247-222-249
50308|code|STR.W           R0, [R6,#0xC90]|198-248-144-12
50312|code|B               loc_BDD8|166-228
50314|code|LDR             R3, =off_1B9A0; jumptable 0000BE68 case 19|46-75
50316|code|MOV             R0, R10|80-70
50318|code|LDR             R2, [SP,#0x14]|5-154
50320|code|LDR.W           R6, [R5,R8,LSL#2]|85-248-40-96
50324|code|LDR             R1, [R3,#(off_1B9EC - 0x1B9A0)]; "allow remote"|217-108
50326|code|BL              sub_B840|255-247-211-249
50330|code|STR.W           R0, [R6,#0xC98]|198-248-152-12
50334|code|B               loc_BDD8|155-228
50336|code|LDR.W           R1, [R5,R8,LSL#2]; jumptable 0000BE68 case 20|85-248-40-16
50340|code|MOV             R0, R10|80-70
50342|code|LDR             R2, [SP,#0x14]|5-154
50344|code|ADD.W           R1, R1, #0xC70|1-245-71-97
50348|code|BL              sub_B7C0|255-247-136-249
50352|code|B               loc_BDD8|146-228
50354|code|LDR.W           R1, [R5,R8,LSL#2]; jumptable 0000BE68 case 21|85-248-40-16
50358|code|MOV             R0, R10|80-70
50360|code|LDR             R2, [SP,#0x14]|5-154
50362|code|ADD.W           R1, R1, #0xC60|1-245-70-97
50366|code|ADDS            R1, #0x14|20-49
50368|code|BL              sub_B7C0|255-247-126-249
50372|code|B               loc_BDD8|136-228
50374|code|MOV             R3, #0x1BA40|75-246-64-35-192-242-1-3
50382|code|LDR.W           LR, =aCouldNotFindCl; "Could not find closing ']'"|223-248-156-224
50386|code|LDR             R0, [R3]|24-104
50388|code|LDR             R3, =dword_1BA5C|29-75
50390|code|LDR             R1, =aSFatalConfigLi_0; "%s: FATAL: Config: line %d: %s.\n"|33-73
50392|code|LDR             R2, [R3]|26-104
50394|code|LDR             R3, [SP,#0x14]|5-155
50396|code|STR.W           LR, [SP]|205-248-0-224
50400|code|STR.W           R12, [SP,#8]|205-248-8-192
50404|code|BLX             fprintf|253-247-80-234
50408|code|LDR.W           R12, [SP,#8]|221-248-8-192
50412|code|MOV.W           R0, #0xFFFFFFFF|79-240-255-48
50416|code|MOV             R1, R12|97-70
50418|code|BL              sub_D788|1-240-73-249
50422|code|LDR.W           R11, [R5,R8,LSL#2]|85-248-40-176
50426|code|LDR.W           R12, [SP,#8]|221-248-8-192
50430|code|B               loc_BEE0|239-228
50432|code|BLX             perror|253-247-172-233
50436|code|MOVS            R0, #1|1-32
50438|code|B               loc_C03A|152-229
50440|code|MOV             R3, #0x1BA40|75-246-64-35-192-242-1-3
50448|code|LDR             R1, =aSConfigLineDSS; "%s: Config: line %d: %s %s.\n"|19-73
50450|code|LDR             R0, [R3]|24-104
50452|code|LDR             R3, =dword_1BA5C|13-75
50454|code|LDR             R2, [R3]|26-104
50456|code|LDR             R3, =aIsNotAKeyword; " : is not a keyword"|18-75
50458|code|STR.W           R9, [SP]|205-248-0-144
50462|code|STR             R3, [SP,#4]|1-147
50464|code|LDR             R3, [SP,#0x14]|5-155
50466|code|BLX             fprintf|253-247-50-234
50470|code|B               loc_C184|45-230
50472|code|MOV             R3, #0x1BA40|75-246-64-35-192-242-1-3
50480|code|LDR             R1, =aSConfigLineDS; "%s: Config: line %d: %s.\n"|5-73
50482|code|LDR             R0, [R3]|24-104
50484|code|LDR             R3, =dword_1BA5C|5-75
50486|code|LDR             R2, [R3]|26-104
50488|code|LDR             R3, =aAddingClosingT; "Adding closing '/' to archive dir"|11-75
50490|code|STR             R3, [SP]|0-147
50492|code|LDR             R3, [SP,#0x14]|5-155
50494|code|BLX             fprintf|253-247-36-234
50498|code|B               loc_C252|134-230
50500|data|DCD off_1B9A0; "dir"|160-185-1-0
50504|data|DCD aSConfigLineDS; "%s: Config: line %d: %s.\n"|52-25-1-0
50508|data|DCD dword_1BA5C|92-186-1-0
50512|data|DCD aSkipIsAlwaysEn; "Skip is always enabled"|172-25-1-0
50516|data|DCD aSparseIsAlways; "Sparse is always enabled"|196-25-1-0
50520|data|DCD aFindIsDeprecia; "Find is depreciated"|224-25-1-0
50524|data|DCD aSFatalConfigLi_0; "%s: FATAL: Config: line %d: %s.\n"|108-24-1-0
50528|data|DCD aSConfigLineDSS; "%s: Config: line %d: %s %s.\n"|244-25-1-0
50532|data|DCD aIsNotAKeyword; " : is not a keyword"|20-26-1-0
50536|data|DCD aAddingClosingT; "Adding closing '/' to archive dir"|136-25-1-0
50540|data|DCD aCouldNotFindCl; "Could not find closing ']'"|196-24-1-0
50544|code|CBZ             R0, locret_C57C|32-177
50546|code|LDRB            R0, [R0]|0-120
50548|code|CMP             R0, #0|0-40
50550|code|IT NE|24-191
50552|code|MOVNE.W         R0, #0xFFFFFFFF|79-240-255-48
50556|code|BX              LR|112-71
50558|data|ALIGN 0x10|0-191
50560|code|CMP             R2, #1|1-42
50562|code|PUSH            {R4-R6,LR}|112-181
50564|code|MOV             R5, R0|5-70
50566|code|SUB             SP, SP, #0x10|132-176
50568|code|MOV             R4, R1|12-70
50570|code|BEQ             loc_C5F6|52-208
50572|code|ADD             R0, SP, #0xC|3-168
50574|code|BLX             time|253-247-24-233
50578|code|ADD             R0, SP, #0xC|3-168
50580|code|BLX             localtime|253-247-186-233
50584|code|CMP             R4, #1|1-44
50586|code|MOV             R6, R0|6-70
50588|code|BEQ             loc_C5D6|27-208
50590|code|CMP             R4, #2|2-44
50592|code|BEQ             loc_C5C4|16-208
50594|code|LDR             R2, [R0,#0x10]|2-105
50596|code|MOVS            R1, #0xB|11-33
50598|code|LDR             R3, [R6,#0xC]|243-104
50600|code|MOV             R0, R5|40-70
50602|code|ADDS            R2, #1|1-50
50604|code|STR             R2, [SP]|0-146
50606|code|LDR             R2, =a2d2d4d; "%.2d-%.2d-%4d"|21-74
50608|code|LDR             R4, [R6,#0x14]|116-105
50610|code|ADD.W           R4, R4, #0x760|4-245-236-100
50614|code|ADDS            R4, #0xC|12-52
50616|code|STR             R4, [SP,#4]|1-148
50618|code|BLX             g_snprintf|253-247-158-234
50622|code|MOVS            R0, #1|1-32
50624|code|ADD             SP, SP, #0x10|4-176
50626|code|POP             {R4-R6,PC}|112-189
50628|code|LDR             R4, [R0,#0xC]|196-104
50630|code|MOVS            R1, #0xB|11-33
50632|code|LDR             R3, [R6,#0x10]|51-105
50634|code|MOV             R0, R5|40-70
50636|code|LDR             R2, =a2d2d4d; "%.2d-%.2d-%4d"|13-74
50638|code|STR             R4, [SP]|0-148
50640|code|ADDS            R3, #1|1-51
50642|code|LDR             R4, [R6,#0x14]|116-105
50644|code|B               loc_C5B2|237-231
50646|code|LDR             R3, [R0,#0x14]|67-105
50648|code|MOV             R0, R5|40-70
50650|code|LDR             R5, [R6,#0x10]|53-105
50652|code|MOVS            R1, #0xB|11-33
50654|code|ADD.W           R3, R3, #0x760|3-245-236-99
50658|code|LDR             R2, =a4d2d2d; "%4d-%.2d-%.2d"|9-74
50660|code|ADDS            R5, #1|1-53
50662|code|STR             R5, [SP]|0-149
50664|code|LDR             R5, [R6,#0xC]|245-104
50666|code|ADDS            R3, #0xC|12-51
50668|code|STR             R5, [SP,#4]|1-149
50670|code|BLX             g_snprintf|253-247-132-234
50674|code|MOV             R0, R4|32-70
50676|code|B               loc_C5C0|228-231
50678|code|LDR             R1, =aStatic; "static"|5-73
50680|code|MOVS            R2, #7|7-34
50682|code|BLX             g_strlcpy|253-247-180-234
50686|code|MOVS            R0, #0|0-32
50688|code|B               loc_C5C0|222-231
50690|data|ALIGN 4|0-191
50692|data|DCD a2d2d4d; "%.2d-%.2d-%4d"|132-27-1-0
50696|data|DCD a4d2d2d; "%4d-%.2d-%.2d"|148-27-1-0
50700|data|DCD aStatic; "static"|132-18-1-0
50704|code|CMP             R1, #1|1-41
50706|code|PUSH            {R4}|16-180
50708|code|MOV             R4, R2|20-70
50710|code|LDR             R2, [SP,#4+arg_0]|1-154
50712|code|BEQ             loc_C628|6-208
50714|code|CMP             R1, #2|2-41
50716|code|BEQ             loc_C632|9-208
50718|code|LDR             R1, =a2d2d4d_0; "%2d-%2d-%4d"|8-73
50720|code|MOV             R2, R4|34-70
50722|code|POP             {R4}|16-188
50724|code|B.W             j___isoc99_sscanf|253-247-194-185
50728|code|STR             R4, [SP,#4+arg_0]|1-148
50730|code|LDR             R1, =a4d2d2d_0; "%4d-%2d-%2d"|6-73
50732|code|POP             {R4}|16-188
50734|code|B.W             j___isoc99_sscanf|253-247-189-185
50738|code|STR             R2, [SP,#4+arg_0]|1-146
50740|code|MOV             R2, R3|26-70
50742|code|LDR             R1, =a2d2d4d_0; "%2d-%2d-%4d"|2-73
50744|code|MOV             R3, R4|35-70
50746|code|POP             {R4}|16-188
50748|code|B.W             j___isoc99_sscanf|253-247-182-185
50752|data|DCD a2d2d4d_0; "%2d-%2d-%4d"|164-27-1-0
50756|data|DCD a4d2d2d_0; "%4d-%2d-%2d"|176-27-1-0
50760|code|PUSH.W          {R4-R8,LR}|45-233-240-65
50764|code|MOV             R5, R0|5-70
50766|code|SUB             SP, SP, #8|130-176
50768|code|MOVS            R0, #0xB|11-32
50770|code|MOV             R7, R1|15-70
50772|code|MOV             R6, R2|22-70
50774|code|MOV             R8, R3|152-70
50776|code|BLX             g_malloc|253-247-124-232
50780|code|CMP             R5, #1|1-45
50782|code|MOV             R4, R0|4-70
50784|code|BEQ             loc_C67C|12-208
50786|code|CMP             R5, #2|2-45
50788|code|BEQ             loc_C68C|18-208
50790|code|MOVS            R1, #0xB|11-33
50792|code|LDR             R2, =a2d2d4d; "%.2d-%.2d-%4d"|12-74
50794|code|MOV             R3, R7|59-70
50796|code|STMEA.W         SP, {R6,R8}|141-232-64-1
50800|code|BLX             g_snprintf|253-247-66-234
50804|code|MOV             R0, R4|32-70
50806|code|ADD             SP, SP, #8|2-176
50808|code|POP.W           {R4-R8,PC}|189-232-240-129
50812|code|MOVS            R1, #0xB|11-33
50814|code|LDR             R2, =a4d2d2d; "%4d-%.2d-%.2d"|8-74
50816|code|MOV             R3, R8|67-70
50818|code|STMEA.W         SP, {R6,R7}|141-232-192-0
50822|code|BLX             g_snprintf|253-247-56-234
50826|code|B               loc_C674|243-231
50828|code|MOVS            R1, #0xB|11-33
50830|code|LDR             R2, =a2d2d4d; "%.2d-%.2d-%4d"|3-74
50832|code|MOV             R3, R6|51-70
50834|code|STMEA.W         SP, {R7,R8}|141-232-128-1
50838|code|BLX             g_snprintf|253-247-48-234
50842|code|B               loc_C674|235-231
50844|data|DCD a2d2d4d; "%.2d-%.2d-%4d"|132-27-1-0
50848|data|DCD a4d2d2d; "%4d-%.2d-%.2d"|148-27-1-0
50852|code|PUSH            {R4,R5,LR}|48-181
50854|code|MOV             R4, R0|4-70
50856|code|MOV             R5, R1|13-70
50858|code|SUB             SP, SP, #0xC|131-176
50860|code|LDR.W           R0, [R0,#0xC1C]|208-248-28-12
50864|code|LDR             R1, =aCpfj; "cpfj"|40-73
50866|code|BLX             g_str_equal|253-247-122-232
50870|code|CMP             R0, #0|0-40
50872|code|BNE             loc_C71A|47-209
50874|code|LDR.W           R0, [R4,#0xC1C]|212-248-28-12
50878|code|LDR             R1, =aCpfl; "cpfl"|38-73
50880|code|BLX             g_str_equal|253-247-114-232
50884|code|CBNZ            R0, loc_C6F8|192-185
50886|code|LDR             R1, =aCpf; "cpf"|37-73
50888|code|LDR.W           R0, [R4,#0xC1C]|212-248-28-12
50892|code|BLX             g_str_equal|253-247-108-232
50896|code|LDR.W           R1, [R4,#0xC2C]|212-248-44-28
50900|code|LDR             R2, [R4]|34-104
50902|code|LDR.W           R3, [R4,#0xC20]|212-248-32-60
50906|code|CMP             R0, #0|0-40
50908|code|BNE             loc_C73C|46-209
50910|code|LDR             R0, =off_1B8AC; "daily"|32-72
50912|code|LDR.W           R5, [R0,R5,LSL#2]|80-248-37-80
50916|code|LDR             R0, =aSSSSS; "%s/%s.%s.%s%s"|31-72
50918|code|STR             R5, [SP,#0x18+var_18]|0-149
50920|code|LDR             R5, =aTarGz; ".tar.gz"|31-77
50922|code|STR             R5, [SP,#0x18+var_14]|1-149
50924|code|BLX             g_strdup_printf|253-247-8-233
50928|code|STR.W           R0, [R4,#0xC40]|196-248-64-12
50932|code|ADD             SP, SP, #0xC|3-176
50934|code|POP             {R4,R5,PC}|48-189
50936|code|LDR             R0, =off_1B8AC; "daily"|25-72
50938|code|LDR.W           R1, [R4,#0xC2C]|212-248-44-28
50942|code|LDR             R2, [R4]|34-104
50944|code|LDR.W           R5, [R0,R5,LSL#2]|80-248-37-80
50948|code|LDR.W           R3, [R4,#0xC20]|212-248-32-60
50952|code|LDR             R0, =aSSSSS; "%s/%s.%s.%s%s"|22-72
50954|code|STR             R5, [SP,#0x18+var_18]|0-149
50956|code|LDR             R5, =aTarLzo; ".tar.lzo"|23-77
50958|code|STR             R5, [SP,#0x18+var_14]|1-149
50960|code|BLX             g_strdup_printf|253-247-246-232
50964|code|STR.W           R0, [R4,#0xC40]|196-248-64-12
50968|code|B               loc_C6F4|236-231
50970|code|LDR             R0, =off_1B8AC; "daily"|17-72
50972|code|LDR.W           R1, [R4,#0xC2C]|212-248-44-28
50976|code|LDR             R2, [R4]|34-104
50978|code|LDR.W           R5, [R0,R5,LSL#2]|80-248-37-80
50982|code|LDR.W           R3, [R4,#0xC20]|212-248-32-60
50986|code|LDR             R0, =aSSSSS; "%s/%s.%s.%s%s"|14-72
50988|code|STR             R5, [SP,#0x18+var_18]|0-149
50990|code|LDR             R5, =aTarBz2; ".tar.bz2"|16-77
50992|code|STR             R5, [SP,#0x18+var_14]|1-149
50994|code|BLX             g_strdup_printf|253-247-230-232
50998|code|STR.W           R0, [R4,#0xC40]|196-248-64-12
51002|code|B               loc_C6F4|219-231
51004|code|LDR             R0, =off_1B8AC; "daily"|8-72
51006|code|LDR.W           R5, [R0,R5,LSL#2]|80-248-37-80
51010|code|LDR             R0, =aSSSSS; "%s/%s.%s.%s%s"|8-72
51012|code|STR             R5, [SP,#0x18+var_18]|0-149
51014|code|LDR             R5, =aTar; ".tar"|11-77
51016|code|STR             R5, [SP,#0x18+var_14]|1-149
51018|code|BLX             g_strdup_printf|253-247-218-232
51022|code|STR.W           R0, [R4,#0xC40]|196-248-64-12
51026|code|B               loc_C6F4|207-231
51028|data|DCD aCpfj; "cpfj"|152-14-1-0
51032|data|DCD aCpfl; "cpfl"|172-14-1-0
51036|data|DCD aCpf; "cpf"|140-14-1-0
51040|data|DCD off_1B8AC; "daily"|172-184-1-0
51044|data|DCD aSSSSS; "%s/%s.%s.%s%s"|188-27-1-0
51048|data|DCD aTarGz; ".tar.gz"|236-27-1-0
51052|data|DCD aTarLzo; ".tar.lzo"|216-27-1-0
51056|data|DCD aTarBz2; ".tar.bz2"|204-27-1-0
51060|data|DCD aTar; ".tar"|228-27-1-0
51064|code|LDR             R3, =dword_1BA60|38-75
51066|code|PUSH            {R4,LR}|16-181
51068|code|SUB             SP, SP, #8|130-176
51070|code|LDR             R3, [R3]|27-104
51072|code|CMP             R3, #1|1-43
51074|code|BLS             loc_C7D2|38-217
51076|code|MOVS            R2, #0|0-34
51078|code|LDR             R1, =a2DevNull; " 2>/dev/null"|36-73
51080|code|BLX             g_strconcat|253-247-142-232
51084|code|LDR             R3, =dword_1BA74|35-75
51086|code|LDR             R3, [R3]|27-104
51088|code|CMP             R3, #1|1-43
51090|code|MOV             R4, R0|4-70
51092|code|BEQ             loc_C7E0|36-208
51094|code|LDR             R3, =dword_1BA70|34-75
51096|code|LDR             R3, [R3]|27-104
51098|code|CBZ             R3, loc_C7AA|51-177
51100|code|LDR             R3, =dword_1B8C0|33-75
51102|code|MOVS            R0, #0|0-32
51104|code|LDR             R3, [R3]|27-104
51106|code|CMP             R3, #0|0-43
51108|code|BLE             loc_C7EE|35-221
51110|code|ADD             SP, SP, #8|2-176
51112|code|POP             {R4,PC}|16-189
51114|code|LDR             R3, =dword_1B8C0|30-75
51116|code|LDR             R3, [R3]|27-104
51118|code|CMP             R3, #0|0-43
51120|code|BLE             loc_C802|39-221
51122|code|MOV             R0, R4; command|32-70
51124|code|BLX             system|253-247-156-232
51128|code|CMP             R0, #0|0-40
51130|code|BEQ             loc_C7A6|244-208
51132|code|LDR             R3, =stderr|26-75
51134|code|LDR             R1, =aSWarningSS; "%s: WARNING: %s %s!\n"|27-73
51136|code|LDR             R0, [R3]; stream|24-104
51138|code|LDR             R3, =dword_1BA5C|27-75
51140|code|LDR             R2, [R3]|26-104
51142|code|LDR             R3, =aCouldNotPerfor; "Could not perform the command:"|27-75
51144|code|STR             R4, [SP,#0x10+var_10]|0-148
51146|code|BLX             fprintf|253-247-222-232
51150|code|MOVS            R0, #1|1-32
51152|code|B               loc_C7A6|233-231
51154|code|BLX             g_strdup|253-247-134-233
51158|code|LDR             R3, =dword_1BA74|17-75
51160|code|LDR             R3, [R3]|27-104
51162|code|CMP             R3, #1|1-43
51164|code|MOV             R4, R0|4-70
51166|code|BNE             loc_C796|218-209
51168|code|LDR             R3, =stderr|17-75
51170|code|MOV             R2, R4|34-70
51172|code|LDR             R1, =aDebugCommandS; "[DEBUG] command: [%s]\n"|20-73
51174|code|LDR             R0, [R3]; stream|24-104
51176|code|BLX             fprintf|253-247-206-232
51180|code|B               loc_C796|211-231
51182|code|LDR             R2, =stderr|14-74
51184|code|MOV             R3, R4|35-70
51186|code|LDR             R1, =aSFakingS; "%s: Faking: %s.\n"|18-73
51188|code|LDR             R0, [R2]; stream|16-104
51190|code|LDR             R2, =dword_1BA5C|14-74
51192|code|LDR             R2, [R2]|18-104
51194|code|BLX             fprintf|253-247-198-232
51198|code|MOVS            R0, #0|0-32
51200|code|B               loc_C7A6|209-231
51202|code|LDR             R3, =stderr|9-75
51204|code|LDR             R1, =aSRunningS; "%s: Running: %s.\n"|14-73
51206|code|LDR             R0, [R3]; stream|24-104
51208|code|LDR             R3, =dword_1BA5C|9-75
51210|code|LDR             R2, [R3]|26-104
51212|code|MOV             R3, R4|35-70
51214|code|BLX             fprintf|253-247-188-232
51218|code|B               loc_C7B2|206-231
51220|data|DCD dword_1BA60|96-186-1-0
51224|data|DCD a2DevNull; " 2>/dev/null"|224-32-1-0
51228|data|DCD dword_1BA74|116-186-1-0
51232|data|DCD dword_1BA70|112-186-1-0
51236|data|DCD dword_1B8C0|192-184-1-0
51240|data|DCD stderr|64-186-1-0
51244|data|DCD aSWarningSS; "%s: WARNING: %s %s!\n"|204-18-1-0
51248|data|DCD dword_1BA5C|92-186-1-0
51252|data|DCD aCouldNotPerfor; "Could not perform the command:"|52-28-1-0
51256|data|DCD aDebugCommandS; "[DEBUG] command: [%s]\n"|244-27-1-0
51260|data|DCD aSFakingS; "%s: Faking: %s.\n"|12-28-1-0
51264|data|DCD aSRunningS; "%s: Running: %s.\n"|32-28-1-0
51268|code|PUSH            {R3-R5,LR}|56-181
51270|code|LDR             R3, =dword_1BA60|8-75
51272|code|LDR             R3, [R3]|27-104
51274|code|CMP             R3, #3|3-43
51276|code|BEQ             locret_C864|10-208
51278|code|LDR             R4, =dword_1BA88|7-76
51280|code|LDR             R0, [R4]; s|32-104
51282|code|CBZ             R0, locret_C864|56-177
51284|code|LDR             R5, =stdout|6-77
51286|code|LDR             R1, [R5]; stream|41-104
51288|code|BLX             fputs|253-247-102-233
51292|code|LDR.W           R0, [R4,#4]!|84-248-4-15
51296|code|CMP             R0, #0|0-40
51298|code|BNE             loc_C856|248-209
51300|code|POP             {R3-R5,PC}|56-189
51302|data|ALIGN 4|0-191
51304|data|DCD dword_1BA60|96-186-1-0
51308|data|DCD dword_1BA88|136-186-1-0
51312|data|DCD stdout|76-186-1-0
51316|code|MOV             R3, R1|11-70
51318|code|MOVS            R1, #0|0-33
51320|code|PUSH            {R4,LR}|16-181
51322|code|MOV             R2, R0|2-70
51324|code|MOV.W           R0, #0x40000000|79-240-128-64
51328|code|CMP             R0, R2|144-66
51330|code|SBCS.W          R4, R1, R3|113-235-3-4
51334|code|SUB             SP, SP, #8|130-176
51336|code|BLT             loc_C8B4|20-219
51338|code|MOVS            R1, #0|0-33
51340|code|MOV.W           R0, #0x100000|79-244-128-16
51344|code|CMP             R0, R2|144-66
51346|code|SBCS.W          R4, R1, R3|113-235-3-4
51350|code|BLT             loc_C914|61-219
51352|code|MOVS            R1, #0|0-33
51354|code|MOV.W           R0, #0x400|79-244-128-96
51358|code|CMP             R0, R2|144-66
51360|code|SBCS.W          R4, R1, R3|113-235-3-4
51364|code|BLT             loc_C8DC|26-219
51366|code|ORRS.W          R1, R2, R3|82-234-3-1
51370|code|IT EQ|8-191
51372|code|LDREQ           R0, =a0; "0"|35-72
51374|code|BNE             loc_C904|41-209
51376|code|ADD             SP, SP, #8|2-176
51378|code|POP             {R4,PC}|16-189
51380|code|MOV             R1, R3|25-70
51382|code|MOV             R0, R2|16-70
51384|code|BL              sub_1071C|3-240-48-255
51388|code|VLDR            S15, =9.3132e-10|223-237-32-122
51392|code|MOVS            R3, #0x47 ; 'G'|71-35
51394|code|STR             R3, [SP,#0x10+var_10]|0-147
51396|code|VMOV            S14, R0|7-238-16-10
51400|code|VMUL.F32        S14, S14, S15|39-238-39-122
51404|code|LDR             R0, =a1fC; "%.1f%c"|29-72
51406|code|VCVT.F64.F32    D7, S14|183-238-199-122
51410|code|VMOV            R2, R3, D7|83-236-23-43
51414|code|BLX             g_strdup_printf|253-247-20-232
51418|code|B               loc_C8B0|233-231
51420|code|MOV             R1, R3|25-70
51422|code|MOV             R0, R2|16-70
51424|code|BL              sub_1071C|3-240-28-255
51428|code|VLDR            S15, =0.00097656|223-237-24-122
51432|code|MOVS            R3, #0x6B ; 'k'|107-35
51434|code|STR             R3, [SP,#0x10+var_10]|0-147
51436|code|VMOV            S14, R0|7-238-16-10
51440|code|VMUL.F32        S14, S14, S15|39-238-39-122
51444|code|LDR             R0, =a0fC; "%.0f%c"|21-72
51446|code|VCVT.F64.F32    D7, S14|183-238-199-122
51450|code|VMOV            R2, R3, D7|83-236-23-43
51454|code|BLX             g_strdup_printf|253-247-0-232
51458|code|B               loc_C8B0|213-231
51460|code|MOV             R1, R2|17-70
51462|code|LDR             R0, =aDC; "%d%c"|18-72
51464|code|MOVS            R2, #0x42 ; 'B'|66-34
51466|code|ADD             SP, SP, #8|2-176
51468|code|POP.W           {R4,LR}|189-232-16-64
51472|code|B.W             j_g_strdup_printf|252-247-244-191
51476|code|MOV             R1, R3|25-70
51478|code|MOV             R0, R2|16-70
51480|code|BL              sub_1071C|3-240-0-255
51484|code|VLDR            S15, =9.5367e-7|223-237-13-122
51488|code|MOVS            R3, #0x4D ; 'M'|77-35
51490|code|STR             R3, [SP,#0x10+var_10]|0-147
51492|code|VMOV            S14, R0|7-238-16-10
51496|code|VMUL.F32        S14, S14, S15|39-238-39-122
51500|code|LDR             R0, =a1fC; "%.1f%c"|5-72
51502|code|VCVT.F64.F32    D7, S14|183-238-199-122
51506|code|VMOV            R2, R3, D7|83-236-23-43
51510|code|BLX             g_strdup_printf|252-247-228-239
51514|code|B               loc_C8B0|185-231
51516|data|DCD a0; "0"|84-28-1-0
51520|data|DCFS 9.3132e-10|0-0-128-48
51524|data|DCD a1fC; "%.1f%c"|88-28-1-0
51528|data|DCFS 0.00097656|0-0-128-58
51532|data|DCD a0fC; "%.0f%c"|96-28-1-0
51536|data|DCD aDC; "%d%c"|104-28-1-0
51540|data|DCFS 9.5367e-7|0-0-128-53
51544|code|PUSH            {LR}|0-181
51546|code|MOV             R1, R0|1-70
51548|code|SUB             SP, SP, #0x6C|155-176
51550|code|CBZ             R1, loc_C96C|41-177
51552|code|MOVS            R0, #3|3-32
51554|code|MOV             R2, SP|106-70
51556|code|BLX             __xstat64|253-247-218-232
51560|code|CBNZ            R0, loc_C970|16-185
51562|code|LDR             R0, [SP,#0x70+var_18]|22-152
51564|code|ADD             SP, SP, #0x6C ; 'l'|27-176
51566|code|POP             {PC}|0-189
51568|code|MOVS            R0, #0|0-32
51570|code|B               loc_C96C|251-231
51572|code|PUSH            {R3-R5,LR}|56-181
51574|code|MOV             R4, R0|4-70
51576|code|CBZ             R4, locret_C9BC|4-179
51578|code|LDR             R1, =aSplit; "*__split__"|17-73
51580|code|BLX             strstr|252-247-222-238
51584|code|CBZ             R0, loc_C986|8-177
51586|code|MOVS            R3, #0|0-35
51588|code|STRB            R3, [R0]|3-112
51590|code|MOV             R0, R4; s|32-70
51592|code|MOVS            R1, #0x2F ; '/'; c|47-33
51594|code|BLX             strrchr|253-247-120-232
51598|code|MOV             R5, R0|5-70
51600|code|CBZ             R0, locret_C9BA|152-177
51602|code|MOV             R0, R4; s|32-70
51604|code|BLX             strlen|252-247-230-239
51608|code|BLX             g_malloc|252-247-220-238
51612|code|LDRB            R3, [R5,#1]|107-120
51614|code|MOV             R1, R0|1-70
51616|code|CBZ             R3, loc_C9B4|67-177
51618|code|ADDS            R5, #1|1-53
51620|code|MOV             R2, R0|2-70
51622|code|STRB.W          R3, [R2],#1|2-248-1-59
51626|code|MOV             R1, R2|17-70
51628|code|LDRB.W          R3, [R5,#1]!|21-248-1-63
51632|code|CMP             R3, #0|0-43
51634|code|BNE             loc_C9A6|248-209
51636|code|MOVS            R3, #0|0-35
51638|code|STRB            R3, [R1]|11-112
51640|code|POP             {R3-R5,PC}|56-189
51642|code|POP             {R3-R5,PC}|56-189
51644|code|POP             {R3-R5,PC}|56-189
51646|data|ALIGN 0x10|0-191
51648|data|DCD aSplit; "*__split__"|112-28-1-0
51652|code|PUSH            {R3-R7,LR}|248-181
51654|code|MOV             R6, R0|6-70
51656|code|LDR             R0, [R1,#4]|72-104
51658|code|MOV             R5, R1|13-70
51660|code|CBZ             R0, locret_C9F0|128-177
51662|code|ADD.W           R7, R1, #8|1-241-8-7
51666|code|MOV             R4, R1|12-70
51668|code|B               loc_C9E2|5-224
51670|code|ADDS            R4, #8|8-52
51672|code|SUBS            R3, R4, R5|99-27
51674|code|ADDS            R3, R3, R7|219-25
51676|code|LDR.W           R0, [R3,#-4]|83-248-4-12
51680|code|CBZ             R0, locret_C9F0|48-177
51682|code|MOV             R1, R6|49-70
51684|code|BLX             g_str_equal|252-247-224-238
51688|code|CMP             R0, #0|0-40
51690|code|BEQ             loc_C9D6|244-208
51692|code|LDR             R0, [R4]|32-104
51694|code|POP             {R3-R7,PC}|248-189
51696|code|POP             {R3-R7,PC}|248-189
51698|data|ALIGN 4|0-191
51700|code|PUSH            {R4,R5,LR}|48-181
51702|code|MOV             R4, R1|12-70
51704|code|SUB             SP, SP, #0x2C|139-176
51706|code|CBZ             R0, loc_CA1E|128-177
51708|code|MOVS            R1, #0|0-33
51710|code|ADD             R3, SP, #0x38+var_34|1-171
51712|code|MOV             R2, R1|10-70
51714|code|BLX             glob64|253-247-24-232
51718|code|LDR             R5, [SP,#0x38+var_34]|1-157
51720|code|CBZ             R5, loc_CA22|93-177
51722|code|CBZ             R4, loc_CA16|36-177
51724|code|LDR             R3, [SP,#0x38+var_30]|2-155
51726|code|LDR             R0, [R3]|24-104
51728|code|BLX             g_strdup|253-247-102-232
51732|code|STR             R0, [R4]|32-96
51734|code|ADD             R0, SP, #0x38+var_34|1-168
51736|code|BLX             globfree64|253-247-66-232
51740|code|MOVS            R0, #1|1-32
51742|code|ADD             SP, SP, #0x2C ; ','|11-176
51744|code|POP             {R4,R5,PC}|48-189
51746|code|ADD             R0, SP, #0x38+var_34|1-168
51748|code|BLX             globfree64|253-247-60-232
51752|code|MOV             R0, R5|40-70
51754|code|B               loc_CA1E|248-231
51756|code|PUSH            {R3-R7,LR}|248-181
51758|code|RSBS.W          R3, R0, #1|208-241-1-3
51762|code|MOV             R4, R0|4-70
51764|code|MOV             R5, R1|13-70
51766|code|IT CC|56-191
51768|code|MOVCC           R3, #0|0-35
51770|code|CMP             R1, #0|0-41
51772|code|IT EQ|8-191
51774|code|ORREQ.W         R3, R3, #1|67-240-1-3
51778|code|MOV             R6, R2|22-70
51780|code|CMP             R3, #0|0-43
51782|code|BNE             loc_CAA2|44-209
51784|code|CMP             R2, #0|0-42
51786|code|BEQ             loc_CA9A|38-208
51788|code|MOV             R0, R2; name|16-70
51790|code|BLX             getgrnam|253-247-150-232
51794|code|MOV             R7, R0|7-70
51796|code|CMP             R0, #0|0-40
51798|code|BEQ             loc_CAA2|36-208
51800|code|MOV             R0, R5; name|40-70
51802|code|BLX             getpwnam|252-247-118-238
51806|code|MOV             R3, R0|3-70
51808|code|CBZ             R0, loc_CAA2|248-177
51810|code|CBZ             R6, loc_CA9E|230-177
51812|code|LDR             R5, [R7,#8]|189-104
51814|code|MOV             R0, R4|32-70
51816|code|MOV.W           R1, #0x900|79-244-16-97
51820|code|LDR             R6, [R3,#8]|158-104
51822|code|BLX             open64|252-247-52-239
51826|code|ADDS            R3, R0, #1|67-28
51828|code|MOV             R4, R0|4-70
51830|code|BEQ             loc_CA96|14-208
51832|code|MOV             R2, R5; group|42-70
51834|code|MOV             R1, R6; owner|49-70
51836|code|BLX             fchown|252-247-126-239
51840|code|MOV             R5, R0|5-70
51842|code|MOV             R0, R4; fd|32-70
51844|code|CBZ             R5, loc_CA8E|29-177
51846|code|BLX             close|253-247-98-232
51850|code|MOVS            R0, #1|1-32
51852|code|POP             {R3-R7,PC}|248-189
51854|code|BLX             close|253-247-94-232
51858|code|MOV             R0, R5|40-70
51860|code|POP             {R3-R7,PC}|248-189
51862|code|MOVS            R0, #1|1-32
51864|code|POP             {R3-R7,PC}|248-189
51866|code|MOV             R7, R2|23-70
51868|code|B               loc_CA58|220-231
51870|code|LDR             R5, [R0,#0xC]|197-104
51872|code|B               loc_CA66|225-231
51874|code|MOV.W           R0, #0xFFFFFFFF|79-240-255-48
51878|code|POP             {R3-R7,PC}|248-189
51880|code|PUSH            {R3,LR}|8-181
51882|code|CBZ             R0, loc_CAC2|80-177
51884|code|MOV.W           R1, #0x1A0; mode|79-244-208-113
51888|code|BLX             chmod|253-247-46-232
51892|code|CBNZ            R0, loc_CAB8|0-185
51894|code|POP             {R3,PC}|8-189
51896|code|LDR             R0, =aHdupChmod; "hdup_chmod"|3-72
51898|code|BLX             perror|252-247-208-238
51902|code|MOVS            R0, #1|1-32
51904|code|POP             {R3,PC}|8-189
51906|code|MOVS            R0, #1|1-32
51908|code|POP             {R3,PC}|8-189
51910|data|ALIGN 4|0-191
51912|data|DCD aHdupChmod; "hdup_chmod"|124-28-1-0
51916|code|PUSH.W          {R4-R8,LR}|45-233-240-65
51920|code|MOV             R4, R0|4-70
51922|code|MOV             R7, R1|15-70
51924|code|BLX             opendir|252-247-250-238
51928|code|MOV             R6, R0|6-70
51930|code|MOV             R5, R0|5-70
51932|code|CBZ             R0, loc_CB2C|48-179
51934|code|MOV             R0, R4; path|32-70
51936|code|LDR.W           R8, =off_1B8AC; "daily"|223-248-84-128
51940|code|BLX             chdir|252-247-168-238
51944|code|MOVS            R5, #0|0-37
51946|code|MOV             R0, R6|48-70
51948|code|BLX             readdir64|252-247-228-239
51952|code|LDR             R1, =aSplit_0; "__split__"|16-73
51954|code|ADD.W           R4, R0, #0x13|0-241-19-4
51958|code|CBZ             R0, loc_CB2C|200-177
51960|code|MOV             R0, R4; haystack|32-70
51962|code|BLX             strstr|252-247-32-238
51966|code|MOV             R3, R0|3-70
51968|code|MOV             R0, R4; haystack|32-70
51970|code|CMP             R3, #0|0-43
51972|code|BEQ             loc_CAEA|241-208
51974|code|LDR.W           R1, [R8,R7,LSL#2]; needle|88-248-39-16
51978|code|BLX             strstr|252-247-24-238
51982|code|MOV             R3, R0|3-70
51984|code|MOV             R0, R4|32-70
51986|code|CMP             R3, #0|0-43
51988|code|BEQ             loc_CAEA|233-208
51990|code|BL              sub_CAA8|255-247-199-255
51994|code|MOV             R0, R6|48-70
51996|code|BLX             readdir64|252-247-204-239
52000|code|ADDS            R5, #1|1-53
52002|code|LDR             R1, =aSplit_0; "__split__"|4-73
52004|code|ADD.W           R4, R0, #0x13|0-241-19-4
52008|code|CMP             R0, #0|0-40
52010|code|BNE             loc_CAF8|229-209
52012|code|MOV             R0, R5|40-70
52014|code|POP.W           {R4-R8,PC}|189-232-240-129
52018|data|ALIGN 4|0-191
52020|data|DCD aSplit_0; "__split__"|136-28-1-0
52024|data|DCD off_1B8AC; "daily"|172-184-1-0
52028|code|PUSH.W          {R4-R10,LR}|45-233-240-71
52032|code|MOV             R6, R0|6-70
52034|code|MOV             R4, R1|12-70
52036|code|MOV             R5, R2|21-70
52038|code|MOV             R8, R3|152-70
52040|code|BLX             opendir|252-247-192-238
52044|code|MOV             R7, R0|7-70
52046|code|CMP             R0, #0|0-40
52048|code|BEQ             loc_CBAA|43-208
52050|code|MOV             R0, R6; path|48-70
52052|code|LDR.W           R9, =off_1B8AC; "daily"|223-248-96-144
52056|code|BLX             chdir|252-247-110-238
52060|code|MOVS            R6, #0|0-38
52062|code|MOV             R0, R7|56-70
52064|code|BLX             readdir64|252-247-170-239
52068|code|LDR             R1, =aSplit_0; "__split__"|19-73
52070|code|ADD.W           R10, R0, #0x13|0-241-19-10
52074|code|CBZ             R0, loc_CBA4|216-177
52076|code|MOV             R0, R10; haystack|80-70
52078|code|BLX             strstr|252-247-230-237
52082|code|MOV             R3, R0|3-70
52084|code|MOV             R0, R10; haystack|80-70
52086|code|CMP             R3, #0|0-43
52088|code|BEQ             loc_CB5E|241-208
52090|code|LDR.W           R1, [R9,R4,LSL#2]; needle|89-248-36-16
52094|code|BLX             strstr|252-247-222-237
52098|code|MOV             R1, R5|41-70
52100|code|MOV             R2, R8|66-70
52102|code|MOV             R3, R0|3-70
52104|code|MOV             R0, R10|80-70
52106|code|CMP             R3, #0|0-43
52108|code|BEQ             loc_CB5E|231-208
52110|code|BL              sub_CA2C|255-247-77-255
52114|code|MOV             R0, R7|56-70
52116|code|BLX             readdir64|252-247-144-239
52120|code|ADDS            R6, #1|1-54
52122|code|LDR             R1, =aSplit_0; "__split__"|6-73
52124|code|ADD.W           R10, R0, #0x13|0-241-19-10
52128|code|CMP             R0, #0|0-40
52130|code|BNE             loc_CB6C|227-209
52132|code|MOV             R0, R6|48-70
52134|code|POP.W           {R4-R10,PC}|189-232-240-135
52138|code|MOV             R6, R0|6-70
52140|code|MOV             R0, R6|48-70
52142|code|POP.W           {R4-R10,PC}|189-232-240-135
52146|data|ALIGN 4|0-191
52148|data|DCD aSplit_0; "__split__"|136-28-1-0
52152|data|DCD off_1B8AC; "daily"|172-184-1-0
52156|code|PUSH            {R3,LR}|8-181
52158|code|BLX             unlink|252-247-36-238
52162|code|ADDS            R0, #0|0-48
52164|code|IT NE|24-191
52166|code|MOVNE           R0, #1|1-32
52168|code|POP             {R3,PC}|8-189
52170|data|ALIGN 4|0-191
52172|code|PUSH            {R4,LR}|16-181
52174|code|CBZ             R0, loc_CBFE|176-177
52176|code|BLX             g_strdup|252-247-134-239
52180|code|LDR             R1, =aSplit_0; "__split__"|19-73
52182|code|MOV             R4, R0|4-70
52184|code|BLX             strstr|252-247-176-237
52188|code|CBZ             R0, loc_CBE2|8-177
52190|code|MOVS            R3, #0|0-35
52192|code|STRB            R3, [R0]|3-112
52194|code|MOV             R0, R4; haystack|32-70
52196|code|LDR             R1, =(aTarBz2Nc+8); needle|16-73
52198|code|BLX             strstr|252-247-170-237
52202|code|CBZ             R0, loc_CBF0|8-177
52204|code|MOVS            R0, #4|4-32
52206|code|POP             {R4,PC}|16-189
52208|code|MOV             R0, R4; haystack|32-70
52210|code|LDR             R1, =aTarBz2; ".tar.bz2"|14-73
52212|code|BLX             strstr|252-247-162-237
52216|code|CBZ             R0, loc_CC04|32-177
52218|code|MOVS            R0, #2|2-32
52220|code|POP             {R4,PC}|16-189
52222|code|MOV.W           R0, #0xFFFFFFFF|79-240-255-48
52226|code|POP             {R4,PC}|16-189
52228|code|MOV             R0, R4; haystack|32-70
52230|code|LDR             R1, =aTarGz; ".tar.gz"|10-73
52232|code|BLX             strstr|252-247-152-237
52236|code|CBZ             R0, loc_CC12|8-177
52238|code|MOVS            R0, #1|1-32
52240|code|POP             {R4,PC}|16-189
52242|code|MOV             R0, R4; haystack|32-70
52244|code|LDR             R1, =aTarLzo; ".tar.lzo"|7-73
52246|code|BLX             strstr|252-247-146-237
52250|code|CMP             R0, #0|0-40
52252|code|IT NE|24-191
52254|code|MOVNE           R0, #6|6-32
52256|code|POP             {R4,PC}|16-189
52258|data|ALIGN 4|0-191
52260|data|DCD aSplit_0; "__split__"|136-28-1-0
52264|data|DCD aTarBz2Nc+8; ".nc"|72-29-1-0
52268|data|DCD aTarBz2; ".tar.bz2"|204-27-1-0
52272|data|DCD aTarGz; ".tar.gz"|236-27-1-0
52276|data|DCD aTarLzo; ".tar.lzo"|216-27-1-0
52280|code|PUSH            {R4-R6,LR}|112-181
52282|code|MOV             R4, R0|4-70
52284|code|LDR.W           R0, [R0,#0xC40]|208-248-64-12
52288|code|BL              sub_CBCC|255-247-196-255
52292|code|MOV             R5, R0|5-70
52294|code|LDR.W           R0, [R4,#0xC40]|212-248-64-12
52298|code|BLX             g_strdup|252-247-74-239
52302|code|CMP             R5, #2|2-45
52304|code|MOV             R6, R0|6-70
52306|code|BEQ             loc_CCD4|63-208
52308|code|CMP             R5, #6|6-45
52310|code|BEQ             loc_CCB6|46-208
52312|code|CMP             R5, #1|1-45
52314|code|BEQ             loc_CCA4|35-208
52316|code|LDR             R1, =aW; "w+"|59-73
52318|code|BLX             fopen64|252-247-70-239
52322|code|CMP             R0, #0|0-40
52324|code|BEQ             loc_CD36|103-208
52326|code|CMP             R5, #2|2-45
52328|code|BEQ             loc_CCE8|62-208
52330|code|CMP             R5, #6|6-45
52332|code|BEQ             loc_CD26|91-208
52334|code|CMP             R5, #1|1-45
52336|code|BEQ             loc_CD16|81-208
52338|code|LDR.W           R0, [R4,#0xC14]|212-248-20-12
52342|code|CBZ             R0, locret_CCA2|160-177
52344|code|MOV             R0, R4|32-70
52346|code|BL              sub_F330|2-240-89-251
52350|code|LDR.W           R2, [R4,#0xC40]|212-248-64-44
52354|code|MOV             R1, R0|1-70
52356|code|LDR             R0, =aSS_0; "%s %s"|50-72
52358|code|BLX             g_strdup_printf|252-247-60-238
52362|code|BL              sub_C778|255-247-117-253
52366|code|CBZ             R0, locret_CCA2|64-177
52368|code|LDR             R3, =stderr|48-75
52370|code|LDR             R1, =aSWarningS; "%s: WARNING: %s!\n"|49-73
52372|code|LDR             R0, [R3]; stream|24-104
52374|code|LDR             R3, =dword_1BA5C|49-75
52376|code|LDR             R2, [R3]|26-104
52378|code|LDR             R3, =aEncryptionOfEm; "Encryption of empty archive failed"|49-75
52380|code|BLX             fprintf|252-247-116-238
52384|code|MOVS            R0, #1|1-32
52386|code|POP             {R4-R6,PC}|112-189
52388|code|LDR             R1, =(aTarGz+4); needle|47-73
52390|code|BLX             strstr|252-247-74-237
52394|code|MOV             R4, R0|4-70
52396|code|CBZ             R0, loc_CCC2|72-177
52398|code|MOVS            R3, #0|0-35
52400|code|MOVS            R0, #1|1-32
52402|code|STRB            R3, [R4]|35-112
52404|code|POP             {R4-R6,PC}|112-189
52406|code|LDR             R1, =(aTarLzo+4); needle|44-73
52408|code|BLX             strstr|252-247-64-237
52412|code|MOV             R4, R0|4-70
52414|code|CMP             R0, #0|0-40
52416|code|BNE             loc_CCAE|245-209
52418|code|LDR             R3, =stderr|36-75
52420|code|LDR             R1, =aSWarningS; "%s: WARNING: %s!\n"|36-73
52422|code|LDR             R0, [R3]; stream|24-104
52424|code|LDR             R3, =dword_1BA5C|36-75
52426|code|LDR             R2, [R3]|26-104
52428|code|LDR             R3, =aNoGzExtensionO; "No .gz extension on a gzip file"|39-75
52430|code|BLX             fprintf|252-247-92-238
52434|code|B               loc_CCAE|236-231
52436|code|LDR             R1, =(aTarBz2+4); needle|38-73
52438|code|BLX             strstr|252-247-50-237
52442|code|MOV             R4, R0|4-70
52444|code|CMP             R0, #0|0-40
52446|code|BEQ             loc_CCC2|240-208
52448|code|MOVS            R3, #0|0-35
52450|code|MOVS            R0, #1|1-32
52452|code|STRB            R3, [R4]|35-112
52454|code|POP             {R4-R6,PC}|112-189
52456|code|LDR.W           R2, [R4,#0xC54]|212-248-84-44
52460|code|MOV             R3, R6|51-70
52462|code|LDR             R0, =aSSFS; "%s -%s -f %s"|33-72
52464|code|LDR             R1, =aBinBzip2; "/bin/bzip2"|33-73
52466|code|BLX             g_strdup_printf|252-247-6-238
52470|code|CMP             R0, #0|0-40
52472|code|BEQ             loc_CC72|187-208
52474|code|BL              sub_C778|255-247-61-253
52478|code|CMP             R0, #0|0-40
52480|code|BEQ             loc_CC72|183-208
52482|code|LDR             R3, =stderr|20-75
52484|code|LDR             R1, =aSWarningS; "%s: WARNING: %s!\n"|20-73
52486|code|LDR             R0, [R3]; stream|24-104
52488|code|LDR             R3, =dword_1BA5C|20-75
52490|code|LDR             R2, [R3]|26-104
52492|code|LDR             R3, =aCompressionOfE; "Compression of empty archive failed"|27-75
52494|code|BLX             fprintf|252-247-60-238
52498|code|MOVS            R0, #1|1-32
52500|code|POP             {R4-R6,PC}|112-189
52502|code|LDR.W           R2, [R4,#0xC54]|212-248-84-44
52506|code|MOV             R3, R6|51-70
52508|code|LDR             R1, =aBinGzip; "/bin/gzip"|24-73
52510|code|LDR             R0, =aSSFS; "%s -%s -f %s"|21-72
52512|code|BLX             g_strdup_printf|252-247-238-237
52516|code|B               loc_CCF6|231-231
52518|code|LDR.W           R2, [R4,#0xC54]|212-248-84-44
52522|code|MOV             R3, R6|51-70
52524|code|LDR             R1, =aBinLzop; "/bin/lzop"|21-73
52526|code|LDR             R0, =aSUSFS; "%s -U -%s -f %s"|22-72
52528|code|BLX             g_strdup_printf|252-247-230-237
52532|code|B               loc_CCF6|223-231
52534|code|LDR             R3, =stderr|7-75
52536|code|LDR             R1, =aSWarningS; "%s: WARNING: %s!\n"|7-73
52538|code|LDR             R0, [R3]; stream|24-104
52540|code|LDR             R3, =dword_1BA5C|7-75
52542|code|LDR             R2, [R3]|26-104
52544|code|LDR             R3, =aCouldNotCreate; "Could not create empty archive"|18-75
52546|code|BLX             fprintf|252-247-34-238
52550|code|MOVS            R0, #1|1-32
52552|code|POP             {R4-R6,PC}|112-189
52554|data|ALIGN 4|0-191
52556|data|DCD aW; "w+"|180-28-1-0
52560|data|DCD aSS_0; "%s %s"|68-18-1-0
52564|data|DCD stderr|64-186-1-0
52568|data|DCD aSWarningS; "%s: WARNING: %s!\n"|220-9-1-0
52572|data|DCD dword_1BA5C|92-186-1-0
52576|data|DCD aEncryptionOfEm; "Encryption of empty archive failed"|28-29-1-0
52580|data|DCD aTarGz+4; ".gz"|240-27-1-0
52584|data|DCD aTarLzo+4; ".lzo"|220-27-1-0
52588|data|DCD aNoGzExtensionO; "No .gz extension on a gzip file"|148-28-1-0
52592|data|DCD aTarBz2+4; ".bz2"|208-27-1-0
52596|data|DCD aSSFS; "%s -%s -f %s"|216-28-1-0
52600|data|DCD aBinBzip2; "/bin/bzip2"|160-14-1-0
52604|data|DCD aCompressionOfE; "Compression of empty archive failed"|248-28-1-0
52608|data|DCD aBinGzip; "/bin/gzip"|72-14-1-0
52612|data|DCD aBinLzop; "/bin/lzop"|180-14-1-0
52616|data|DCD aSUSFS; "%s -U -%s -f %s"|232-28-1-0
52620|data|DCD aCouldNotCreate; "Could not create empty archive"|184-28-1-0
52624|code|PUSH            {R4,LR}|16-181
52626|code|CBZ             R0, loc_CDC2|176-177
52628|code|BLX             g_strdup|252-247-164-238
52632|code|LDR             R1, =aSplit_0; "__split__"|20-73
52634|code|MOV             R4, R0|4-70
52636|code|BLX             strstr|252-247-206-236
52640|code|CBZ             R0, loc_CDA6|8-177
52642|code|MOVS            R3, #0|0-35
52644|code|STRB            R3, [R0]|3-112
52646|code|MOV             R0, R4; haystack|32-70
52648|code|LDR             R1, =aTarBz2Nc; ".tar.bz2.nc"|17-73
52650|code|BLX             strstr|252-247-200-236
52654|code|CBZ             R0, loc_CDB4|8-177
52656|code|MOVS            R0, #2|2-32
52658|code|POP             {R4,PC}|16-189
52660|code|MOV             R0, R4; haystack|32-70
52662|code|LDR             R1, =aTarGzNc; ".tar.gz.nc"|15-73
52664|code|BLX             strstr|252-247-192-236
52668|code|CBZ             R0, loc_CDC8|32-177
52670|code|MOVS            R0, #1|1-32
52672|code|POP             {R4,PC}|16-189
52674|code|MOV.W           R0, #0xFFFFFFFF|79-240-255-48
52678|code|POP             {R4,PC}|16-189
52680|code|MOV             R0, R4; haystack|32-70
52682|code|LDR             R1, =aTarLzoNc; ".tar.lzo.nc"|11-73
52684|code|BLX             strstr|252-247-182-236
52688|code|CBZ             R0, loc_CDD6|8-177
52690|code|MOVS            R0, #6|6-32
52692|code|POP             {R4,PC}|16-189
52694|code|MOV             R0, R4; haystack|32-70
52696|code|LDR             R1, =aTarNc; ".tar.nc"|8-73
52698|code|BLX             strstr|252-247-176-236
52702|code|CMP             R0, #0|0-40
52704|code|ITE EQ|12-191
52706|code|MOVEQ.W         R0, #0xFFFFFFFF|79-240-255-48
52710|code|MOVNE           R0, #0|0-32
52712|code|POP             {R4,PC}|16-189
52714|data|ALIGN 4|0-191
52716|data|DCD aSplit_0; "__split__"|136-28-1-0
52720|data|DCD aTarBz2Nc; ".tar.bz2.nc"|64-29-1-0
52724|data|DCD aTarGzNc; ".tar.gz.nc"|76-29-1-0
52728|data|DCD aTarLzoNc; ".tar.lzo.nc"|88-29-1-0
52732|data|DCD aTarNc; ".tar.nc"|100-29-1-0
52736|code|PUSH            {R3,LR}|8-181
52738|code|CBZ             R0, loc_CE16|64-177
52740|code|LDR             R1, =aSplit_0; "__split__"|5-73
52742|code|BLX             strstr|252-247-154-236
52746|code|CMP             R0, #0|0-40
52748|code|ITE EQ|12-191
52750|code|MOVEQ.W         R0, #0xFFFFFFFF|79-240-255-48
52754|code|MOVNE           R0, #5|5-32
52756|code|POP             {R3,PC}|8-189
52758|code|MOV.W           R0, #0xFFFFFFFF|79-240-255-48
52762|code|POP             {R3,PC}|8-189
52764|data|DCD aSplit_0; "__split__"|136-28-1-0
52768|code|PUSH            {R3,LR}|8-181
52770|code|CBZ             R0, loc_CE32|48-177
52772|code|BLX             index|252-247-32-237
52776|code|RSBS.W          R0, R0, #1|208-241-1-0
52780|code|IT CC|56-191
52782|code|MOVCC           R0, #0|0-32
52784|code|POP             {R3,PC}|8-189
52786|code|MOV.W           R0, #0xFFFFFFFF|79-240-255-48
52790|code|POP             {R3,PC}|8-189
52792|code|RSBS.W          R3, R0, #1|208-241-1-3
52796|code|PUSH.W          {R4-R11,LR}|45-233-240-79
52800|code|IT CC|56-191
52802|code|MOVCC           R3, #0|0-35
52804|code|CMP             R2, #0|0-42
52806|code|IT EQ|8-191
52808|code|ORREQ.W         R3, R3, #1|67-240-1-3
52812|code|SUB             SP, SP, #0xC|131-176
52814|code|MOV             R6, R0|6-70
52816|code|MOV             R5, R2|21-70
52818|code|MOV             R8, R1|136-70
52820|code|CMP             R3, #0|0-43
52822|code|BNE             loc_CEC0|51-209
52824|code|CMP             R1, #0|0-41
52826|code|BEQ             loc_CEC4|51-208
52828|code|MOV             R0, R5; s|40-70
52830|code|BLX             strlen|252-247-130-237
52834|code|MOV             R9, R0|129-70
52836|code|MOV             R0, R6; s|48-70
52838|code|BLX             strlen|252-247-126-237
52842|code|MOV             R1, R5; needle|41-70
52844|code|MOV             R4, R0|4-70
52846|code|MOV             R0, R6; haystack|48-70
52848|code|BLX             strstr|252-247-100-236
52852|code|CBZ             R0, loc_CEB8|0-179
52854|code|SUBS            R7, R0, R6|135-27
52856|code|MOV             R0, R6|48-70
52858|code|BLX             g_strdup|252-247-50-238
52862|code|ADD.W           R11, R7, R9|7-235-9-11
52866|code|RSB.W           R4, R11, R4|203-235-4-4
52870|code|MOV.W           R10, #0|79-240-0-10
52874|code|MOV             R9, R0|129-70
52876|code|ADDS            R0, R4, #1|96-28
52878|code|STRB.W          R10, [R9,R7]|9-248-7-160
52882|code|BLX             g_malloc|252-247-96-236
52886|code|ADD.W           R1, R6, R11; src|6-235-11-1
52890|code|MOV             R2, R4; n|34-70
52892|code|MOV             R5, R0|5-70
52894|code|BLX             strncpy|252-247-166-237
52898|code|STRB.W          R10, [R5,R4]|5-248-4-160
52902|code|MOV             R1, R7|57-70
52904|code|LDR             R0, =aSSS_0; "%.*s%s%.*s"|9-72
52906|code|MOV             R2, R9|74-70
52908|code|MOV             R3, R8|67-70
52910|code|STMEA.W         SP, {R4,R5}|141-232-48-0
52914|code|BLX             g_strdup_printf|252-247-38-237
52918|code|MOV             R6, R0|6-70
52920|code|MOV             R0, R6|48-70
52922|code|ADD             SP, SP, #0xC|3-176
52924|code|POP.W           {R4-R11,PC}|189-232-240-143
52928|code|MOVS            R6, #0|0-38
52930|code|B               loc_CEB8|249-231
52932|code|LDR             R0, =aEmpty; "-empty-"|3-72
52934|code|BLX             g_strdup|252-247-12-238
52938|code|MOV             R8, R0|128-70
52940|code|B               loc_CE5C|198-231
52942|data|ALIGN 0x10|0-191
52944|data|DCD aSSS_0; "%.*s%s%.*s"|116-29-1-0
52948|data|DCD aEmpty; "-empty-"|108-29-1-0
52952|code|MOV             R2, #0x91A2B3C5|75-242-197-50-201-242-162-18
52960|code|PUSH            {R4,R5}|48-180
52962|code|SMULL.W         R1, R3, R2, R0|130-251-0-19
52966|code|ASRS            R1, R0, #0x1F|193-23
52968|code|ADDS            R3, R3, R0|27-24
52970|code|RSB.W           R3, R1, R3,ASR#11|193-235-227-35
52974|code|MOV.W           R1, #0xE10|79-244-97-97
52978|code|MLS.W           R3, R1, R3, R0|1-251-19-3
52982|code|SUBS            R3, R0, R3|195-26
52984|code|SMULL.W         R4, R1, R2, R3|130-251-3-65
52988|code|ASRS            R4, R3, #0x1F|220-23
52990|code|ADDS            R1, R1, R3|201-24
52992|code|RSB.W           R1, R4, R1,ASR#11|196-235-225-33
52996|code|CMP.W           R1, #0x3E8|177-245-122-127
53000|code|BGT             loc_CF4C|32-220
53002|code|MOV             R3, #0xFFFFF1F0|79-242-240-19-207-246-255-115
53010|code|MOV             R4, #0x88888889|72-246-137-4-200-246-136-4
53018|code|MLA.W           R0, R3, R1, R0|3-251-1-0
53022|code|SMULL.W         R5, R3, R4, R0|132-251-0-83
53026|code|ASRS            R2, R0, #0x1F|194-23
53028|code|ADDS            R3, R3, R0|27-24
53030|code|RSB.W           R3, R2, R3,ASR#5|194-235-99-19
53034|code|RSB.W           R3, R3, R3,LSL#4|195-235-3-19
53038|code|LSLS            R3, R3, #2|155-0
53040|code|SMULL.W         R5, R2, R4, R3|132-251-3-82
53044|code|ASRS            R5, R3, #0x1F|221-23
53046|code|ADDS            R2, R2, R3|210-24
53048|code|RSB.W           R2, R5, R2,ASR#5|197-235-98-18
53052|code|SUB.W           R3, R2, R2,LSL#4|162-235-2-19
53056|code|ADD.W           R3, R0, R3,LSL#2|0-235-131-3
53060|code|LDR             R0, =aD2d2d; "%d:%.2d:%.2d"|3-72
53062|code|POP             {R4,R5}|48-188
53064|code|B.W             j_g_strdup_printf|252-247-216-188
53068|code|LDR             R0, =a10000000s; ">1000:00:00s"|2-72
53070|code|POP             {R4,R5}|48-188
53072|code|B.W             j_g_strdup|252-247-196-189
53076|data|DCD aD2d2d; "%d:%.2d:%.2d"|144-29-1-0
53080|data|DCD a10000000s; ">1000:00:00s"|128-29-1-0
53084|code|PUSH            {R3-R5,LR}|56-181
53086|code|MOV             R4, R1|12-70
53088|code|MOV             R5, R0|5-70
53090|code|LDR             R0, [R0]; s|0-104
53092|code|BLX             fputs|252-247-224-237
53096|code|MOV             R1, R4; stream|33-70
53098|code|MOVS            R0, #0xA; c|10-32
53100|code|BLX             fputc|252-247-146-237
53104|code|MOV             R1, R4; stream|33-70
53106|code|LDR             R0, [R5,#4]; s|104-104
53108|code|BLX             fputs|252-247-216-237
53112|code|MOV             R1, R4; stream|33-70
53114|code|MOVS            R0, #0xA; c|10-32
53116|code|BLX             fputc|252-247-138-237
53120|code|MOV             R1, R4; stream|33-70
53122|code|LDR             R0, [R5,#8]; s|168-104
53124|code|BLX             fputs|252-247-208-237
53128|code|MOV             R1, R4; stream|33-70
53130|code|MOVS            R0, #0xA; c|10-32
53132|code|BLX             fputc|252-247-130-237
53136|code|MOV             R1, R4; stream|33-70
53138|code|LDR             R0, [R5,#0xC]; s|232-104
53140|code|BLX             fputs|252-247-200-237
53144|code|MOV             R1, R4; stream|33-70
53146|code|MOVS            R0, #0xA; c|10-32
53148|code|BLX             fputc|252-247-122-237
53152|code|MOV             R1, R4; stream|33-70
53154|code|LDR             R0, [R5,#0x10]; s|40-105
53156|code|BLX             fputs|252-247-192-237
53160|code|MOV             R1, R4; stream|33-70
53162|code|MOVS            R0, #0xA; c|10-32
53164|code|BLX             fputc|252-247-114-237
53168|code|MOV             R1, R4; stream|33-70
53170|code|LDR             R0, [R5,#0x14]; s|104-105
53172|code|BLX             fputs|252-247-184-237
53176|code|MOV             R1, R4; stream|33-70
53178|code|MOVS            R0, #0xA; c|10-32
53180|code|BLX             fputc|252-247-106-237
53184|code|MOV             R1, R4; stream|33-70
53186|code|LDR             R0, [R5,#0x18]; s|168-105
53188|code|BLX             fputs|252-247-176-237
53192|code|MOV             R1, R4; stream|33-70
53194|code|MOVS            R0, #0xA; c|10-32
53196|code|BLX             fputc|252-247-98-237
53200|code|MOV             R1, R4; stream|33-70
53202|code|LDR             R0, [R5,#0x1C]; s|232-105
53204|code|BLX             fputs|252-247-168-237
53208|code|MOV             R1, R4; stream|33-70
53210|code|MOVS            R0, #0xA; c|10-32
53212|code|BLX             fputc|252-247-90-237
53216|code|MOV             R0, R4; stream|32-70
53218|code|BLX             fflush|252-247-208-235
53222|code|MOVS            R0, #0|0-32
53224|code|POP             {R3-R5,PC}|56-189
53226|data|ALIGN 4|0-191
53228|code|PUSH            {R3-R7,LR}|248-181
53230|code|MOV             R4, R0|4-70
53232|code|LDR             R0, =aHdup; "HDUP"|29-72
53234|code|MOV             R5, R1|13-70
53236|code|MOV             R6, R2|22-70
53238|code|MOV             R7, R3|31-70
53240|code|BLX             g_strdup|252-247-114-237
53244|code|MOV             R3, R0|3-70
53246|code|LDR             R0, =aV2; "v2"|27-72
53248|code|STR             R3, [R4]|35-96
53250|code|BLX             g_strdup|252-247-110-237
53254|code|LDR             R3, [R5]|43-104
53256|code|STR             R0, [R4,#4]|96-96
53258|code|MOV             R0, R3|24-70
53260|code|BLX             g_strdup|252-247-104-237
53264|code|LDR             R3, =off_1B8AC; "daily"|23-75
53266|code|STR             R0, [R4,#8]|160-96
53268|code|LDR.W           R0, [R3,R6,LSL#2]|83-248-38-0
53272|code|BLX             g_strdup|252-247-98-237
53276|code|LDR.W           R3, [R5,#0xC20]|213-248-32-60
53280|code|STR             R0, [R4,#0xC]|224-96
53282|code|MOV             R0, R3|24-70
53284|code|BLX             g_strdup|252-247-92-237
53288|code|LDR.W           R3, [R5,#0xC1C]|213-248-28-60
53292|code|STR             R0, [R4,#0x10]|32-97
53294|code|MOV             R0, R3|24-70
53296|code|BLX             g_strdup|252-247-86-237
53300|code|LDR.W           R3, [R5,#0xC14]|213-248-20-60
53304|code|STR             R0, [R4,#0x14]|96-97
53306|code|CBZ             R3, loc_D05E|131-177
53308|code|LDR             R0, =(aToday+4); "y"|13-72
53310|code|BLX             g_strdup|252-247-80-237
53314|code|STR             R0, [R4,#0x18]|160-97
53316|code|CBZ             R7, loc_D052|47-177
53318|code|MOV             R0, R7|56-70
53320|code|BLX             g_strdup|252-247-74-237
53324|code|STR             R0, [R4,#0x1C]|224-97
53326|code|MOVS            R0, #0|0-32
53328|code|POP             {R3-R7,PC}|248-189
53330|code|LDR             R0, =unk_11B80|9-72
53332|code|BLX             g_strdup|252-247-68-237
53336|code|STR             R0, [R4,#0x1C]|224-97
53338|code|MOVS            R0, #0|0-32
53340|code|POP             {R3-R7,PC}|248-189
53342|code|LDR             R0, =(aBytesWritten+0xC); "n"|7-72
53344|code|BLX             g_strdup|252-247-62-237
53348|code|STR             R0, [R4,#0x18]|160-97
53350|code|B               loc_D044|237-231
53352|data|DCD aHdup; "HDUP"|160-29-1-0
53356|data|DCD aV2; "v2"|168-29-1-0
53360|data|DCD off_1B8AC; "daily"|172-184-1-0
53364|data|DCD aToday+4; "y"|32-19-1-0
53368|data|DCD unk_11B80|128-27-1-0
53372|data|DCD aBytesWritten+0xC; "n"|200-20-1-0
53376|code|PUSH            {R4,R5,LR}|48-181
53378|code|MOVS            R5, #0|0-37
53380|code|SUB             SP, SP, #0x94|165-176
53382|code|MOVS            R4, #1|1-36
53384|code|ADD             R0, SP, #8|2-168
53386|code|STR             R4, [SP,#4]|1-148
53388|code|STR             R5, [SP,#0x88]|34-149
53390|code|BLX             sigfillset|252-247-130-236
53394|code|ADD             R1, SP, #4|1-169
53396|code|MOV             R2, R5|42-70
53398|code|MOVS            R0, #0xD|13-32
53400|code|BLX             sigaction|252-247-242-235
53404|code|MOVW            R2, #0xBA40|75-246-64-34
53408|code|MOVW            R3, #0xBA5C|75-246-92-35
53412|code|MOVT.W          R2, #1|192-242-1-2
53416|code|MOVT.W          R3, #1|192-242-1-3
53420|code|MOVW            R1, #0x9DC|64-246-220-17
53424|code|LDR             R0, [R2]|16-104
53426|code|MOVT.W          R1, #1|192-242-1-1
53430|code|LDR             R2, [R3]|26-104
53432|code|MOV             R3, #0x11DAC|65-246-172-83-192-242-1-3
53440|code|BLX             fprintf|252-247-98-236
53444|code|MOV             R3, #0x1BA80|75-246-128-35-192-242-1-3
53452|code|STR             R4, [R3]|28-96
53454|code|ADD             SP, SP, #0x94|37-176
53456|code|POP             {R4,R5,PC}|48-189
53458|data|ALIGN 4|0-191
53460|code|MOVW            R0, #0xBA40|75-246-64-32
53464|code|MOVW            R2, #0xBA5C|75-246-92-34
53468|code|MOVT.W          R0, #1|192-242-1-0
53472|code|MOVT.W          R2, #1|192-242-1-2
53476|code|PUSH            {R3,LR}|8-181
53478|code|MOVW            R1, #0x9DC|64-246-220-17
53482|code|LDR             R2, [R2]|18-104
53484|code|MOVW            R3, #0x1DCC|65-246-204-83
53488|code|LDR             R0, [R0]|0-104
53490|code|MOVT.W          R3, #1|192-242-1-3
53494|code|MOVT.W          R1, #1|192-242-1-1
53498|code|BLX             fprintf|252-247-70-236
53502|code|MOV             R3, #0x1BA78|75-246-120-35-192-242-1-3
53510|code|MOVS            R2, #1|1-34
53512|code|STR             R2, [R3]|26-96
53514|code|POP             {R3,PC}|8-189
53516|code|MOVW            R0, #0xBA40|75-246-64-32
53520|code|MOVW            R2, #0xBA5C|75-246-92-34
53524|code|MOVT.W          R0, #1|192-242-1-0
53528|code|MOVT.W          R2, #1|192-242-1-2
53532|code|PUSH            {R3,LR}|8-181
53534|code|MOVW            R1, #0x9DC|64-246-220-17
53538|code|LDR             R2, [R2]|18-104
53540|code|MOVW            R3, #0x1DEC|65-246-236-83
53544|code|LDR             R0, [R0]|0-104
53546|code|MOVT.W          R3, #1|192-242-1-3
53550|code|MOVT.W          R1, #1|192-242-1-1
53554|code|BLX             fprintf|252-247-42-236
53558|code|MOV             R3, #0x1BA7C|75-246-124-35-192-242-1-3
53566|code|MOVS            R2, #1|1-34
53568|code|STR             R2, [R3]|26-96
53570|code|POP             {R3,PC}|8-189
53572|code|PUSH            {R3-R7,LR}|248-181
53574|code|MOV             R5, R0|5-70
53576|code|LDR             R6, =off_1B8AC; "daily"|32-78
53578|code|LDR             R4, [R6]; "daily"|52-104
53580|code|MOV             R0, R4; s|32-70
53582|code|BLX             strlen|252-247-10-236
53586|code|MOV             R1, R4; s2|33-70
53588|code|MOV             R2, R0; n|2-70
53590|code|MOV             R0, R5; s1|40-70
53592|code|BLX             strncmp|252-247-236-236
53596|code|LDR             R7, [R6,#(off_1B8B0 - 0x1B8AC)]; "weekly"|119-104
53598|code|CMP             R0, #0|0-40
53600|code|ITE EQ|12-191
53602|code|MOVEQ           R4, R0|4-70
53604|code|MOVNE.W         R4, #0xFFFFFFFF|79-240-255-52
53608|code|MOV             R0, R7; s|56-70
53610|code|BLX             strlen|252-247-252-235
53614|code|MOV             R1, R7; s2|57-70
53616|code|MOV             R2, R0; n|2-70
53618|code|MOV             R0, R5; s1|40-70
53620|code|BLX             strncmp|252-247-222-236
53624|code|LDR             R7, [R6,#(off_1B8B4 - 0x1B8AC)]; "monthly"|183-104
53626|code|CMP             R0, #0|0-40
53628|code|IT EQ|8-191
53630|code|MOVEQ           R4, #1|1-36
53632|code|MOV             R0, R7; s|56-70
53634|code|BLX             strlen|252-247-240-235
53638|code|MOV             R1, R7; s2|57-70
53640|code|MOV             R2, R0; n|2-70
53642|code|MOV             R0, R5; s1|40-70
53644|code|BLX             strncmp|252-247-210-236
53648|code|LDR             R7, [R6,#(off_1B8B8 - 0x1B8AC)]; "remote"|247-104
53650|code|CMP             R0, #0|0-40
53652|code|IT EQ|8-191
53654|code|MOVEQ           R4, #2|2-36
53656|code|MOV             R0, R7; s|56-70
53658|code|BLX             strlen|252-247-228-235
53662|code|MOV             R1, R7; s2|57-70
53664|code|MOV             R2, R0; n|2-70
53666|code|MOV             R0, R5; s1|40-70
53668|code|BLX             strncmp|252-247-198-236
53672|code|LDR             R6, [R6,#(off_1B8BC - 0x1B8AC)]; "restore"|54-105
53674|code|CMP             R0, #0|0-40
53676|code|IT EQ|8-191
53678|code|MOVEQ           R4, #3|3-36
53680|code|MOV             R0, R6; s|48-70
53682|code|BLX             strlen|252-247-216-235
53686|code|MOV             R1, R6; s2|49-70
53688|code|MOV             R2, R0; n|2-70
53690|code|MOV             R0, R5; s1|40-70
53692|code|BLX             strncmp|252-247-186-236
53696|code|CMP             R0, #0|0-40
53698|code|IT EQ|8-191
53700|code|MOVEQ           R4, #4|4-36
53702|code|MOV             R0, R4|32-70
53704|code|POP             {R3-R7,PC}|248-189
53706|data|ALIGN 4|0-191
53708|data|DCD off_1B8AC; "daily"|172-184-1-0
53712|code|PUSH            {R4,LR}|16-181
53714|code|MOVS            R2, #4; n|4-34
53716|code|MOV             R4, R0|4-70
53718|code|SUB             SP, SP, #8|130-176
53720|code|LDR             R1, =aHdup; "HDUP"|37-73
53722|code|LDR             R0, [R0]; s1|0-104
53724|code|BLX             strncmp|252-247-170-236
53728|code|CMP             R0, #0|0-40
53730|code|BNE             loc_D234|39-209
53732|code|LDR             R0, [R4,#4]; s1|96-104
53734|code|MOVS            R2, #2; n|2-34
53736|code|LDR             R1, =aV2; "v2"|34-73
53738|code|BLX             strncmp|252-247-164-236
53742|code|CMP             R0, #0|0-40
53744|code|BNE             loc_D25C|52-209
53746|code|LDR             R3, [R4,#0x18]|163-105
53748|code|LDRB            R3, [R3]|27-120
53750|code|CMP             R3, #0x6E ; 'n'|110-43
53752|code|BEQ             loc_D1FE|1-208
53754|code|CMP             R3, #0x79 ; 'y'|121-43
53756|code|BNE             loc_D248|36-209
53758|code|LDR             R4, [R4,#0xC]|228-104
53760|code|MOV             R0, R4|32-70
53762|code|BL              sub_D144|255-247-159-255
53766|code|SUB.W           R2, R0, #0xFFFFFFFF|160-241-255-50
53770|code|NEGS            R3, R2|83-66
53772|code|ADC.W           R3, R3, R2|67-235-2-3
53776|code|CMP             R0, #3|3-40
53778|code|ITE NE|20-191
53780|code|MOVNE           R0, R3|24-70
53782|code|ORREQ.W         R0, R3, #1|67-240-1-0
53786|code|CBZ             R0, loc_D230|72-177
53788|code|LDR             R3, =stderr|22-75
53790|code|LDR             R1, =aSWarningSS; "%s: WARNING: %s %s!\n"|23-73
53792|code|LDR             R0, [R3]; stream|24-104
53794|code|LDR             R3, =dword_1BA5C|23-75
53796|code|LDR             R2, [R3]|26-104
53798|code|LDR             R3, =aProtocolScheme; "Protocol: scheme error:"|23-75
53800|code|STR             R4, [SP,#0x10+var_10]|0-148
53802|code|BLX             fprintf|252-247-174-235
53806|code|MOVS            R0, #1|1-32
53808|code|ADD             SP, SP, #8|2-176
53810|code|POP             {R4,PC}|16-189
53812|code|LDR             R3, =stderr|16-75
53814|code|LDR             R1, =aSWarningS; "%s: WARNING: %s!\n"|20-73
53816|code|LDR             R0, [R3]; stream|24-104
53818|code|LDR             R3, =dword_1BA5C|17-75
53820|code|LDR             R2, [R3]|26-104
53822|code|LDR             R3, =aProtocolNameMi; "Protocol: name mismatch"|19-75
53824|code|BLX             fprintf|252-247-162-235
53828|code|MOVS            R0, #1|1-32
53830|code|B               loc_D230|243-231
53832|code|LDR             R3, =stderr|11-75
53834|code|LDR             R1, =aSWarningS; "%s: WARNING: %s!\n"|15-73
53836|code|LDR             R0, [R3]; stream|24-104
53838|code|LDR             R3, =dword_1BA5C|12-75
53840|code|LDR             R2, [R3]|26-104
53842|code|LDR             R3, =aProtocolEncryp; "Protocol: encryption must be 'n' or 'y'"|15-75
53844|code|BLX             fprintf|252-247-152-235
53848|code|MOVS            R0, #1|1-32
53850|code|B               loc_D230|233-231
53852|code|LDR             R3, =stderr|6-75
53854|code|LDR             R1, =aSWarningS; "%s: WARNING: %s!\n"|10-73
53856|code|LDR             R0, [R3]; stream|24-104
53858|code|LDR             R3, =dword_1BA5C|7-75
53860|code|LDR             R2, [R3]|26-104
53862|code|LDR             R3, =aProtocolVersio; "Protocol: version mismatch"|11-75
53864|code|BLX             fprintf|252-247-142-235
53868|code|MOVS            R0, #1|1-32
53870|code|B               loc_D230|223-231
53872|data|DCD aHdup; "HDUP"|160-29-1-0
53876|data|DCD aV2; "v2"|168-29-1-0
53880|data|DCD stderr|64-186-1-0
53884|data|DCD aSWarningSS; "%s: WARNING: %s %s!\n"|204-18-1-0
53888|data|DCD dword_1BA5C|92-186-1-0
53892|data|DCD aProtocolScheme; "Protocol: scheme error:"|112-30-1-0
53896|data|DCD aSWarningS; "%s: WARNING: %s!\n"|220-9-1-0
53900|data|DCD aProtocolNameMi; "Protocol: name mismatch"|20-30-1-0
53904|data|DCD aProtocolEncryp; "Protocol: encryption must be 'n' or 'y'"|72-30-1-0
53908|data|DCD aProtocolVersio; "Protocol: version mismatch"|44-30-1-0
53912|code|PUSH            {R4-R6,LR}|112-181
53914|code|MOV             R4, R1|12-70
53916|code|MOV             R5, R2|21-70
53918|code|MOV             R6, R0|6-70
53920|code|MOV             R0, R4; fp|32-70
53922|code|BLX             _IO_getc|252-247-154-234
53926|code|ADDS            R1, R0, #1|65-28
53928|code|BEQ             loc_D2BA|7-208
53930|code|CMP             R0, #0xA|10-40
53932|code|BEQ             loc_D2BE|7-208
53934|code|SUBS            R5, #1|1-61
53936|code|STRB.W          R0, [R6],#1|6-248-1-11
53940|code|BPL             loc_D2A0|244-213
53942|code|MOVS            R0, #1|1-32
53944|code|POP             {R4-R6,PC}|112-189
53946|code|MOVS            R0, #1|1-32
53948|code|POP             {R4-R6,PC}|112-189
53950|code|MOVS            R0, #0|0-32
53952|code|STRB            R0, [R6]|48-112
53954|code|POP             {R4-R6,PC}|112-189
53956|code|PUSH.W          {R4-R8,LR}|45-233-240-65
53960|code|MOV             R8, R0|128-70
53962|code|SUB             SP, SP, #8|130-176
53964|code|LDR             R5, =dword_1B8C0|14-77
53966|code|MOV             R4, R0|4-70
53968|code|LDR             R7, =stderr|14-79
53970|code|LDR             R6, =dword_1BA5C|15-78
53972|code|B               loc_D2DA|1-224
53974|code|MOVS            R3, #0x5F ; '_'|95-35
53976|code|STRB            R3, [R4]|35-112
53978|code|MOV             R0, R4; s|32-70
53980|code|LDR             R1, =a1234567890Abcd; ":1234567890@-_=+./\\ %\\&|\tabcdefghijk"...|13-73
53982|code|BLX             strspn|252-247-84-236
53986|code|ADDS            R4, R4, R0|36-24
53988|code|LDRB            R0, [R4]|32-120
53990|code|CBZ             R0, loc_D300|88-177
53992|code|LDR             R3, [R5]|43-104
53994|code|CMP             R3, #1|1-43
53996|code|BGT             loc_D2D6|243-220
53998|code|LDR             R0, [R7]; stream|56-104
54000|code|LDR             R2, [R6]|50-104
54002|code|LDR             R1, =unk_11E88; format|9-73
54004|code|LDR             R3, =aSanitizing; "sanitizing"|9-75
54006|code|STR.W           R8, [SP,#0x20+var_20]|205-248-0-128
54010|code|BLX             fprintf|252-247-70-235
54014|code|B               loc_D2D6|234-231
54016|code|ADD             SP, SP, #8|2-176
54018|code|POP.W           {R4-R8,PC}|189-232-240-129
54022|data|ALIGN 4|0-191
54024|data|DCD dword_1B8C0|192-184-1-0
54028|data|DCD stderr|64-186-1-0
54032|data|DCD dword_1BA5C|92-186-1-0
54036|data|DCD a1234567890Abcd; ":1234567890@-_=+./\\ %\\&|\tabcdefghijk"...|140-8-1-0
54040|data|DCD unk_11E88|136-30-1-0
54044|data|DCD aSanitizing; "sanitizing"|152-30-1-0
54048|code|PUSH            {R3-R5,LR}|56-181
54050|code|MOVS            R2, #4|4-34
54052|code|MOV             R4, R0|4-70
54054|code|MOV             R5, R1|13-70
54056|code|LDR             R0, [R0]|0-104
54058|code|BL              sub_D298|255-247-181-255
54062|code|MOV             R1, R5|41-70
54064|code|MOVS            R2, #4|4-34
54066|code|LDR             R0, [R4,#4]|96-104
54068|code|BL              sub_D298|255-247-176-255
54072|code|MOV             R1, R5|41-70
54074|code|LDR             R0, [R4,#8]|160-104
54076|code|MOV.W           R2, #0x1000|79-244-128-82
54080|code|BL              sub_D298|255-247-170-255
54084|code|MOV             R1, R5|41-70
54086|code|MOVS            R2, #8|8-34
54088|code|LDR             R0, [R4,#0xC]|224-104
54090|code|BL              sub_D298|255-247-165-255
54094|code|MOV             R1, R5|41-70
54096|code|MOVS            R2, #0xB|11-34
54098|code|LDR             R0, [R4,#0x10]|32-105
54100|code|BL              sub_D298|255-247-160-255
54104|code|MOV             R1, R5|41-70
54106|code|MOVS            R2, #5|5-34
54108|code|LDR             R0, [R4,#0x14]|96-105
54110|code|BL              sub_D298|255-247-155-255
54114|code|MOV             R1, R5|41-70
54116|code|MOVS            R2, #1|1-34
54118|code|LDR             R0, [R4,#0x18]|160-105
54120|code|BL              sub_D298|255-247-150-255
54124|code|MOV             R1, R5|41-70
54126|code|MOV.W           R2, #0x1000|79-244-128-82
54130|code|LDR             R0, [R4,#0x1C]|224-105
54132|code|BL              sub_D298|255-247-144-255
54136|code|LDR             R0, [R4]; s|32-104
54138|code|BL              sub_D2C4|255-247-163-255
54142|code|LDR             R0, [R4,#4]; s|96-104
54144|code|BL              sub_D2C4|255-247-160-255
54148|code|LDR             R0, [R4,#8]; s|160-104
54150|code|BL              sub_D2C4|255-247-157-255
54154|code|LDR             R0, [R4,#0xC]; s|224-104
54156|code|BL              sub_D2C4|255-247-154-255
54160|code|LDR             R0, [R4,#0x10]; s|32-105
54162|code|BL              sub_D2C4|255-247-151-255
54166|code|LDR             R0, [R4,#0x14]; s|96-105
54168|code|BL              sub_D2C4|255-247-148-255
54172|code|LDR             R0, [R4,#0x18]; s|160-105
54174|code|BL              sub_D2C4|255-247-145-255
54178|code|LDR             R0, [R4,#0x1C]; s|224-105
54180|code|BL              sub_D2C4|255-247-142-255
54184|code|MOVS            R0, #0|0-32
54186|code|POP             {R3-R5,PC}|56-189
54188|code|PUSH            {R4,R5,LR}|48-181
54190|code|MOV             R4, R0|4-70
54192|code|SUB             SP, SP, #0xC|131-176
54194|code|MOVS            R0, #0x60 ; '`'|96-32
54196|code|BLX             g_malloc|252-247-206-233
54200|code|MOV             R5, R0|5-70
54202|code|CMP             R4, #0|0-44
54204|code|BEQ             loc_D3FA|29-208
54206|code|MOV             R0, R4|32-70
54208|code|MOV             R1, R5|41-70
54210|code|BLX             statvfs64|252-247-32-235
54214|code|CBNZ            R0, loc_D3FA|192-185
54216|code|LDR             R3, [R5]|43-104
54218|code|LDR             R4, [R5,#0x18]|172-105
54220|code|LDR             R1, [R5,#0x1C]|233-105
54222|code|LDR             R2, =dword_1B8C0|13-74
54224|code|UMULL.W         R4, R5, R4, R3|164-251-3-69
54228|code|LDR             R2, [R2]|18-104
54230|code|CMP             R2, #1|1-42
54232|code|MLA.W           R5, R3, R1, R5|3-251-1-85
54236|code|BLE             loc_D3E6|3-221
54238|code|MOV             R0, R4|32-70
54240|code|MOV             R1, R5|41-70
54242|code|ADD             SP, SP, #0xC|3-176
54244|code|POP             {R4,R5,PC}|48-189
54246|code|LDR             R3, =stderr|8-75
54248|code|STRD.W          R4, R5, [SP,#0x18+var_18]|205-233-0-69
54252|code|LDR             R1, =aSFreePartition; "%s: Free partition space: %lld.\n"|7-73
54254|code|LDR             R0, [R3]; stream|24-104
54256|code|LDR             R3, =dword_1BA5C|7-75
54258|code|LDR             R2, [R3]|26-104
54260|code|BLX             fprintf|252-247-200-234
54264|code|B               loc_D3DE|241-231
54266|code|MOV.W           R4, #0xFFFFFFFF|79-240-255-52
54270|code|MOV.W           R5, #0xFFFFFFFF|79-240-255-53
54274|code|B               loc_D3DE|236-231
54276|data|DCD dword_1B8C0|192-184-1-0
54280|data|DCD stderr|64-186-1-0
54284|data|DCD aSFreePartition; "%s: Free partition space: %lld.\n"|164-30-1-0
54288|data|DCD dword_1BA5C|92-186-1-0
54292|code|PUSH            {R3-R5,LR}|56-181
54294|code|LDRB            R3, [R0]|3-120
54296|code|CMP             R3, #0|0-43
54298|code|BEQ             loc_D4B2|74-208
54300|code|MOV             R4, R0|4-70
54302|code|SUBS            R3, #0x47 ; 'G'; switch 39 cases|71-59
54304|code|CMP             R3, #0x26|38-43
54306|code|BHI             def_D424; jumptable 0000D424 default case, cases 72-74,76,78-102,104-106,108|66-216
54308|code|TBB.W           [PC,R3]; switch jump|223-232-3-240
54312|data|DCB 0x32; jump table for switch statement|50
54313|data|DCB 0x41|65
54314|data|DCB 0x41|65
54315|data|DCB 0x41|65
54316|data|DCB 0x23|35
54317|data|DCB 0x41|65
54318|data|DCB 0x14|20
54319|data|DCB 0x41|65
54320|data|DCB 0x41|65
54321|data|DCB 0x41|65
54322|data|DCB 0x41|65
54323|data|DCB 0x41|65
54324|data|DCB 0x41|65
54325|data|DCB 0x41|65
54326|data|DCB 0x41|65
54327|data|DCB 0x41|65
54328|data|DCB 0x41|65
54329|data|DCB 0x41|65
54330|data|DCB 0x41|65
54331|data|DCB 0x41|65
54332|data|DCB 0x41|65
54333|data|DCB 0x41|65
54334|data|DCB 0x41|65
54335|data|DCB 0x41|65
54336|data|DCB 0x41|65
54337|data|DCB 0x41|65
54338|data|DCB 0x41|65
54339|data|DCB 0x41|65
54340|data|DCB 0x41|65
54341|data|DCB 0x41|65
54342|data|DCB 0x41|65
54343|data|DCB 0x41|65
54344|data|DCB 0x32|50
54345|data|DCB 0x41|65
54346|data|DCB 0x41|65
54347|data|DCB 0x41|65
54348|data|DCB 0x23|35
54349|data|DCB 0x41|65
54350|data|DCB 0x14|20
54351|data|ALIGN 2|0
54352|code|MOVS            R1, #0; jumptable 0000D424 cases 77,109|0-33
54354|code|MOVS            R2, #0xA; base|10-34
54356|code|STRB            R1, [R4]|33-112
54358|code|MOVS            R5, #0x4D ; 'M'|77-37
54360|code|BLX             strtol|252-247-130-233
54364|code|STRB            R5, [R4]|37-112
54366|code|ASRS            R1, R0, #0x1F|193-23
54368|code|LSLS            R2, R0, #0x14|2-5
54370|code|LSLS            R3, R1, #0x14|11-5
54372|code|ORR.W           R3, R3, R0,LSR#12|67-234-16-51
54376|code|MOV             R0, R2; nptr|16-70
54378|code|MOV             R1, R3|25-70
54380|code|POP             {R3-R5,PC}|56-189
54382|code|MOVS            R1, #0; jumptable 0000D424 cases 75,107|0-33
54384|code|MOVS            R2, #0xA; base|10-34
54386|code|STRB            R1, [R4]|33-112
54388|code|MOVS            R5, #0x4B ; 'K'|75-37
54390|code|BLX             strtol|252-247-116-233
54394|code|STRB            R5, [R4]|37-112
54396|code|ASRS            R1, R0, #0x1F|193-23
54398|code|LSLS            R2, R0, #0xA|130-2
54400|code|LSLS            R3, R1, #0xA|139-2
54402|code|ORR.W           R3, R3, R0,LSR#22|67-234-144-83
54406|code|MOV             R0, R2; nptr|16-70
54408|code|MOV             R1, R3|25-70
54410|code|POP             {R3-R5,PC}|56-189
54412|code|MOVS            R1, #0; jumptable 0000D424 cases 71,103|0-33
54414|code|MOVS            R2, #0xA; base|10-34
54416|code|STRB            R1, [R4]|33-112
54418|code|MOVS            R5, #0x47 ; 'G'|71-37
54420|code|BLX             strtol|252-247-100-233
54424|code|STRB            R5, [R4]|37-112
54426|code|ASRS            R1, R0, #0x1F|193-23
54428|code|LSLS            R2, R0, #0x1E|130-7
54430|code|LSLS            R3, R1, #0x1E|139-7
54432|code|ORR.W           R3, R3, R0,LSR#2|67-234-144-3
54436|code|MOV             R0, R2; nptr|16-70
54438|code|MOV             R1, R3|25-70
54440|code|POP             {R3-R5,PC}|56-189
54442|code|LDRB.W          R3, [R4,#1]!; jumptable 0000D424 default case, cases 72-74,76,78-102,104-106,108|20-248-1-63
54446|code|CMP             R3, #0|0-43
54448|code|BNE             loc_D41E|181-209
54450|code|MOVS            R2, #0xA; base|10-34
54452|code|MOVS            R1, #0; endptr|0-33
54454|code|BLX             strtol|252-247-84-233
54458|code|MOV             R2, R0|2-70
54460|code|ASRS            R3, R0, #0x1F|195-23
54462|code|B               loc_D468|211-231
54464|code|PUSH.W          {R4-R9,LR}|45-233-240-67
54468|code|MOVS            R2, #0|0-34
54470|code|SUB             SP, SP, #0x14|133-176
54472|code|MOV             R4, R0|4-70
54474|code|MOV             R6, R1|14-70
54476|code|LDR.W           R0, [R0,#0xC28]|208-248-40-12
54480|code|LDR             R1, =aLock; "/LOCK"|147-73
54482|code|BLX             g_strconcat|252-247-234-233
54486|code|MOV             R5, R0|5-70
54488|code|CMP             R0, #0|0-40
54490|code|BEQ             loc_D588|85-208
54492|code|LDR             R3, =dword_1BA70|145-75
54494|code|LDR             R3, [R3]|27-104
54496|code|CBZ             R3, loc_D4F6|75-177
54498|code|CMP             R6, #0|0-46
54500|code|BNE             loc_D56A|65-209
54502|code|LDR             R3, =dword_1B8C0|144-75
54504|code|LDR             R3, [R3]|27-104
54506|code|CMP             R3, #0|0-43
54508|code|BLE             loc_D5D6|115-221
54510|code|MOVS            R0, #0|0-32
54512|code|ADD             SP, SP, #0x14|5-176
54514|code|POP.W           {R4-R9,PC}|189-232-240-131
54518|code|CBNZ            R6, loc_D53A|6-187
54520|code|MOVS            R1, #0xC0|192-33
54522|code|MOV             R0, R5|40-70
54524|code|MOV.W           R2, #0x180|79-244-192-114
54528|code|BLX             open64|252-247-234-233
54532|code|ADDS            R0, #1|1-48
54534|code|BEQ.W           loc_D612|0-240-132-128
54538|code|LDR.W           R3, [R4,#0xC50]|212-248-80-60
54542|code|CBZ             R3, loc_D52A|99-177
54544|code|MOV             R0, R5|40-70
54546|code|BL              sub_D3AC|255-247-75-255
54550|code|MOV             R6, R0|6-70
54552|code|LDR.W           R0, [R4,#0xC50]|212-248-80-12
54556|code|MOV             R7, R1|15-70
54558|code|BL              sub_D414|255-247-121-255
54562|code|CMP             R6, R0|134-66
54564|code|SBCS.W          R3, R7, R1|119-235-1-3
54568|code|BLT             loc_D5E8|94-219
54570|code|LDR             R3, =dword_1B8C0|127-75
54572|code|LDR             R3, [R3]|27-104
54574|code|CMP             R3, #0|0-43
54576|code|BLE             loc_D5C4|72-221
54578|code|MOV             R0, R5|40-70
54580|code|BLX             g_free|252-247-26-233
54584|code|B               loc_D4EE|217-231
54586|code|CMP             R6, #1|1-46
54588|code|BNE             loc_D532|249-209
54590|code|MOV             R0, R5|40-70
54592|code|MOV             R1, R6|49-70
54594|code|BLX             g_file_test|252-247-224-234
54598|code|CMP             R0, #0|0-40
54600|code|BEQ             loc_D5AC|48-208
54602|code|MOV             R0, R5|40-70
54604|code|BL              sub_CBBC|255-247-54-251
54608|code|LDR             R3, =dword_1B8C0|117-75
54610|code|LDR             R3, [R3]|27-104
54612|code|CMP             R3, #0|0-43
54614|code|BGT             loc_D532|236-220
54616|code|LDR             R3, =stderr|116-75
54618|code|LDR             R1, =aSS; "%s: %s.\n"|117-73
54620|code|LDR             R0, [R3]; stream|24-104
54622|code|LDR             R3, =dword_1BA5C|117-75
54624|code|LDR             R2, [R3]|26-104
54626|code|LDR             R3, =aRemovingLock; "Removing LOCK"|117-75
54628|code|BLX             fprintf|252-247-16-234
54632|code|B               loc_D532|227-231
54634|code|CMP             R6, #1|1-46
54636|code|BNE             loc_D4EE|191-209
54638|code|LDR             R3, =dword_1B8C0|110-75
54640|code|LDR             R3, [R3]|27-104
54642|code|CMP             R3, #0|0-43
54644|code|BGT             loc_D4EE|187-220
54646|code|LDR             R3, =stderr|109-75
54648|code|LDR             R1, =aSS; "%s: %s.\n"|109-73
54650|code|LDR             R0, [R3]; stream|24-104
54652|code|LDR             R3, =dword_1BA5C|109-75
54654|code|LDR             R2, [R3]|26-104
54656|code|LDR             R3, =aFakingLockRemo; "Faking LOCK removal"|110-75
54658|code|BLX             fprintf|252-247-2-234
54662|code|B               loc_D4EE|178-231
54664|code|LDR             R3, =dword_1BA58|109-75
54666|code|LDR             R3, [R3]|27-104
54668|code|CMP             R3, #1|1-43
54670|code|BEQ             loc_D644|89-208
54672|code|LDR             R3, =stderr|102-75
54674|code|LDR             R1, =aSFatalS; "%s: FATAL: %s.\n"|108-73
54676|code|LDR             R0, [R3]; stream|24-104
54678|code|LDR             R3, =dword_1BA5C|103-75
54680|code|LDR             R2, [R3]|26-104
54682|code|LDR             R3, =aInternalErrorC; "Internal error. Could not get LOCK"|107-75
54684|code|BLX             fprintf|252-247-244-233
54688|code|MOV.W           R0, #0xFFFFFFFF|79-240-255-48
54692|code|MOVS            R1, #0|0-33
54694|code|BL              sub_D788|0-240-239-248
54698|code|B               loc_D4DC|151-231
54700|code|LDR             R3, =stderr|95-75
54702|code|LDR             R1, =aSWarningS; "%s: WARNING: %s!\n"|103-73
54704|code|LDR             R0, [R3]; stream|24-104
54706|code|LDR             R3, =dword_1BA5C|96-75
54708|code|LDR             R2, [R3]|26-104
54710|code|LDR             R3, =aNoLockfileFoun; "No lockfile found"|102-75
54712|code|BLX             fprintf|252-247-230-233
54716|code|MOV             R0, R5|40-70
54718|code|BLX             g_free|252-247-214-232
54722|code|B               loc_D4EE|148-231
54724|code|LDR             R3, =stderr|89-75
54726|code|LDR             R1, =aSS; "%s: %s.\n"|90-73
54728|code|LDR             R0, [R3]; stream|24-104
54730|code|LDR             R3, =dword_1BA5C|90-75
54732|code|LDR             R2, [R3]|26-104
54734|code|LDR             R3, =aCreatingLock; "Creating LOCK"|97-75
54736|code|BLX             fprintf|252-247-218-233
54740|code|B               loc_D532|173-231
54742|code|LDR             R3, =stderr|85-75
54744|code|LDR             R1, =aSS; "%s: %s.\n"|85-73
54746|code|LDR             R0, [R3]; stream|24-104
54748|code|LDR             R3, =dword_1BA5C|85-75
54750|code|LDR             R2, [R3]|26-104
54752|code|LDR             R3, =aFakingLockCrea; "Faking LOCK creation"|93-75
54754|code|BLX             fprintf|252-247-210-233
54758|code|B               loc_D4EE|130-231
54760|code|LDR             R3, =stderr|80-75
54762|code|LDR.W           R6, [R4,#0xC50]|212-248-80-108
54766|code|LDR             R1, =aSWarningSS; "%s: WARNING: %s %s!\n"|91-73
54768|code|LDR             R0, [R3]; stream|24-104
54770|code|LDR             R3, =dword_1BA5C|80-75
54772|code|LDR             R2, [R3]|26-104
54774|code|LDR             R3, =aNeedMoreFreeSp; "Need more free space:"|90-75
54776|code|STR             R6, [SP,#0x30+var_30]|0-150
54778|code|BLX             fprintf|252-247-198-233
54782|code|LDR             R3, =dword_1BA58|80-75
54784|code|LDR             R3, [R3]|27-104
54786|code|CMP             R3, #1|1-43
54788|code|BEQ             loc_D6A0|76-208
54790|code|MOV.W           R0, #0xFFFFFFFF|79-240-255-48
54794|code|MOV             R1, R4|33-70
54796|code|BL              sub_D788|0-240-188-248
54800|code|B               loc_D52A|139-231
54802|code|MOV             R0, R5|40-70
54804|code|MOVS            R1, #1|1-33
54806|code|BLX             g_file_test|252-247-118-234
54810|code|CBNZ            R0, loc_D652|208-185
54812|code|LDR             R3, =dword_1BA58|72-75
54814|code|LDR             R3, [R3]|27-104
54816|code|CMP             R3, #1|1-43
54818|code|BEQ             loc_D6DA|90-208
54820|code|LDR             R2, =stderr|65-74
54822|code|LDR             R1, =(aInternalErrorC+0x10); "Could not get LOCK"|79-73
54824|code|LDR             R3, [R4]|35-104
54826|code|LDR             R0, [R2]; stream|16-104
54828|code|LDR             R2, =dword_1BA5C|65-74
54830|code|LDR             R2, [R2]|18-104
54832|code|STR             R1, [SP,#0x30+var_30]|0-145
54834|code|LDR             R1, =aSFatalSS; "%s: FATAL: %s: %s.\n"|77-73
54836|code|BLX             fprintf|252-247-168-233
54840|code|MOV.W           R0, #0xFFFFFFFF|79-240-255-48
54844|code|MOVS            R1, #0|0-33
54846|code|BL              sub_D788|0-240-163-248
54850|code|B               loc_D50A|98-231
54852|code|LDR             R2, [R4]|34-104
54854|code|MOVS            R0, #4; pri|4-32
54856|code|LDR             R1, =aFailureSS; "FAILURE, %s, %s"|72-73
54858|code|LDR             R3, =aInternalError; "Internal error"|73-75
54860|code|BLX             syslog|252-247-46-234
54864|code|B               loc_D590|158-231
54866|code|MOV             R0, R5|40-70
54868|code|BL              sub_C958|255-247-128-249
54872|code|LDR             R3, =dword_1BA58|57-75
54874|code|LDR             R3, [R3]|27-104
54876|code|STR             R0, [SP,#0x30+timer]|3-144
54878|code|CBZ             R0, loc_D6B0|56-179
54880|code|CMP             R3, #1|1-43
54882|code|ADD             R6, SP, #0x30+timer|3-174
54884|code|BEQ             loc_D6E8|64-208
54886|code|LDR             R3, =dword_1BA5C|51-75
54888|code|MOV             R0, R6; timer|48-70
54890|code|LDR.W           R9, [R4,#0xC28]|212-248-40-156
54894|code|LDR             R6, [R4]|38-104
54896|code|LDR             R7, [R3]|31-104
54898|code|LDR             R3, =stderr|46-75
54900|code|LDR.W           R8, [R3]|211-248-0-128
54904|code|BLX             ctime|252-247-186-232
54908|code|LDR             R1, =(aWrittenByMiekG+0x18); delim|61-73
54910|code|BLX             strtok|252-247-212-233
54914|code|LDR             R1, =aSFatalSLockInS; "%s: FATAL: %s: LOCK in %s found (%s).\n"|61-73
54916|code|MOV             R2, R7|58-70
54918|code|MOV             R3, R6|51-70
54920|code|STR.W           R9, [SP,#0x30+var_30]|205-248-0-144
54924|code|STR             R0, [SP,#0x30+var_2C]|1-144
54926|code|MOV             R0, R8; stream|64-70
54928|code|BLX             fprintf|252-247-122-233
54932|code|MOV.W           R0, #0xFFFFFFFF|79-240-255-48
54936|code|MOVS            R1, #0|0-33
54938|code|BL              sub_D788|0-240-117-248
54942|code|B               loc_D50A|52-231
54944|code|LDR             R2, [R4]|34-104
54946|code|MOVS            R0, #4; pri|4-32
54948|code|LDR.W           R3, [R4,#0xC50]|212-248-80-60
54952|code|LDR             R1, =aFailureSNeedMo; "FAILURE, %s, Need more free space: %s"|52-73
54954|code|BLX             syslog|252-247-0-234
54958|code|B               loc_D606|170-231
54960|code|CMP             R3, #1|1-43
54962|code|LDR             R6, =aUnknown; "unknown"|51-78
54964|code|BEQ             loc_D70C|42-208
54966|code|LDR.W           R1, [R4,#0xC28]|212-248-40-28
54970|code|LDR             R2, =dword_1BA5C|30-74
54972|code|LDR             R0, =stderr|27-72
54974|code|LDR             R3, [R4]|35-104
54976|code|LDR             R2, [R2]|18-104
54978|code|LDR             R0, [R0]; stream|0-104
54980|code|STMEA.W         SP, {R1,R6}|141-232-66-0
54984|code|LDR             R1, =aSFatalSLockInS; "%s: FATAL: %s: LOCK in %s found (%s).\n"|43-73
54986|code|BLX             fprintf|252-247-94-233
54990|code|MOV.W           R0, #0xFFFFFFFF|79-240-255-48
54994|code|MOVS            R1, #0|0-33
54996|code|BL              sub_D788|0-240-88-248
55000|code|B               loc_D50A|23-231
55002|code|LDR             R2, [R4]|34-104
55004|code|MOVS            R0, #4; pri|4-32
55006|code|LDR             R1, =aFailureSS; "FAILURE, %s, %s"|35-73
55008|code|LDR             R3, =(aInternalErrorC+0x10); "Could not get LOCK"|32-75
55010|code|BLX             syslog|252-247-228-233
55014|code|B               loc_D624|157-231
55016|code|MOV             R0, R6; timer|48-70
55018|code|LDR.W           R8, [R4]|212-248-0-128
55022|code|LDR.W           R7, [R4,#0xC28]|212-248-40-124
55026|code|BLX             ctime|252-247-126-232
55030|code|LDR             R1, =(aWrittenByMiekG+0x18); delim|31-73
55032|code|BLX             strtok|252-247-150-233
55036|code|LDR             R1, =aFailureSLockIn; "FAILURE, %s, LOCK in %s FOUND (%s)"|33-73
55038|code|MOV             R2, R8|66-70
55040|code|MOV             R3, R7|59-70
55042|code|STR             R0, [SP,#0x30+var_30]|0-144
55044|code|MOVS            R0, #4; pri|4-32
55046|code|BLX             syslog|252-247-210-233
55050|code|B               loc_D666|172-231
55052|code|STR             R6, [SP,#0x30+var_30]|0-150
55054|code|MOVS            R0, #4; pri|4-32
55056|code|LDR             R1, =aFailureSLockIn; "FAILURE, %s, LOCK in %s FOUND (%s)"|28-73
55058|code|LDR             R2, [R4]|34-104
55060|code|LDR.W           R3, [R4,#0xC28]|212-248-40-60
55064|code|BLX             syslog|252-247-200-233
55068|code|B               loc_D6B6|203-231
55070|data|ALIGN 0x10|0-191
55072|data|DCD aLock; "/LOCK"|200-30-1-0
55076|data|DCD dword_1BA70|112-186-1-0
55080|data|DCD dword_1B8C0|192-184-1-0
55084|data|DCD stderr|64-186-1-0
55088|data|DCD aSS; "%s: %s.\n"|140-30-1-0
55092|data|DCD dword_1BA5C|92-186-1-0
55096|data|DCD aRemovingLock; "Removing LOCK"|232-31-1-0
55100|data|DCD aFakingLockRemo; "Faking LOCK removal"|28-31-1-0
55104|data|DCD dword_1BA58|88-186-1-0
55108|data|DCD aSFatalS; "%s: FATAL: %s.\n"|116-10-1-0
55112|data|DCD aInternalErrorC; "Internal error. Could not get LOCK"|224-30-1-0
55116|data|DCD aSWarningS; "%s: WARNING: %s!\n"|220-9-1-0
55120|data|DCD aNoLockfileFoun; "No lockfile found"|212-31-1-0
55124|data|DCD aCreatingLock; "Creating LOCK"|196-31-1-0
55128|data|DCD aFakingLockCrea; "Faking LOCK creation"|4-31-1-0
55132|data|DCD aSWarningSS; "%s: WARNING: %s %s!\n"|204-18-1-0
55136|data|DCD aNeedMoreFreeSp; "Need more free space:"|132-31-1-0
55140|data|DCD aInternalErrorC+0x10; "Could not get LOCK"|240-30-1-0
55144|data|DCD aSFatalSS; "%s: FATAL: %s: %s.\n"|64-9-1-0
55148|data|DCD aFailureSS; "FAILURE, %s, %s"|236-8-1-0
55152|data|DCD aInternalError; "Internal error"|208-30-1-0
55156|data|DCD aWrittenByMiekG+0x18; "\n"|216-40-1-0
55160|data|DCD aSFatalSLockInS; "%s: FATAL: %s: LOCK in %s found (%s).\n"|84-31-1-0
55164|data|DCD aFailureSNeedMo; "FAILURE, %s, Need more free space: %s"|156-31-1-0
55168|data|DCD aUnknown; "unknown"|124-31-1-0
55172|data|DCD aFailureSLockIn; "FAILURE, %s, LOCK in %s FOUND (%s)"|48-31-1-0
55176|code|PUSH            {R4,LR}|16-181
55178|code|MOV             R4, R0|4-70
55180|code|CBZ             R1, loc_D796|25-177
55182|code|MOV             R0, R1|8-70
55184|code|MOVS            R1, #1|1-33
55186|code|BL              sub_D4C0|255-247-149-254
55190|code|LDR             R3, =dword_1BA58|28-75
55192|code|LDR             R3, [R3]|27-104
55194|code|CMP             R3, #1|1-43
55196|code|BEQ             loc_D802|49-208
55198|code|MOVS            R0, #0|0-32
55200|code|MOV             R1, R0|1-70
55202|code|BL              sub_DA10|0-240-53-249
55206|code|CMP             R4, #0|0-44
55208|code|BLE             loc_D7E4|28-221
55210|code|LDR             R3, =stderr|24-75
55212|code|LDR             R1, =aSWarningS; "%s: WARNING: %s!\n"|24-73
55214|code|LDR             R0, [R3]; stream|24-104
55216|code|LDR             R3, =dword_1BA5C|24-75
55218|code|LDR             R2, [R3]|26-104
55220|code|LDR             R3, =aAnErrorOccured; "AN ERROR OCCURED"|24-75
55222|code|BLX             fprintf|252-247-232-232
55226|code|MOVS            R0, #0|0-32
55228|code|MOV             R1, R0|1-70
55230|code|BL              sub_DA10|0-240-39-249
55234|code|MOVS            R1, #0|0-33
55236|code|LDR             R0, =aAnErrorOccured_0; "AN ERROR OCCURED!"|21-72
55238|code|BL              sub_DA10|0-240-35-249
55242|code|MOVS            R1, #0|0-33
55244|code|LDR             R0, =aNothingWasDone; "NOTHING WAS DONE!"|20-72
55246|code|BL              sub_DA10|0-240-31-249
55250|code|MOVS            R0, #0|0-32
55252|code|MOV             R1, R0|1-70
55254|code|BL              sub_DA10|0-240-27-249
55258|code|BL              sub_C844|255-247-51-248
55262|code|MOV             R0, R4; status|32-70
55264|code|BLX             exit|252-247-180-232
55268|code|ADDS            R3, R4, #1|99-28
55270|code|BEQ             loc_D7F2|4-208
55272|code|ADDS            R0, R4, #2|160-28
55274|code|BNE             loc_D7DA|246-209
55276|code|MOVS            R0, #0; status|0-32
55278|code|BLX             exit|252-247-174-232
55282|code|LDR             R3, =stderr|6-75
55284|code|MOVS            R0, #0xA; c|10-32
55286|code|LDR             R1, [R3]; stream|25-104
55288|code|BLX             fputc|252-247-76-233
55292|code|MOVS            R0, #1; status|1-32
55294|code|BLX             exit|252-247-166-232
55298|code|BLX             closelog|252-247-138-232
55302|code|B               loc_D79E|202-231
55304|data|DCD dword_1BA58|88-186-1-0
55308|data|DCD stderr|64-186-1-0
55312|data|DCD aSWarningS; "%s: WARNING: %s!\n"|220-9-1-0
55316|data|DCD dword_1BA5C|92-186-1-0
55320|data|DCD aAnErrorOccured; "AN ERROR OCCURED"|248-31-1-0
55324|data|DCD aAnErrorOccured_0; "AN ERROR OCCURED!"|12-32-1-0
55328|data|DCD aNothingWasDone; "NOTHING WAS DONE!"|32-32-1-0
55332|code|PUSH.W          {R4-R11,LR}|45-233-240-79
55336|code|SUB             SP, SP, #0x7C|159-176
55338|code|MOV             R4, R0|4-70
55340|code|MOV             R11, R3|155-70
55342|code|STR             R1, [SP,#0xA0+mode]|2-145
55344|code|STR             R2, [SP,#0xA0+var_94]|3-146
55346|code|BLX             strlen|252-247-152-232
55350|code|MOV             R6, R0|6-70
55352|code|CMP             R4, #0|0-44
55354|code|BEQ.W           loc_D940|0-240-129-128
55358|code|MOV             R0, R4|32-70
55360|code|LDR             R1, =asc_12034; "/"|65-73
55362|code|MOVS            R2, #0|0-34
55364|code|BLX             g_strconcat|252-247-48-232
55368|code|LDRB.W          R9, [R0]|144-248-0-144
55372|code|MOV             R5, R0|5-70
55374|code|CMP.W           R9, #0|185-241-0-15
55378|code|BEQ             loc_D8C2|54-208
55380|code|LDR.W           R10, =dword_1BA70|223-248-12-161
55384|code|MOV             R4, R0|4-70
55386|code|LDR.W           R8, =dword_1B8C0|223-248-12-129
55390|code|B               loc_D872|8-224
55392|code|LDRB.W          R9, [R4,#1]|148-248-1-144
55396|code|CMP.W           R9, #0|185-241-0-15
55400|code|BEQ             loc_D8C2|43-208
55402|code|ADDS            R4, #1|1-52
55404|code|SUBS            R3, R4, R5|99-27
55406|code|CMP             R6, R3|158-66
55408|code|BCC             loc_D8C2|39-211
55410|code|CMP.W           R9, #0x2F ; '/'|185-241-47-15
55414|code|BNE             loc_D860|243-209
55416|code|MOVS            R3, #0|0-35
55418|code|CMP             R4, R5|172-66
55420|code|STRB            R3, [R4]|35-112
55422|code|BEQ             loc_D8B4|25-208
55424|code|MOVS            R0, #3|3-32
55426|code|MOV             R1, R5|41-70
55428|code|ADD             R2, SP, #0xA0+var_90|4-170
55430|code|BLX             __xstat64|252-247-74-233
55434|code|MOV             R7, R0|7-70
55436|code|CBNZ            R0, loc_D8A6|88-185
55438|code|LDR             R3, [SP,#0xA0+var_80]|8-155
55440|code|AND.W           R3, R3, #0xF000|3-244-112-67
55444|code|CMP.W           R3, #0x4000|179-245-128-79
55448|code|IT EQ|8-191
55450|code|STRBEQ.W        R9, [R4]|132-248-0-144
55454|code|BEQ             loc_D860|223-208
55456|code|CMP.W           R3, #0x8000|179-245-0-79
55460|code|BEQ             loc_D924|62-208
55462|code|LDR.W           R7, [R10]|218-248-0-112
55466|code|CBZ             R7, loc_D8D0|143-177
55468|code|LDR.W           R3, [R8]|216-248-0-48
55472|code|CMP             R3, #0|0-43
55474|code|BLE             loc_D90C|43-221
55476|code|LDRB.W          R9, [R4,#1]|148-248-1-144
55480|code|MOVS            R3, #0x2F ; '/'|47-35
55482|code|STRB            R3, [R4]|35-112
55484|code|CMP.W           R9, #0|185-241-0-15
55488|code|BNE             loc_D86A|211-209
55490|code|MOV             R0, R5|40-70
55492|code|BLX             g_free|251-247-82-239
55496|code|MOVS            R0, #0|0-32
55498|code|ADD             SP, SP, #0x7C ; '|'|31-176
55500|code|POP.W           {R4-R11,PC}|189-232-240-143
55504|code|MOV             R0, R5; path|40-70
55506|code|LDR             R1, [SP,#0xA0+mode]; mode|2-153
55508|code|BLX             mkdir|252-247-120-232
55512|code|CBZ             R0, loc_D900|144-177
55514|code|BLX             __errno_location|252-247-98-232
55518|code|LDR             R3, [R0]|3-104
55520|code|CMP             R3, #0x11|17-43
55522|code|BEQ             loc_D900|13-208
55524|code|LDR             R3, =stderr|25-75
55526|code|STR             R5, [SP,#0xA0+var_A0]|0-149
55528|code|LDR             R1, =aSFatalSS; "%s: FATAL: %s: %s.\n"|25-73
55530|code|LDR             R0, [R3]; stream|24-104
55532|code|LDR             R3, =dword_1BA5C|25-75
55534|code|LDR             R2, [R3]|26-104
55536|code|LDR             R3, =aCouldNotCreate_0; "Could not create directory"|25-75
55538|code|BLX             fprintf|252-247-74-232
55542|code|MOV.W           R0, #0xFFFFFFFF|79-240-255-48
55546|code|MOV             R1, R7|57-70
55548|code|BL              sub_D788|255-247-68-255
55552|code|MOV             R0, R5|40-70
55554|code|LDR             R1, [SP,#0xA0+var_94]|3-153
55556|code|MOV             R2, R11|90-70
55558|code|BL              sub_CA2C|255-247-145-248
55562|code|B               loc_D8B4|211-231
55564|code|MOV             R3, #0x1BA40|75-246-64-35-192-242-1-3
55572|code|LDR             R1, =aSFakingMkdirS; "%s: Faking mkdir %s.\n"|17-73
55574|code|LDR             R0, [R3]; stream|24-104
55576|code|LDR             R3, =dword_1BA5C|14-75
55578|code|LDR             R2, [R3]|26-104
55580|code|MOV             R3, R5|43-70
55582|code|BLX             fprintf|252-247-52-232
55586|code|B               loc_D8B4|199-231
55588|code|LDR             R3, =stderr|9-75
55590|code|STR             R5, [SP,#0xA0+var_A0]|0-149
55592|code|LDR             R1, =aSFatalSS; "%s: FATAL: %s: %s.\n"|9-73
55594|code|LDR             R0, [R3]; stream|24-104
55596|code|LDR             R3, =dword_1BA5C|9-75
55598|code|LDR             R2, [R3]|26-104
55600|code|LDR             R3, =aIsAFile; "Is a file"|11-75
55602|code|BLX             fprintf|252-247-42-232
55606|code|MOV.W           R0, #0xFFFFFFFF|79-240-255-48
55610|code|MOV             R1, R7|57-70
55612|code|BL              sub_D788|255-247-36-255
55616|code|MOV.W           R0, #0xFFFFFFFF|79-240-255-48
55620|code|B               loc_D8CA|193-231
55622|data|ALIGN 4|0-191
55624|data|DCD asc_12034; "/"|52-32-1-0
55628|data|DCD stderr|64-186-1-0
55632|data|DCD aSFatalSS; "%s: FATAL: %s: %s.\n"|64-9-1-0
55636|data|DCD dword_1BA5C|92-186-1-0
55640|data|DCD aCouldNotCreate_0; "Could not create directory"|68-32-1-0
55644|data|DCD aSFakingMkdirS; "%s: Faking mkdir %s.\n"|96-32-1-0
55648|data|DCD aIsAFile; "Is a file"|56-32-1-0
55652|data|DCD dword_1BA70|112-186-1-0
55656|data|DCD dword_1B8C0|192-184-1-0
55660|code|PUSH            {R3-R7,LR}|248-181
55662|code|MOVS            R2, #0|0-34
55664|code|LDR.W           R3, [R0,R1,LSL#2]|80-248-33-48
55668|code|MOV             R4, R0|4-70
55670|code|MOV             R5, R1|13-70
55672|code|LDR             R0, [R3,#8]|152-104
55674|code|LDR             R1, [R3]|25-104
55676|code|BLX             g_strconcat|251-247-148-239
55680|code|LDR.W           R2, [R4,R5,LSL#2]|84-248-37-32
55684|code|MOVS            R3, #0|0-35
55686|code|MOV             R1, #0x12034|66-242-52-1-192-242-1-1
55694|code|MOV             R6, R0|6-70
55696|code|STR.W           R6, [R2,#0xC28]|194-248-40-108
55700|code|LDR.W           R2, [R4,R5,LSL#2]|84-248-37-32
55704|code|LDR.W           R2, [R2,#0xC20]|210-248-32-44
55708|code|BLX             g_strconcat|251-247-132-239
55712|code|LDR.W           R3, [R4,R5,LSL#2]|84-248-37-48
55716|code|MOVS            R2, #0|0-34
55718|code|MOV             R1, #0x12078|66-242-120-1-192-242-1-1
55726|code|MOV             R7, R0|7-70
55728|code|MOV             R0, R6|48-70
55730|code|STR.W           R7, [R3,#0xC2C]|195-248-44-124
55734|code|BLX             g_strconcat|251-247-120-239
55738|code|LDR.W           R3, [R4,R5,LSL#2]|84-248-37-48
55742|code|MOV.W           R1, #0x1E8|79-244-244-113
55746|code|STR.W           R0, [R3,#0xC30]|195-248-48-12
55750|code|LDR.W           R3, [R4,R5,LSL#2]|84-248-37-48
55754|code|LDR.W           R2, [R3,#0xC00]|211-248-0-44
55758|code|LDR.W           R0, [R3,#0xC28]|211-248-40-12
55762|code|LDR.W           R3, [R3,#0xC04]|211-248-4-60
55766|code|BL              sub_D824|255-247-37-255
55770|code|LDR.W           R3, [R4,R5,LSL#2]|84-248-37-48
55774|code|MOV.W           R1, #0x1E8|79-244-244-113
55778|code|LDR.W           R2, [R3,#0xC00]|211-248-0-44
55782|code|LDR.W           R0, [R3,#0xC30]|211-248-48-12
55786|code|LDR.W           R3, [R3,#0xC04]|211-248-4-60
55790|code|BL              sub_D824|255-247-25-255
55794|code|LDR.W           R3, [R4,R5,LSL#2]|84-248-37-48
55798|code|MOV.W           R1, #0x1E8|79-244-244-113
55802|code|LDR.W           R2, [R3,#0xC00]|211-248-0-44
55806|code|LDR.W           R0, [R3,#0xC2C]|211-248-44-12
55810|code|LDR.W           R3, [R3,#0xC04]|211-248-4-60
55814|code|BL              sub_D824|255-247-13-255
55818|code|MOVS            R0, #1|1-32
55820|code|POP             {R3-R7,PC}|248-189
55822|data|ALIGN 0x10|0-191
55824|code|PUSH.W          {R4-R9,LR}|45-233-240-67
55828|code|MOV             R5, R0|5-70
55830|code|LDR             R4, =dword_1BA84|42-76
55832|code|SUB             SP, SP, #0xC|131-176
55834|code|MOV             R9, R1|137-70
55836|code|LDR             R7, [R4]|39-104
55838|code|CMP             R7, #0x32 ; '2'|50-47
55840|code|BGT             loc_DA6E|37-220
55842|code|RSBS.W          R6, R1, #1|209-241-1-6
55846|code|IT CC|56-191
55848|code|MOVCC           R6, #0|0-38
55850|code|CMP             R0, #0|0-40
55852|code|ITE NE|20-191
55854|code|MOVNE.W         R8, #0|79-240-0-8
55858|code|ANDEQ.W         R8, R6, #1|6-240-1-8
55862|code|CMP.W           R8, #0|184-241-0-15
55866|code|BNE             loc_DA88|37-209
55868|code|BLX             strlen|251-247-146-239
55872|code|CMP             R6, #0|0-46
55874|code|BNE             loc_DAA8|49-209
55876|code|RSBS.W          R2, R0, #0xD|208-241-13-2
55880|code|BMI             loc_DA92|35-212
55882|code|LDR             R3, =off_1BA2C; "                                      "|30-75
55884|code|MOV             R1, R5|41-70
55886|code|STR.W           R9, [SP,#0x28+var_28]|205-248-0-144
55890|code|LDR             R0, =aSSS; "%s%.*s:  %s\n"|29-72
55892|code|LDR             R3, [R3,#(off_1BA30 - 0x1BA2C)]; "......................................"|91-104
55894|code|BLX             g_strdup_printf|251-247-84-239
55898|code|LDR             R2, =dword_1BA88|28-74
55900|code|LDR             R3, [R4]|35-104
55902|code|STR.W           R0, [R2,R7,LSL#2]|66-248-39-0
55906|code|ADDS            R3, #1|1-51
55908|code|STR             R3, [R4]|35-96
55910|code|MOV             R0, R6|48-70
55912|code|ADD             SP, SP, #0xC|3-176
55914|code|POP.W           {R4-R9,PC}|189-232-240-131
55918|code|LDR             R3, =stderr|24-75
55920|code|LDR             R1, =aSFatalS; "%s: FATAL: %s.\n"|24-73
55922|code|LDR             R0, [R3]; stream|24-104
55924|code|LDR             R3, =dword_1BA5C|24-75
55926|code|LDR             R2, [R3]|26-104
55928|code|LDR             R3, =aOverviewOverfl; "overview overflow"|24-75
55930|code|BLX             fprintf|251-247-134-239
55934|code|MOV.W           R0, #0xFFFFFFFF|79-240-255-48
55938|code|MOVS            R1, #0|0-33
55940|code|BL              sub_D788|255-247-128-254
55944|code|LDR             R0, =(aWrittenByMiekG+0x18); "\n"|21-72
55946|code|MOVS            R6, #0|0-38
55948|code|BLX             g_strdup|252-247-40-232
55952|code|B               loc_DA5A|227-231
55954|code|LDR             R3, =stderr|15-75
55956|code|MOVS            R6, #1|1-38
55958|code|LDR             R1, =aSWarningSS; "%s: WARNING: %s %s!\n"|19-73
55960|code|LDR             R0, [R3]; stream|24-104
55962|code|LDR             R3, =dword_1BA5C|15-75
55964|code|LDR             R2, [R3]|26-104
55966|code|LDR             R3, =aOverviewDotend; "Overview 'dotend' underflow with"|18-75
55968|code|STR             R5, [SP,#0x28+var_28]|0-149
55970|code|BLX             fprintf|251-247-114-239
55974|code|B               loc_DA66|222-231
55976|code|LDR             R3, =stdout|16-75
55978|code|MOVS            R2, #0xF|15-34
55980|code|LDR             R1, =aSS_1; "%.*s%s\n"|16-73
55982|code|MOV             R6, R8|70-70
55984|code|LDR             R0, [R3]; stream|24-104
55986|code|LDR             R3, =off_1BA2C; "                                      "|4-75
55988|code|LDR             R3, [R3]; "                                      "|27-104
55990|code|STR             R5, [SP,#0x28+var_28]|0-149
55992|code|BLX             fprintf|251-247-102-239
55996|code|B               loc_DA66|211-231
55998|data|ALIGN 0x10|0-191
56000|data|DCD dword_1BA84|132-186-1-0
56004|data|DCD off_1BA2C; "                                      "|44-186-1-0
56008|data|DCD aSSS; "%s%.*s:  %s\n"|192-32-1-0
56012|data|DCD dword_1BA88|136-186-1-0
56016|data|DCD stderr|64-186-1-0
56020|data|DCD aSFatalS; "%s: FATAL: %s.\n"|116-10-1-0
56024|data|DCD dword_1BA5C|92-186-1-0
56028|data|DCD aOverviewOverfl; "overview overflow"|128-32-1-0
56032|data|DCD aWrittenByMiekG+0x18; "\n"|216-40-1-0
56036|data|DCD aSWarningSS; "%s: WARNING: %s %s!\n"|204-18-1-0
56040|data|DCD aOverviewDotend; "Overview 'dotend' underflow with"|156-32-1-0
56044|data|DCD stdout|76-186-1-0
56048|data|DCD aSS_1; "%.*s%s\n"|148-32-1-0
56052|code|PUSH.W          {R4-R8,LR}|45-233-240-65
56056|code|RSBS.W          R7, R0, #1|208-241-1-7
56060|code|SUB             SP, SP, #0x18|134-176
56062|code|MOV             R6, R0|6-70
56064|code|IT CC|56-191
56066|code|MOVCC           R7, #0|0-39
56068|code|CMP             R1, #0|0-41
56070|code|IT EQ|8-191
56072|code|ORREQ.W         R7, R7, #1|71-240-1-7
56076|code|MOV             R5, R1|13-70
56078|code|CBZ             R7, loc_DB18|31-177
56080|code|MOVS            R0, #1|1-32
56082|code|ADD             SP, SP, #0x18|6-176
56084|code|POP.W           {R4-R8,PC}|189-232-240-129
56088|code|MOV             R1, R0|1-70
56090|code|MOV             R2, R5|42-70
56092|code|LDR             R0, =unk_120D0|26-72
56094|code|BLX             g_strdup_printf|251-247-240-238
56098|code|MOV             R8, R0|128-70
56100|code|BLX             fork|251-247-146-239
56104|code|CMP             R0, #0|0-40
56106|code|MOV             R4, R0|4-70
56108|code|BLT             loc_DB7A|37-219
56110|code|BEQ             loc_DB64|25-208
56112|code|ADD             R0, SP, #0x30+stat_loc; stat_loc|5-168
56114|code|BLX             wait|251-247-124-238
56118|code|CMP             R4, R0|132-66
56120|code|BNE             loc_DB30|250-209
56122|code|LDR             R0, [SP,#0x30+stat_loc]|5-152
56124|code|CMP             R0, #0|0-40
56126|code|BEQ             loc_DB12|232-208
56128|code|LDR             R3, =dword_1BA60|18-75
56130|code|LDR             R3, [R3]|27-104
56132|code|CMP             R3, #1|1-43
56134|code|BHI             loc_DB10|227-216
56136|code|LDR             R3, =stderr|17-75
56138|code|LDR             R4, =aTo; "to"|18-76
56140|code|LDR             R1, =aSSSSS_0; "%s: %s %s %s %s.\n"|18-73
56142|code|LDR             R0, [R3]; stream|24-104
56144|code|LDR             R3, =dword_1BA5C|18-75
56146|code|LDR             R2, [R3]|26-104
56148|code|LDR             R3, =aCouldNotPerfor_0; "Could not perform the copy:"|18-75
56150|code|STR             R6, [SP,#0x30+var_30]|0-150
56152|code|STR             R4, [SP,#0x30+var_2C]|1-148
56154|code|STR             R5, [SP,#0x30+var_28]|2-149
56156|code|BLX             fprintf|251-247-20-239
56160|code|MOVS            R0, #1|1-32
56162|code|B               loc_DB12|214-231
56164|code|STR             R0, [SP,#0x30+var_30]|0-144
56166|code|MOV             R3, R8|67-70
56168|code|LDR             R1, =aSh; "sh"|14-73
56170|code|LDR             R0, =aBinSh; "/bin/sh"|15-72
56172|code|LDR             R2, =aC; "-c"|15-74
56174|code|BLX             execl|251-247-122-239
56178|code|MOVS            R0, #1|1-32
56180|code|MOV             R1, R4|33-70
56182|code|BL              sub_D788|255-247-7-254
56186|code|LDR             R0, =aFork_0; "fork"|13-72
56188|code|BLX             perror|251-247-110-238
56192|code|MOVS            R0, #1|1-32
56194|code|MOV             R1, R7|57-70
56196|code|BL              sub_D788|255-247-0-254
56200|data|DCD unk_120D0|208-32-1-0
56204|data|DCD dword_1BA60|96-186-1-0
56208|data|DCD stderr|64-186-1-0
56212|data|DCD aTo; "to"|56-33-1-0
56216|data|DCD aSSSSS_0; "%s: %s %s %s %s.\n"|8-33-1-0
56220|data|DCD dword_1BA5C|92-186-1-0
56224|data|DCD aCouldNotPerfor_0; "Could not perform the copy:"|28-33-1-0
56228|data|DCD aSh; "sh"|0-33-1-0
56232|data|DCD aBinSh; "/bin/sh"|248-32-1-0
56236|data|DCD aC; "-c"|4-33-1-0
56240|data|DCD aFork_0; "fork"|240-32-1-0
56244|code|CMP             R1, #3|3-41
56246|code|PUSH.W          {R3-R11,LR}|45-233-248-79
56250|code|MOV             R4, R0|4-70
56252|code|MOV             R5, R1|13-70
56254|code|BEQ             loc_DC6C|85-208
56256|code|LDR             R6, =off_1B8AC; "daily"|125-78
56258|code|LDR.W           R10, =dword_1B8C0|223-248-4-162
56262|code|LDR.W           R11, =stderr|223-248-12-178
56266|code|LDR.W           R1, [R4,#0xC30]|212-248-48-28
56270|code|LDR             R2, [R6,#(off_1B8B4 - 0x1B8AC)]; "monthly"|178-104
56272|code|LDR             R0, =aSInclistS; "%s/inclist.%s"|122-72
56274|code|BLX             g_strdup_printf|251-247-150-238
56278|code|LDR.W           R1, [R4,#0xC30]|212-248-48-28
56282|code|LDR             R2, [R6,#(off_1B8B0 - 0x1B8AC)]; "weekly"|114-104
56284|code|MOV             R8, R0|128-70
56286|code|LDR             R0, =aSInclistS; "%s/inclist.%s"|119-72
56288|code|BLX             g_strdup_printf|251-247-142-238
56292|code|LDR.W           R1, [R4,#0xC30]|212-248-48-28
56296|code|LDR             R2, [R6]; "daily"|50-104
56298|code|MOV             R7, R0|7-70
56300|code|LDR             R0, =aSInclistS; "%s/inclist.%s"|115-72
56302|code|BLX             g_strdup_printf|251-247-136-238
56306|code|CMP             R5, #1|1-45
56308|code|MOV             R9, R0|129-70
56310|code|BEQ             loc_DC7C|65-208
56312|code|CMP             R5, #2|2-45
56314|code|BEQ             loc_DC2C|23-208
56316|code|CBNZ            R5, loc_DC4E|61-187
56318|code|STR.W           R0, [R4,#0xC3C]|196-248-60-12
56322|code|MOVS            R1, #1|1-33
56324|code|MOV             R0, R7|56-70
56326|code|BLX             g_file_test|251-247-126-239
56330|code|CMP             R0, #0|0-40
56332|code|BNE             loc_DD02|121-209
56334|code|LDR.W           R3, [R4,#0xC90]|212-248-144-60
56338|code|CMP             R3, #0|0-43
56340|code|BEQ.W           loc_DD72|0-240-173-128
56344|code|LDR.W           R3, [R10]|218-248-0-48
56348|code|CMP             R3, #1|1-43
56350|code|BLE             loc_DCD2|88-221
56352|code|LDR             R1, =aOverrideDailyW; "override daily -> weekly"|103-73
56354|code|MOVS            R5, #1|1-37
56356|code|LDR             R0, =aScheme; "Scheme"|103-72
56358|code|BL              sub_DA10|255-247-243-254
56362|code|B               loc_DBCA|206-231
56364|code|STR.W           R8, [R4,#0xC3C]|196-248-60-140
56368|code|MOV             R0, R8|64-70
56370|code|BL              sub_CBBC|254-247-195-255
56374|code|MOV             R0, R7|56-70
56376|code|BL              sub_CBBC|254-247-192-255
56380|code|MOV             R0, R9|72-70
56382|code|BL              sub_CBBC|254-247-189-255
56386|code|MOV             R0, R7|56-70
56388|code|BLX             g_free|251-247-146-237
56392|code|MOV             R0, R9|72-70
56394|code|BLX             g_free|251-247-144-237
56398|code|LDR             R6, =dword_1B8C0|94-78
56400|code|LDR.W           R0, [R4,#0xC3C]|212-248-60-12
56404|code|LDR.W           R1, [R4,#0xC00]|212-248-0-28
56408|code|LDR.W           R2, [R4,#0xC04]|212-248-4-44
56412|code|BL              sub_CA2C|254-247-230-254
56416|code|LDR             R3, [R6]|51-104
56418|code|CMP             R3, #1|1-43
56420|code|BLE             loc_DCBA|41-221
56422|code|MOV             R0, R5|40-70
56424|code|POP.W           {R3-R11,PC}|189-232-248-143
56428|code|LDR             R3, =dword_1BA60|87-75
56430|code|LDR             R3, [R3]|27-104
56432|code|CMP             R3, #1|1-43
56434|code|BLS             loc_DCA8|25-217
56436|code|MOVS            R0, #1|1-32
56438|code|MOV             R1, R4|33-70
56440|code|BL              sub_D788|255-247-134-253
56444|code|STR.W           R7, [R4,#0xC3C]|196-248-60-124
56448|code|MOV             R0, R8|64-70
56450|code|MOV             R1, R5|41-70
56452|code|BLX             g_file_test|251-247-62-239
56456|code|CMP             R0, #0|0-40
56458|code|BNE             loc_DD24|75-209
56460|code|LDR.W           R3, [R4,#0xC90]|212-248-144-60
56464|code|CMP             R3, #0|0-43
56466|code|BEQ             loc_DD44|87-208
56468|code|LDR.W           R3, [R10]|218-248-0-48
56472|code|CMP             R3, #1|1-43
56474|code|BLE             loc_DCEA|38-221
56476|code|LDR             R1, =aOverrideWeekly; "override weekly -> monthly"|76-73
56478|code|MOVS            R5, #2|2-37
56480|code|LDR             R0, =aScheme; "Scheme"|72-72
56482|code|BL              sub_DA10|255-247-181-254
56486|code|B               loc_DBCA|144-231
56488|code|LDR             R3, =stderr|74-75
56490|code|LDR             R1, =aSS; "%s: %s.\n"|75-73
56492|code|LDR             R0, [R3]; stream|24-104
56494|code|LDR             R3, =dword_1BA5C|75-75
56496|code|LDR             R2, [R3]|26-104
56498|code|LDR             R3, =aInternalErrorW; "Internal error: wrong function call..."|75-75
56500|code|BLX             fprintf|251-247-104-238
56504|code|B               loc_DC74|220-231
56506|code|LDR             R2, =stderr|70-74
56508|code|LDR.W           R3, [R4,#0xC3C]|212-248-60-60
56512|code|LDR             R1, =aSUsingInclistS; "%s: Using inclist %s.\n"|72-73
56514|code|LDR             R0, [R2]; stream|16-104
56516|code|LDR             R2, =dword_1BA5C|69-74
56518|code|LDR             R2, [R2]|18-104
56520|code|BLX             fprintf|251-247-94-238
56524|code|MOV             R0, R5|40-70
56526|code|POP.W           {R3-R11,PC}|189-232-248-143
56530|code|MOV             R3, #0x1BA5C|75-246-92-35-192-242-1-3
56538|code|LDR.W           R0, [R11]; stream|219-248-0-0
56542|code|LDR             R2, [R3]|26-104
56544|code|LDR             R1, =aSS; "%s: %s.\n"|61-73
56546|code|LDR             R3, =aSchemeOverride; "Scheme override daily -> weekly"|65-75
56548|code|BLX             fprintf|251-247-80-238
56552|code|B               loc_DC20|154-231
56554|code|MOV             R3, #0x1BA5C|75-246-92-35-192-242-1-3
56562|code|LDR.W           R0, [R11]; stream|219-248-0-0
56566|code|LDR             R2, [R3]|26-104
56568|code|LDR             R1, =aSS; "%s: %s.\n"|55-73
56570|code|LDR             R3, =aSchemeOverride_0; "Scheme override weekly -> monthly"|60-75
56572|code|BLX             fprintf|251-247-68-238
56576|code|B               loc_DC9C|204-231
56578|code|LDR             R6, =dword_1B8C0|49-78
56580|code|LDR             R3, [R6]|51-104
56582|code|CMP             R3, #1|1-43
56584|code|BLE             loc_DDA4|76-221
56586|code|MOV             R0, R7|56-70
56588|code|MOV             R1, R9|73-70
56590|code|BL              sub_DAF4|255-247-241-254
56594|code|CMP             R0, #0|0-40
56596|code|BNE             loc_DD92|61-209
56598|code|MOV             R0, R8|64-70
56600|code|BLX             g_free|251-247-40-237
56604|code|MOV             R0, R7|56-70
56606|code|BLX             g_free|251-247-38-237
56610|code|B               loc_DC50|149-231
56612|code|MOV             R0, R8|64-70
56614|code|MOV             R1, R7|57-70
56616|code|BL              sub_DAF4|255-247-228-254
56620|code|CBNZ            R0, loc_DD80|64-187
56622|code|MOV             R0, R9|72-70
56624|code|LDR             R6, =dword_1B8C0|37-78
56626|code|BL              sub_CBBC|254-247-67-255
56630|code|MOV             R0, R8|64-70
56632|code|BLX             g_free|251-247-24-237
56636|code|MOV             R0, R9|72-70
56638|code|BLX             g_free|251-247-22-237
56642|code|B               loc_DC50|133-231
56644|code|LDR             R6, =stderr|35-78
56646|code|LDR             R5, =dword_1BA5C|37-77
56648|code|LDR             R1, =aSWarningS; "%s: WARNING: %s!\n"|41-73
56650|code|LDR             R3, =aCouldNotFindPr; "Could not find previous backup list"|42-75
56652|code|LDR             R2, [R5]|42-104
56654|code|LDR             R0, [R6]; stream|48-104
56656|code|BLX             fprintf|251-247-26-238
56660|code|LDR             R0, [R6]; stream|48-104
56662|code|LDR             R2, [R5]|42-104
56664|code|LDR             R1, =aSWarningS; "%s: WARNING: %s!\n"|37-73
56666|code|LDR             R3, =aBackupsMustBeM; "Backups must be made in order: monthly,"...|39-75
56668|code|BLX             fprintf|251-247-20-238
56672|code|LDR.W           R0, [R4,#0xC2C]; path|212-248-44-12
56676|code|BLX             rmdir|251-247-50-237
56680|code|MOV.W           R0, #0xFFFFFFFF|79-240-255-48
56684|code|MOV             R1, R4|33-70
56686|code|BL              sub_D788|255-247-11-253
56690|code|LDR             R3, =stderr|24-75
56692|code|LDR             R1, =aSWarningS; "%s: WARNING: %s!\n"|30-73
56694|code|LDR             R0, [R3]|24-104
56696|code|LDR             R3, =dword_1BA5C|24-75
56698|code|LDR             R2, [R3]|26-104
56700|code|LDR             R3, =aCouldNotFindPr_0; "could not find previous backup list"|31-75
56702|code|B               loc_DD5C|237-231
56704|code|LDR             R3, =stderr|20-75
56706|code|LDR             R1, =aSWarningS; "%s: WARNING: %s!\n"|27-73
56708|code|LDR             R0, [R3]; stream|24-104
56710|code|LDR             R3, =dword_1BA5C|21-75
56712|code|LDR             R2, [R3]|26-104
56714|code|LDR             R3, =aFailedToCopyPe; "Failed to copy, performing full dump"|29-75
56716|code|BLX             fprintf|251-247-252-237
56720|code|B               loc_DD2E|205-231
56722|code|LDR             R3, =stderr|16-75
56724|code|LDR             R1, =aSWarningS; "%s: WARNING: %s!\n"|22-73
56726|code|LDR             R0, [R3]; stream|24-104
56728|code|LDR             R3, =dword_1BA5C|16-75
56730|code|LDR             R2, [R3]|26-104
56732|code|LDR             R3, =aFailedToCopyPe_0; "failed to copy, performing full dump"|25-75
56734|code|BLX             fprintf|251-247-244-237
56738|code|B               loc_DD16|184-231
56740|code|LDR             R3, =stderr|11-75
56742|code|LDR             R1, =aSCopyingSOverT; "%s: Copying %s over to daily.\n"|24-73
56744|code|LDR             R0, [R3]; stream|24-104
56746|code|LDR             R3, =dword_1BA5C|12-75
56748|code|LDR             R2, [R3]|26-104
56750|code|MOV             R3, R7|59-70
56752|code|BLX             fprintf|251-247-234-237
56756|code|B               loc_DD0A|169-231
56758|data|ALIGN 4|0-191
56760|data|DCD off_1B8AC; "daily"|172-184-1-0
56764|data|DCD aSInclistS; "%s/inclist.%s"|100-33-1-0
56768|data|DCD aOverrideDailyW; "override daily -> weekly"|204-34-1-0
56772|data|DCD aScheme; "Scheme"|108-9-1-0
56776|data|DCD dword_1B8C0|192-184-1-0
56780|data|DCD dword_1BA60|96-186-1-0
56784|data|DCD aOverrideWeekly; "override weekly -> monthly"|36-34-1-0
56788|data|DCD stderr|64-186-1-0
56792|data|DCD aSS; "%s: %s.\n"|140-30-1-0
56796|data|DCD dword_1BA5C|92-186-1-0
56800|data|DCD aInternalErrorW; "Internal error: wrong function call..."|60-33-1-0
56804|data|DCD aSUsingInclistS; "%s: Using inclist %s.\n"|232-34-1-0
56808|data|DCD aSchemeOverride; "Scheme override daily -> weekly"|172-34-1-0
56812|data|DCD aSchemeOverride_0; "Scheme override weekly -> monthly"|0-34-1-0
56816|data|DCD aSWarningS; "%s: WARNING: %s!\n"|220-9-1-0
56820|data|DCD aCouldNotFindPr; "Could not find previous backup list"|156-33-1-0
56824|data|DCD aBackupsMustBeM; "Backups must be made in order: monthly,"...|192-33-1-0
56828|data|DCD aCouldNotFindPr_0; "could not find previous backup list"|136-34-1-0
56832|data|DCD aFailedToCopyPe; "Failed to copy, performing full dump"|116-33-1-0
56836|data|DCD aFailedToCopyPe_0; "failed to copy, performing full dump"|96-34-1-0
56840|data|DCD aSCopyingSOverT; "%s: Copying %s over to daily.\n"|64-34-1-0
56844|code|PUSH            {R4-R6,LR}|112-181
56846|code|MOV             R4, #0x1BA4C|75-246-76-36-192-242-1-4
56854|code|MOVS            R1, #1|1-33
56856|code|MOVS            R2, #7|7-34
56858|code|MOVW            R0, #0x2300|66-242-0-48
56862|code|LDR             R3, [R4]|35-104
56864|code|MOVT.W          R0, #1|192-242-1-0
56868|code|BLX             fwrite|251-247-56-237
56872|code|LDR             R3, [R4]|35-104
56874|code|MOVS            R1, #1|1-33
56876|code|MOVS            R2, #0x43 ; 'C'|67-34
56878|code|MOV             R0, #0x12308|66-242-8-48-192-242-1-0
56886|code|BLX             fwrite|251-247-48-237
56890|code|LDR             R3, [R4]|35-104
56892|code|MOVS            R1, #1|1-33
56894|code|MOVS            R2, #0x54 ; 'T'|84-34
56896|code|MOV             R0, #0x1234C|66-242-76-48-192-242-1-0
56904|code|BLX             fwrite|251-247-38-237
56908|code|LDR             R0, [R4]|32-104
56910|code|MOVW            R1, #0x23A4|66-242-164-49
56914|code|MOVW            R2, #0xA28|64-246-40-34
56918|code|MOVT.W          R1, #1|192-242-1-1
56922|code|MOVT.W          R2, #1|192-242-1-2
56926|code|BLX             fprintf|251-247-148-237
56930|code|LDR             R1, [R4]|33-104
56932|code|MOVS            R0, #0xA|10-32
56934|code|MOVW            R6, #0x2420|66-242-32-70
56938|code|BLX             fputc|251-247-20-238
56942|code|LDR             R3, [R4]|35-104
56944|code|MOVS            R1, #1|1-33
56946|code|MOVS            R2, #0x16|22-34
56948|code|MOV             R0, #0x123CC|66-242-204-48-192-242-1-0
56956|code|BLX             fwrite|251-247-12-237
56960|code|MOVT.W          R6, #1|192-242-1-6
56964|code|LDR             R3, [R4]|35-104
56966|code|MOVS            R1, #1|1-33
56968|code|MOVS            R2, #0xA|10-34
56970|code|MOV             R0, #0x123E4|66-242-228-48-192-242-1-0
56978|code|MOVW            R5, #0x245C|66-242-92-69
56982|code|BLX             fwrite|251-247-0-237
56986|code|LDR             R3, [R4]|35-104
56988|code|MOVS            R1, #1|1-33
56990|code|MOVS            R2, #0x2E ; '.'|46-34
56992|code|MOV             R0, #0x123F0|66-242-240-48-192-242-1-0
57000|code|BLX             fwrite|251-247-246-236
57004|code|MOVT.W          R5, #1|192-242-1-5
57008|code|LDR             R3, [R4]|35-104
57010|code|MOVS            R1, #1|1-33
57012|code|MOVS            R2, #8|8-34
57014|code|MOV             R0, R6|48-70
57016|code|BLX             fwrite|251-247-238-236
57020|code|LDR             R3, [R4]|35-104
57022|code|MOVS            R1, #1|1-33
57024|code|MOVS            R2, #0x2E ; '.'|46-34
57026|code|MOV             R0, #0x1242C|66-242-44-64-192-242-1-0
57034|code|BLX             fwrite|251-247-230-236
57038|code|LDR             R3, [R4]|35-104
57040|code|MOVS            R1, #1|1-33
57042|code|MOVS            R2, #0x15|21-34
57044|code|MOV             R0, R5|40-70
57046|code|BLX             fwrite|251-247-224-236
57050|code|LDR             R3, [R4]|35-104
57052|code|MOVS            R2, #0x31 ; '1'|49-34
57054|code|MOVS            R1, #1|1-33
57056|code|MOV             R0, #0x12474|66-242-116-64-192-242-1-0
57064|code|BLX             fwrite|251-247-214-236
57068|code|MOVS            R1, #1|1-33
57070|code|LDR             R3, [R4]|35-104
57072|code|MOVS            R2, #0x17|23-34
57074|code|MOV             R0, #0x124A8|66-242-168-64-192-242-1-0
57082|code|BLX             fwrite|251-247-206-236
57086|code|LDR             R3, [R4]|35-104
57088|code|MOVS            R1, #1|1-33
57090|code|MOVS            R2, #8|8-34
57092|code|MOV             R0, R6|48-70
57094|code|BLX             fwrite|251-247-200-236
57098|code|LDR             R3, [R4]|35-104
57100|code|MOVS            R1, #1|1-33
57102|code|MOVS            R2, #0x2F ; '/'|47-34
57104|code|MOV             R0, #0x124C0|66-242-192-64-192-242-1-0
57112|code|BLX             fwrite|251-247-190-236
57116|code|LDR             R3, [R4]|35-104
57118|code|MOVS            R1, #1|1-33
57120|code|MOVS            R2, #8|8-34
57122|code|MOV             R0, #0x124F0|66-242-240-64-192-242-1-0
57130|code|BLX             fwrite|251-247-182-236
57134|code|LDR             R3, [R4]|35-104
57136|code|MOVS            R1, #1|1-33
57138|code|MOVS            R2, #0x29 ; ')'|41-34
57140|code|MOV             R0, #0x124FC|66-242-252-64-192-242-1-0
57148|code|BLX             fwrite|251-247-172-236
57152|code|LDR             R3, [R4]|35-104
57154|code|MOVS            R1, #1|1-33
57156|code|MOVS            R2, #0xD|13-34
57158|code|MOV             R0, #0x12528|66-242-40-80-192-242-1-0
57166|code|BLX             fwrite|251-247-164-236
57170|code|LDR             R3, [R4]|35-104
57172|code|MOVS            R1, #1|1-33
57174|code|MOVS            R2, #0x26 ; '&'|38-34
57176|code|MOV             R0, #0x12538|66-242-56-80-192-242-1-0
57184|code|BLX             fwrite|251-247-154-236
57188|code|LDR             R3, [R4]|35-104
57190|code|MOVS            R1, #1|1-33
57192|code|MOVS            R2, #0x15|21-34
57194|code|MOV             R0, R5|40-70
57196|code|BLX             fwrite|251-247-148-236
57200|code|LDR             R3, [R4]|35-104
57202|code|MOVS            R1, #1|1-33
57204|code|MOVS            R2, #0x24 ; '$'|36-34
57206|code|MOV             R0, #0x12560|66-242-96-80-192-242-1-0
57214|code|BLX             fwrite|251-247-140-236
57218|code|LDR             R3, [R4]|35-104
57220|code|MOVS            R1, #1|1-33
57222|code|MOVS            R2, #0xA|10-34
57224|code|MOV             R0, #0x12588|66-242-136-80-192-242-1-0
57232|code|BLX             fwrite|251-247-130-236
57236|code|LDR             R3, [R4]|35-104
57238|code|MOVS            R2, #0x3C ; '<'|60-34
57240|code|MOVS            R1, #1|1-33
57242|code|MOV             R0, #0x12594|66-242-148-80-192-242-1-0
57250|code|BLX             fwrite|251-247-122-236
57254|code|MOVS            R1, #1|1-33
57256|code|LDR             R3, [R4]|35-104
57258|code|MOVS            R2, #0x3B ; ';'|59-34
57260|code|MOV             R0, #0x125D4|66-242-212-80-192-242-1-0
57268|code|BLX             fwrite|251-247-112-236
57272|code|LDR             R3, [R4]|35-104
57274|code|MOVS            R1, #1|1-33
57276|code|MOVS            R2, #0x36 ; '6'|54-34
57278|code|MOV             R0, #0x12610|66-242-16-96-192-242-1-0
57286|code|BLX             fwrite|251-247-104-236
57290|code|LDR             R3, [R4]|35-104
57292|code|MOVS            R1, #1|1-33
57294|code|MOVS            R2, #0x37 ; '7'|55-34
57296|code|MOV             R0, #0x12648|66-242-72-96-192-242-1-0
57304|code|BLX             fwrite|251-247-94-236
57308|code|LDR             R3, [R4]|35-104
57310|code|MOVS            R1, #1|1-33
57312|code|MOVS            R2, #0x47 ; 'G'|71-34
57314|code|MOV             R0, #0x12680|66-242-128-96-192-242-1-0
57322|code|BLX             fwrite|251-247-86-236
57326|code|LDR             R3, [R4]|35-104
57328|code|MOVS            R1, #1|1-33
57330|code|MOVS            R2, #0x3B ; ';'|59-34
57332|code|MOV             R0, #0x126C8|66-242-200-96-192-242-1-0
57340|code|BLX             fwrite|251-247-76-236
57344|code|LDR             R3, [R4]|35-104
57346|code|MOVS            R1, #1|1-33
57348|code|MOVS            R2, #0x23 ; '#'|35-34
57350|code|MOV             R0, #0x12704|66-242-4-112-192-242-1-0
57358|code|BLX             fwrite|251-247-68-236
57362|code|LDR             R3, [R4]|35-104
57364|code|MOVS            R1, #1|1-33
57366|code|MOVS            R2, #0x21 ; '!'|33-34
57368|code|MOV             R0, #0x12728|66-242-40-112-192-242-1-0
57376|code|BLX             fwrite|251-247-58-236
57380|code|LDR             R3, [R4]|35-104
57382|code|MOVS            R1, #1|1-33
57384|code|MOVS            R2, #0x34 ; '4'|52-34
57386|code|MOV             R0, #0x1274C|66-242-76-112-192-242-1-0
57394|code|BLX             fwrite|251-247-50-236
57398|code|LDR             R3, [R4]|35-104
57400|code|MOVS            R1, #1|1-33
57402|code|MOVS            R2, #0x24 ; '$'|36-34
57404|code|MOV             R0, #0x12784|66-242-132-112-192-242-1-0
57412|code|BLX             fwrite|251-247-40-236
57416|code|LDR             R3, [R4]|35-104
57418|code|MOVS            R1, #1|1-33
57420|code|MOVS            R2, #0x3B ; ';'|59-34
57422|code|MOV             R0, #0x127AC|66-242-172-112-192-242-1-0
57430|code|BLX             fwrite|251-247-32-236
57434|code|LDR             R3, [R4]|35-104
57436|code|MOVS            R2, #0x1B|27-34
57438|code|MOVS            R1, #1|1-33
57440|code|MOV             R0, #0x127E8|66-242-232-112-192-242-1-0
57448|code|BLX             fwrite|251-247-22-236
57452|code|MOVS            R1, #1|1-33
57454|code|LDR             R3, [R4]|35-104
57456|code|MOVS            R2, #0x20 ; ' '|32-34
57458|code|MOV             R0, #0x12804|66-246-4-0-192-242-1-0
57466|code|BLX             fwrite|251-247-14-236
57470|code|LDR             R3, [R4]|35-104
57472|code|MOVS            R2, #0x2D ; '-'|45-34
57474|code|MOVS            R1, #1|1-33
57476|code|MOV             R0, #0x12828|66-246-40-0-192-242-1-0
57484|code|BLX             fwrite|251-247-4-236
57488|code|LDR             R1, [R4]|33-104
57490|code|MOVS            R0, #0xA|10-32
57492|code|BLX             fputc|251-247-254-236
57496|code|LDR             R3, [R4]|35-104
57498|code|MOVS            R1, #1|1-33
57500|code|MOVS            R2, #0x24 ; '$'|36-34
57502|code|MOV             R0, #0x12858|66-246-88-0-192-242-1-0
57510|code|BLX             fwrite|251-247-248-235
57514|code|LDR             R3, [R4]|35-104
57516|code|MOVS            R1, #1|1-33
57518|code|MOVS            R2, #0x34 ; '4'|52-34
57520|code|MOV             R0, #0x12880|66-246-128-0-192-242-1-0
57528|code|BLX             fwrite|251-247-238-235
57532|code|MOVS            R0, #0|0-32
57534|code|POP             {R4-R6,PC}|112-189
57536|code|PUSH            {R4,LR}|16-181
57538|code|MOV             R4, #0x1BA4C|75-246-76-36-192-242-1-4
57546|code|MOVW            R1, #0x2A10|66-246-16-33
57550|code|MOVW            R2, #0x28B8|66-246-184-2
57554|code|MOVT.W          R1, #1|192-242-1-1
57558|code|LDR             R0, [R4]|32-104
57560|code|MOVT.W          R2, #1|192-242-1-2
57564|code|MOV             R3, #0x11420|65-242-32-67-192-242-1-3
57572|code|BLX             fprintf|251-247-80-236
57576|code|LDR             R3, [R4]|35-104
57578|code|MOVS            R1, #1|1-33
57580|code|MOVS            R2, #0x19|25-34
57582|code|MOV             R0, #0x128C0|66-246-192-0-192-242-1-0
57590|code|BLX             fwrite|251-247-208-235
57594|code|LDR             R3, [R4]|35-104
57596|code|MOVS            R1, #1|1-33
57598|code|MOVS            R2, #0x3C ; '<'|60-34
57600|code|MOV             R0, #0x128DC|66-246-220-0-192-242-1-0
57608|code|BLX             fwrite|251-247-198-235
57612|code|LDR             R3, [R4]|35-104
57614|code|MOVS            R1, #1|1-33
57616|code|MOVS            R2, #0x3E ; '>'|62-34
57618|code|MOV             R0, #0x1291C|66-246-28-16-192-242-1-0
57626|code|BLX             fwrite|251-247-190-235
57630|code|LDR             R3, [R4]|35-104
57632|code|MOVS            R1, #1|1-33
57634|code|MOVS            R2, #0x1B|27-34
57636|code|MOV             R0, #0x1295C|66-246-92-16-192-242-1-0
57644|code|BLX             fwrite|251-247-180-235
57648|code|LDR             R3, [R4]|35-104
57650|code|MOVS            R1, #1|1-33
57652|code|MOVS            R2, #0x3C ; '<'|60-34
57654|code|MOV             R0, #0x12978|66-246-120-16-192-242-1-0
57662|code|BLX             fwrite|251-247-172-235
57666|code|LDR             R3, [R4]|35-104
57668|code|MOVS            R1, #1|1-33
57670|code|MOVS            R2, #0x24 ; '$'|36-34
57672|code|MOV             R0, #0x12858|66-246-88-0-192-242-1-0
57680|code|BLX             fwrite|251-247-162-235
57684|code|LDR             R3, [R4]|35-104
57686|code|MOVS            R1, #1|1-33
57688|code|MOVS            R2, #0x34 ; '4'|52-34
57690|code|MOV             R0, #0x12880|66-246-128-0-192-242-1-0
57698|code|BLX             fwrite|251-247-154-235
57702|code|MOVS            R0, #0|0-32
57704|code|POP             {R4,PC}|16-189
57706|data|ALIGN 4|0-191
57708|code|PUSH.W          {R4-R10,LR}|45-233-240-71
57712|code|MOV             R5, R0|5-70
57714|code|LDR             R6, =off_1B984; "%h"|72-78
57716|code|MOV             R9, R1|137-70
57718|code|LDR.W           R0, [R0,#0xC44]|208-248-68-12
57722|code|MOV             R8, R2|144-70
57724|code|LDR             R1, [R5]|41-104
57726|code|LDR             R2, [R6]; "%h"|50-104
57728|code|BL              sub_CE38|254-247-90-254
57732|code|LDR             R2, [R6]; "%h"|50-104
57734|code|LDR             R1, [R5]|41-104
57736|code|LDR             R7, =dword_1BA74|67-79
57738|code|MOV             R4, R0|4-70
57740|code|LDR.W           R0, [R5,#0xC44]|213-248-68-12
57744|code|BL              sub_CE38|254-247-82-254
57748|code|LDR             R2, [R7]|58-104
57750|code|CMP             R2, #1|1-42
57752|code|MOV             R3, R0|3-70
57754|code|BEQ             loc_E286|116-208
57756|code|ADD.W           R8, R9, R8,LSL#2|9-235-136-8
57760|code|MOV.W           R10, #2|79-240-2-10
57764|code|SUB.W           R3, R10, #3; switch 5 cases|170-241-3-3
57768|code|CMP             R3, #4|4-43
57770|code|BHI             def_E1AC; jumptable 0000E1AC default case|64-216
57772|code|TBB.W           [PC,R3]; switch jump|223-232-3-240
57776|data|DCB 0x38; jump table for switch statement|56
57777|data|DCB 0x16|22
57778|data|DCB 0xF|15
57779|data|DCB 3|3
57780|data|DCB 0x4A|74
57781|data|ALIGN 2|0
57782|code|LDR.W           R3, [R5,#0xC4C]; jumptable 0000E1AC case 6|213-248-76-60
57786|code|MOV             R0, R4|32-70
57788|code|LDR             R2, [R6,#(off_1B998 - 0x1B984)]; "%c"|114-105
57790|code|CBZ             R3, loc_E1E8|155-177
57792|code|LDR             R1, =aYes; "yes"|54-73
57794|code|BL              sub_CE38|254-247-57-254
57798|code|MOV             R4, R0|4-70
57800|code|ADD.W           R10, R10, #1|10-241-1-10
57804|code|B               loc_E1A4|234-231
57806|code|LDR.W           R1, [R5,#0xC00]; jumptable 0000E1AC case 5|213-248-0-28
57810|code|MOV             R0, R4|32-70
57812|code|LDR             R2, [R6,#(off_1B994 - 0x1B984)]; "%u"|50-105
57814|code|BL              sub_CE38|254-247-47-254
57818|code|B               loc_E1C6|244-231
57820|code|LDR.W           R3, [R5,#0xC14]; jumptable 0000E1AC case 4|213-248-20-60
57824|code|MOV             R0, R4|32-70
57826|code|LDR             R2, [R6,#(off_1B990 - 0x1B984)]; "%e"|242-104
57828|code|CMP             R3, #0|0-43
57830|code|BNE             loc_E1C0|235-209
57832|code|LDR             R1, =aNo; "no"|45-73
57834|code|BL              sub_CE38|254-247-37-254
57838|code|CMP.W           R10, #7|186-241-7-15
57842|code|BNE             loc_E1C6|232-209
57844|code|MOV             R4, R0|4-70
57846|code|LDR             R3, [R7]|59-104
57848|code|CMP             R3, #1|1-43
57850|code|BNE             loc_E258|45-209
57852|code|LDR             R3, =stderr|41-75
57854|code|LDR             R1, =aDebugSS_0; "[DEBUG] %s %s\n"|42-73
57856|code|LDR             R2, =aPrerun; "prerun"|42-74
57858|code|LDR             R0, [R3]|24-104
57860|code|MOV             R3, R4|35-70
57862|code|BLX             fprintf|251-247-192-235
57866|code|MOV             R0, R4|32-70
57868|code|BL              sub_C778|254-247-180-250
57872|code|MOV             R5, R0|5-70
57874|code|CBZ             R0, loc_E264|56-179
57876|code|MOV             R0, R4|32-70
57878|code|BLX             g_free|251-247-170-234
57882|code|MOVS            R0, #1|1-32
57884|code|POP.W           {R4-R10,PC}|189-232-240-135
57888|code|LDR.W           R1, [R8]; jumptable 0000E1AC case 3|216-248-0-16
57892|code|MOV             R0, R4|32-70
57894|code|LDR             R2, [R6,#(off_1B98C - 0x1B984)]; "%s"|178-104
57896|code|BL              sub_CE38|254-247-6-254
57900|code|B               loc_E1C6|203-231
57902|code|LDR.W           R1, [R5,#0xC40]; jumptable 0000E1AC default case|213-248-64-28
57906|code|MOV             R0, R4|32-70
57908|code|LDR             R2, [R6,#(off_1B988 - 0x1B984)]; "%a"|114-104
57910|code|BL              sub_CE38|254-247-255-253
57914|code|CMP.W           R10, #7|186-241-7-15
57918|code|BNE             loc_E1C6|194-209
57920|code|MOV             R4, R0|4-70
57922|code|B               loc_E1F6|216-231
57924|code|MOV             R0, R4; jumptable 0000E1AC case 7|32-70
57926|code|LDR.W           R1, [R5,#0xC04]|213-248-4-28
57930|code|LDR             R2, [R6,#(off_1B99C - 0x1B984)]; "%g"|178-105
57932|code|BL              sub_CE38|254-247-244-253
57936|code|LDR             R3, [R7]|59-104
57938|code|CMP             R3, #1|1-43
57940|code|MOV             R4, R0|4-70
57942|code|BEQ             loc_E1FC|209-208
57944|code|MOV             R0, R4|32-70
57946|code|BL              sub_C778|254-247-141-250
57950|code|MOV             R5, R0|5-70
57952|code|CMP             R0, #0|0-40
57954|code|BNE             loc_E214|215-209
57956|code|LDR             R3, =dword_1B8C0|18-75
57958|code|LDR             R3, [R3]|27-104
57960|code|CMP             R3, #1|1-43
57962|code|BLE             loc_E270|1-221
57964|code|POP.W           {R4-R10,PC}|189-232-240-135
57968|code|LDR             R3, =stderr|12-75
57970|code|LDR             R1, =aSS; "%s: %s.\n"|16-73
57972|code|LDR             R0, [R3]|24-104
57974|code|LDR             R3, =dword_1BA5C|16-75
57976|code|LDR             R2, [R3]|26-104
57978|code|LDR             R3, =aSuccesfullyRan; "Succesfully ran pre script"|16-75
57980|code|BLX             fprintf|251-247-132-235
57984|code|MOV             R0, R5|40-70
57986|code|POP.W           {R4-R10,PC}|189-232-240-135
57990|code|LDR             R2, =stderr|7-74
57992|code|LDR             R1, =aDebugSS_0; "[DEBUG] %s %s\n"|7-73
57994|code|LDR             R0, [R2]|16-104
57996|code|LDR             R2, =aPrerun; "prerun"|7-74
57998|code|BLX             fprintf|251-247-124-235
58002|code|B               loc_E19C|131-231
58004|data|DCD off_1B984; "%h"|132-185-1-0
58008|data|DCD dword_1BA74|116-186-1-0
58012|data|DCD aYes; "yes"|104-23-1-0
58016|data|DCD aNo; "no"|216-9-1-0
58020|data|DCD stderr|64-186-1-0
58024|data|DCD aDebugSS_0; "[DEBUG] %s %s\n"|8-42-1-0
58028|data|DCD aPrerun; "prerun"|84-26-1-0
58032|data|DCD dword_1B8C0|192-184-1-0
58036|data|DCD aSS; "%s: %s.\n"|140-30-1-0
58040|data|DCD dword_1BA5C|92-186-1-0
58044|data|DCD aSuccesfullyRan; "Succesfully ran pre script"|24-42-1-0
58048|code|PUSH.W          {R4-R8,LR}|45-233-240-65
58052|code|MOV             R6, R0|6-70
58054|code|LDR             R7, =off_1B984; "%h"|62-79
58056|code|MOV             R4, R1|12-70
58058|code|LDR.W           R0, [R0,#0xC48]|208-248-72-12
58062|code|ADD.W           R8, R4, R2,LSL#2|4-235-130-8
58066|code|LDR             R1, [R6]|49-104
58068|code|MOVS            R4, #2|2-36
58070|code|LDR             R3, [R7]; "%h"|59-104
58072|code|MOV             R2, R3|26-70
58074|code|BL              sub_CE38|254-247-173-253
58078|code|LDR.W           R0, [R6,#0xC48]|214-248-72-12
58082|code|LDR             R1, [R6]|49-104
58084|code|LDR             R2, [R7]; "%h"|58-104
58086|code|BL              sub_CE38|254-247-167-253
58090|code|SUBS            R3, R4, #3; switch 5 cases|227-30
58092|code|CMP             R3, #4|4-43
58094|code|BHI             def_E2F0; jumptable 0000E2F0 default case|60-216
58096|code|TBB.W           [PC,R3]; switch jump|223-232-3-240
58100|data|DCB 0x34; jump table for switch statement|52
58101|data|DCB 0x13|19
58102|data|DCB 0xC|12
58103|data|DCB 3|3
58104|data|DCB 0x44|68
58105|data|ALIGN 2|0
58106|code|LDR.W           R3, [R6,#0xC4C]; jumptable 0000E2F0 case 6|214-248-76-60
58110|code|LDR             R2, [R7,#(off_1B998 - 0x1B984)]; "%c"|122-105
58112|code|CBZ             R3, loc_E324|131-177
58114|code|LDR             R1, =aYes; "yes"|48-73
58116|code|BL              sub_CE38|254-247-152-253
58120|code|ADDS            R4, #1|1-52
58122|code|B               loc_E2EA|238-231
58124|code|LDR.W           R1, [R6,#0xC00]; jumptable 0000E2F0 case 5|214-248-0-28
58128|code|ADDS            R4, #1|1-52
58130|code|LDR             R2, [R7,#(off_1B994 - 0x1B984)]; "%u"|58-105
58132|code|BL              sub_CE38|254-247-144-253
58136|code|B               loc_E2EA|231-231
58138|code|LDR.W           R3, [R6,#0xC14]; jumptable 0000E2F0 case 4|214-248-20-60
58142|code|LDR             R2, [R7,#(off_1B990 - 0x1B984)]; "%e"|250-104
58144|code|CMP             R3, #0|0-43
58146|code|BNE             loc_E302|238-209
58148|code|LDR             R1, =aNo; "no"|40-73
58150|code|BL              sub_CE38|254-247-135-253
58154|code|CMP             R4, #7|7-44
58156|code|BNE             loc_E308|236-209
58158|code|LDR             R3, =dword_1BA74|39-75
58160|code|MOV             R5, R0|5-70
58162|code|LDR             R3, [R3]|27-104
58164|code|CMP             R3, #1|1-43
58166|code|BNE             loc_E390|43-209
58168|code|LDR             R3, =stderr|37-75
58170|code|LDR             R1, =aDebugSS_0; "[DEBUG] %s %s\n"|38-73
58172|code|LDR             R2, =aPostrun; "postrun"|38-74
58174|code|LDR             R0, [R3]|24-104
58176|code|MOV             R3, R5|43-70
58178|code|BLX             fprintf|251-247-34-235
58182|code|MOV             R0, R5|40-70
58184|code|BL              sub_C778|254-247-22-250
58188|code|MOV             R4, R0|4-70
58190|code|CBZ             R0, loc_E39C|40-179
58192|code|MOV             R0, R5|40-70
58194|code|BLX             g_free|251-247-12-234
58198|code|MOVS            R0, #1|1-32
58200|code|POP.W           {R4-R8,PC}|189-232-240-129
58204|code|LDR.W           R1, [R8]; jumptable 0000E2F0 case 3|216-248-0-16
58208|code|ADDS            R4, #1|1-52
58210|code|LDR             R2, [R7,#(off_1B98C - 0x1B984)]; "%s"|186-104
58212|code|BL              sub_CE38|254-247-104-253
58216|code|B               loc_E2EA|191-231
58218|code|LDR.W           R1, [R6,#0xC40]; jumptable 0000E2F0 default case|214-248-64-28
58222|code|LDR             R2, [R7,#(off_1B988 - 0x1B984)]; "%a"|122-104
58224|code|BL              sub_CE38|254-247-98-253
58228|code|CMP             R4, #7|7-44
58230|code|BEQ             loc_E32E|218-208
58232|code|ADDS            R4, #1|1-52
58234|code|B               loc_E2EA|182-231
58236|code|LDR.W           R1, [R6,#0xC04]; jumptable 0000E2F0 case 7|214-248-4-28
58240|code|LDR             R2, [R7,#(off_1B99C - 0x1B984)]; "%g"|186-105
58242|code|BL              sub_CE38|254-247-89-253
58246|code|LDR             R3, =dword_1BA74|17-75
58248|code|LDR             R3, [R3]|27-104
58250|code|CMP             R3, #1|1-43
58252|code|MOV             R5, R0|5-70
58254|code|BEQ             loc_E338|211-208
58256|code|MOV             R0, R5|40-70
58258|code|BL              sub_C778|254-247-241-249
58262|code|MOV             R4, R0|4-70
58264|code|CMP             R0, #0|0-40
58266|code|BNE             loc_E350|217-209
58268|code|LDR             R3, =dword_1B8C0|15-75
58270|code|LDR             R3, [R3]|27-104
58272|code|CMP             R3, #1|1-43
58274|code|BLE             loc_E3A8|1-221
58276|code|POP.W           {R4-R8,PC}|189-232-240-129
58280|code|LDR             R3, =stderr|9-75
58282|code|LDR             R1, =aSS; "%s: %s.\n"|13-73
58284|code|LDR             R0, [R3]|24-104
58286|code|LDR             R3, =dword_1BA5C|13-75
58288|code|LDR             R2, [R3]|26-104
58290|code|LDR             R3, =aSuccesfullyRan_0; "Succesfully ran post script"|13-75
58292|code|BLX             fprintf|251-247-232-234
58296|code|MOV             R0, R4|32-70
58298|code|POP.W           {R4-R8,PC}|189-232-240-129
58302|data|ALIGN 0x10|0-191
58304|data|DCD off_1B984; "%h"|132-185-1-0
58308|data|DCD aYes; "yes"|104-23-1-0
58312|data|DCD aNo; "no"|216-9-1-0
58316|data|DCD dword_1BA74|116-186-1-0
58320|data|DCD stderr|64-186-1-0
58324|data|DCD aDebugSS_0; "[DEBUG] %s %s\n"|8-42-1-0
58328|data|DCD aPostrun; "postrun"|92-26-1-0
58332|data|DCD dword_1B8C0|192-184-1-0
58336|data|DCD aSS; "%s: %s.\n"|140-30-1-0
58340|data|DCD dword_1BA5C|92-186-1-0
58344|data|DCD aSuccesfullyRan_0; "Succesfully ran post script"|52-42-1-0
58348|code|PUSH.W          {R4-R9,LR}|45-233-240-67
58352|code|SUB             SP, SP, #0x14|133-176
58354|code|MOV             R6, R1|14-70
58356|code|MOV             R8, R0|128-70
58358|code|BL              sub_D96C|255-247-185-250
58362|code|MOVS            R0, #0x20 ; ' '|32-32
58364|code|BLX             g_malloc|251-247-170-233
58368|code|LDR             R7, =stdin|159-79
58370|code|MOV             R4, R0|4-70
58372|code|MOVS            R0, #3|3-32
58374|code|BLX             g_malloc|251-247-166-233
58378|code|MOV             R3, R0|3-70
58380|code|MOVS            R0, #5|5-32
58382|code|STR             R3, [R4,#4]|99-96
58384|code|BLX             g_malloc|251-247-160-233
58388|code|MOV             R3, R0|3-70
58390|code|MOV.W           R0, #0x1000|79-244-128-80
58394|code|STR             R3, [R4]|35-96
58396|code|BLX             g_malloc|251-247-154-233
58400|code|MOV             R3, R0|3-70
58402|code|MOVS            R0, #8|8-32
58404|code|STR             R3, [R4,#8]|163-96
58406|code|BLX             g_malloc|251-247-150-233
58410|code|MOV             R3, R0|3-70
58412|code|MOVS            R0, #0xB|11-32
58414|code|STR             R3, [R4,#0xC]|227-96
58416|code|BLX             g_malloc|251-247-144-233
58420|code|MOV             R3, R0|3-70
58422|code|MOVS            R0, #5|5-32
58424|code|STR             R3, [R4,#0x10]|35-97
58426|code|BLX             g_malloc|251-247-140-233
58430|code|MOV             R3, R0|3-70
58432|code|MOVS            R0, #1|1-32
58434|code|STR             R3, [R4,#0x14]|99-97
58436|code|BLX             g_malloc|251-247-134-233
58440|code|MOV             R3, R0|3-70
58442|code|MOV.W           R0, #0x1000|79-244-128-80
58446|code|STR             R3, [R4,#0x18]|163-97
58448|code|BLX             g_malloc|251-247-128-233
58452|code|LDR             R1, [R7]|57-104
58454|code|MOV             R3, R0|3-70
58456|code|MOV             R0, R4|32-70
58458|code|STR             R3, [R4,#0x1C]|227-97
58460|code|BL              sub_D320|254-247-96-255
58464|code|MOV             R0, R4|32-70
58466|code|BL              sub_D1D0|254-247-181-254
58470|code|CMP             R0, #0|0-40
58472|code|BNE.W           loc_E586|64-240-141-128
58476|code|LDR             R5, =dword_1BA60|133-77
58478|code|ADD.W           R6, R8, R6,LSL#2|8-235-134-6
58482|code|LDR             R3, [R6]|51-104
58484|code|LDR             R0, [R4,#8]|160-104
58486|code|LDR             R1, [R3]|25-104
58488|code|BLX             g_str_equal|251-247-150-233
58492|code|CBNZ            R0, loc_E490|64-185
58494|code|LDR             R3, [R5]|43-104
58496|code|CMP             R3, #1|1-43
58498|code|BLS.W           loc_E6F4|64-242-55-129
58502|code|LDR             R1, [R6]|49-104
58504|code|MOV.W           R0, #0xFFFFFFFF|79-240-255-48
58508|code|BL              sub_D788|255-247-124-249
58512|code|ADD.W           R0, R4, #0xC|4-241-12-0
58516|code|LDR             R3, [R6]|51-104
58518|code|LDR.W           R8, =off_1B8AC; "daily"|223-248-28-130
58522|code|LDM             R0, {R0-R2}|7-200
58524|code|STR.W           R1, [R3,#0xC20]|195-248-32-28
58528|code|LDR             R3, [R6]|51-104
58530|code|STR.W           R2, [R3,#0xC1C]|195-248-28-44
58534|code|LDR.W           R9, [R6]|214-248-0-144
58538|code|BL              sub_D144|254-247-75-254
58542|code|MOV             R1, R0|1-70
58544|code|MOV             R0, R9|72-70
58546|code|BL              sub_C6A4|254-247-247-248
58550|code|LDR             R1, [R4,#0xC]|225-104
58552|code|LDR             R0, =aSchemeRcvd; "Scheme rcvd"|115-72
58554|code|BL              sub_DA10|255-247-169-250
58558|code|LDR.W           R9, [R8,#(off_1B8BC - 0x1B8AC)]; "restore"|216-248-16-144
58562|code|MOV             R0, R9|72-70
58564|code|BLX             strlen|251-247-78-234
58568|code|LDR             R3, [R4,#0xC]|227-104
58570|code|MOV             R1, R9|73-70
58572|code|MOV             R2, R0|2-70
58574|code|MOV             R0, R3|24-70
58576|code|BLX             g_ascii_strncasecmp|251-247-136-233
58580|code|CMP             R0, #0|0-40
58582|code|BNE             loc_E5B0|107-209
58584|code|LDR             R3, [R5]|43-104
58586|code|CMP             R3, #1|1-43
58588|code|BLS.W           loc_E718|64-242-28-129
58592|code|LDR             R0, [R4,#0x1C]|224-105
58594|code|MOVS            R1, #0|0-33
58596|code|BL              sub_C9F4|254-247-134-250
58600|code|MOV             R8, R0|128-70
58602|code|CMP             R0, #0|0-40
58604|code|BEQ.W           loc_E6B8|0-240-228-128
58608|code|LDR             R0, [R4,#0x14]|96-105
58610|code|MOVS            R2, #4|4-34
58612|code|LDR             R1, =aCpfj; "cpfj"|101-73
58614|code|MOV.W           R8, #0|79-240-0-8
58618|code|BLX             g_ascii_strncasecmp|251-247-116-233
58622|code|CMP             R0, #0|0-40
58624|code|BEQ.W           loc_E66A|0-240-179-128
58628|code|LDR             R0, [R4,#0x14]|96-105
58630|code|MOVS            R2, #4|4-34
58632|code|LDR             R1, =aCpfz; "cpfz"|97-73
58634|code|BLX             g_ascii_strncasecmp|251-247-108-233
58638|code|CMP             R0, #0|0-40
58640|code|BEQ.W           loc_E656|0-240-161-128
58644|code|LDR             R0, [R4,#0x14]|96-105
58646|code|MOVS            R2, #4|4-34
58648|code|LDR             R1, =aCpf; "cpf"|94-73
58650|code|BLX             g_ascii_strncasecmp|251-247-100-233
58654|code|CMP             R0, #0|0-40
58656|code|BEQ.W           loc_E642|0-240-143-128
58660|code|LDR             R3, [R6]|51-104
58662|code|LDR.W           R3, [R3,#0xC14]|211-248-20-60
58666|code|CMP             R3, #0|0-43
58668|code|BEQ             loc_E5AC|62-208
58670|code|LDR             R0, [R4,#0x18]|160-105
58672|code|MOVS            R2, #1|1-34
58674|code|LDR             R1, =(aToday+4); "y"|89-73
58676|code|BLX             g_ascii_strncasecmp|251-247-86-233
58680|code|CMP             R0, #0|0-40
58682|code|BNE             loc_E5A2|50-209
58684|code|LDR             R4, =dword_1B8C0|87-76
58686|code|LDR             R3, [R4]|35-104
58688|code|CMP             R3, #1|1-43
58690|code|BLE.W           loc_E7A4|64-243-47-129
58694|code|LDR             R0, [R6]|48-104
58696|code|BL              sub_F3BC|0-240-56-255
58700|code|LDR             R3, [R4]|35-104
58702|code|CMP             R3, #0|0-43
58704|code|MOV             R9, R0|129-70
58706|code|BLE.W           loc_E7B6|64-243-48-129
58710|code|MOV             R1, R9|73-70
58712|code|LDR             R0, =aSS_3; "%s | %s"|81-72
58714|code|MOV             R2, R8|66-70
58716|code|BLX             g_strdup_printf|251-247-208-233
58720|code|MOV             R1, R0|1-70
58722|code|LDR             R0, [R7]|56-104
58724|code|MOVS            R2, #0|0-34
58726|code|ADD             R3, SP, #8|2-171
58728|code|BL              sub_F04C|0-240-112-253
58732|code|CBZ             R0, loc_E580|64-177
58734|code|LDR             R3, [R5]|43-104
58736|code|CMP             R3, #1|1-43
58738|code|BLS.W           loc_E72C|64-242-219-128
58742|code|LDR             R1, [R6]|49-104
58744|code|MOV.W           R0, #0xFFFFFFFF|79-240-255-48
58748|code|BL              sub_D788|255-247-4-249
58752|code|ADD             SP, SP, #0x14|5-176
58754|code|POP.W           {R4-R9,PC}|189-232-240-131
58758|code|LDR             R5, =dword_1BA60|63-77
58760|code|LDR             R3, [R5]|43-104
58762|code|CMP             R3, #1|1-43
58764|code|BLS.W           loc_E706|64-242-187-128
58768|code|LDR.W           R1, [R8,R6,LSL#2]|88-248-38-16
58772|code|MOV.W           R0, #0xFFFFFFFF|79-240-255-48
58776|code|ADD.W           R6, R8, R6,LSL#2|8-235-134-6
58780|code|BL              sub_D788|255-247-244-248
58784|code|B               loc_E472|103-231
58786|code|LDR             R3, =dword_1B8C0|62-75
58788|code|LDR             R3, [R3]|27-104
58790|code|CMP             R3, #1|1-43
58792|code|BLE.W           loc_E73E|64-243-201-128
58796|code|MOV             R1, R8|65-70
58798|code|B               loc_E562|216-231
58800|code|LDR.W           R8, [R8,#(off_1B8B8 - 0x1B8AC)]; "remote"|216-248-12-128
58804|code|MOV             R0, R8|64-70
58806|code|BLX             strlen|251-247-214-233
58810|code|LDR             R3, [R4,#0xC]|227-104
58812|code|MOV             R1, R8|65-70
58814|code|MOV             R2, R0|2-70
58816|code|MOV             R0, R3|24-70
58818|code|BLX             g_ascii_strncasecmp|251-247-16-233
58822|code|LDR             R3, [R5]|43-104
58824|code|CMP             R0, #0|0-40
58826|code|BEQ.W           loc_E6DC|0-240-135-128
58830|code|CMP             R3, #1|1-43
58832|code|BLS.W           loc_E81E|64-242-37-129
58836|code|LDR             R0, [R4,#0x18]|160-105
58838|code|MOVS            R2, #1|1-34
58840|code|LDR             R1, =(aToday+4); "y"|47-73
58842|code|BLX             g_ascii_strncasecmp|251-247-4-233
58846|code|CMP             R0, #0|0-40
58848|code|BEQ.W           loc_E752|0-240-183-128
58852|code|LDR             R0, [R6]|48-104
58854|code|LDR.W           R3, [R0,#0xC4C]|208-248-76-60
58858|code|MOV             R8, R3|152-70
58860|code|CBZ             R3, loc_E5F6|27-177
58862|code|BL              sub_F6EC|1-240-125-248
58866|code|MOV             R8, R0|128-70
58868|code|LDR             R0, [R6]|48-104
58870|code|LDR.W           R3, [R0,#0xC14]|208-248-20-60
58874|code|CBZ             R3, loc_E606|35-177
58876|code|LDR             R3, =dword_1B8C0|39-75
58878|code|LDR             R3, [R3]|27-104
58880|code|CMP             R3, #1|1-43
58882|code|BLE.W           loc_E832|64-243-22-129
58886|code|MOVS            R1, #0|0-33
58888|code|BL              sub_D4C0|254-247-90-255
58892|code|LDR             R3, [R6]|51-104
58894|code|LDR             R0, [R7]|56-104
58896|code|LDR.W           R2, [R3,#0xC4C]|211-248-76-44
58900|code|CMP             R2, #0|0-42
58902|code|BEQ.W           loc_E7CA|0-240-216-128
58906|code|MOV             R1, R8|65-70
58908|code|MOVS            R2, #0|0-34
58910|code|ADD             R3, SP, #8|2-171
58912|code|BL              sub_F04C|0-240-20-253
58916|code|CMP             R0, #0|0-40
58918|code|BEQ.W           loc_E768|0-240-159-128
58922|code|LDR             R3, [R5]|43-104
58924|code|CMP             R3, #1|1-43
58926|code|BHI             loc_E576|162-216
58928|code|LDR             R3, =stderr|28-75
58930|code|LDR             R1, =aSS; "%s: %s.\n"|29-73
58932|code|LDR             R0, [R3]|24-104
58934|code|LDR             R3, =dword_1BA5C|29-75
58936|code|LDR             R2, [R3]|26-104
58938|code|LDR             R3, =aCouldNotCreate_1; "Could not create archive"|29-75
58940|code|BLX             fprintf|251-247-164-233
58944|code|B               loc_E576|153-231
58946|code|LDR.W           LR, [R6]|214-248-0-224
58950|code|MOV             R2, R0|2-70
58952|code|MOV             R3, R0|3-70
58954|code|LDR             R1, [R4,#0x1C]|225-105
58956|code|MOV             R0, LR|112-70
58958|code|BL              sub_F60C|0-240-221-255
58962|code|MOV             R8, R0|128-70
58964|code|B               loc_E524|102-231
58966|code|LDR.W           LR, [R6]|214-248-0-224
58970|code|MOV             R2, R0|2-70
58972|code|LDR             R1, [R4,#0x1C]|225-105
58974|code|MOVS            R3, #1|1-35
58976|code|MOV             R0, LR|112-70
58978|code|BL              sub_F60C|0-240-211-255
58982|code|MOV             R8, R0|128-70
58984|code|B               loc_E514|84-231
58986|code|LDR.W           LR, [R6]|214-248-0-224
58990|code|MOV             R2, R0|2-70
58992|code|LDR             R1, [R4,#0x1C]|225-105
58994|code|MOVS            R3, #2|2-35
58996|code|MOV             R0, LR|112-70
58998|code|BL              sub_F60C|0-240-201-255
59002|code|MOV             R8, R0|128-70
59004|code|B               loc_E504|66-231
59006|data|ALIGN 0x10|0-191
59008|data|DCD stdin|72-186-1-0
59012|data|DCD dword_1BA60|96-186-1-0
59016|data|DCD aSchemeRcvd; "Scheme rcvd"|160-42-1-0
59020|data|DCD aCpfj; "cpfj"|152-14-1-0
59024|data|DCD aCpfz; "cpfz"|64-14-1-0
59028|data|DCD aCpf; "cpf"|140-14-1-0
59032|data|DCD aToday+4; "y"|32-19-1-0
59036|data|DCD dword_1B8C0|192-184-1-0
59040|data|DCD aSS_3; "%s | %s"|16-43-1-0
59044|data|DCD stderr|64-186-1-0
59048|data|DCD aSS; "%s: %s.\n"|140-30-1-0
59052|data|DCD dword_1BA5C|92-186-1-0
59056|data|DCD aCouldNotCreate_1; "Could not create archive"|8-44-1-0
59060|data|DCD off_1B8AC; "daily"|172-184-1-0
59064|code|LDR             R2, =stderr|110-74
59066|code|LDR             R3, [R4,#0x1C]|227-105
59068|code|LDR             R1, =aSFatalSSS; "%s: FATAL: %s %s %s.\n"|110-73
59070|code|LDR             R0, [R2]|16-104
59072|code|LDR             R2, =dword_1BA5C|110-74
59074|code|LDR             R2, [R2]|18-104
59076|code|STR             R3, [SP]|0-147
59078|code|LDR             R3, =aDoesNotExist; " does not exist"|110-75
59080|code|STR             R3, [SP,#4]|1-147
59082|code|LDR             R3, =aExtractDir; "Extract dir: "|110-75
59084|code|BLX             fprintf|251-247-92-233
59088|code|MOV.W           R0, #0xFFFFFFFF|79-240-255-48
59092|code|MOV             R1, R8|65-70
59094|code|BL              sub_D788|255-247-87-248
59098|code|B               loc_E4F0|9-231
59100|code|CMP             R3, #1|1-43
59102|code|BHI.W           loc_E576|63-246-74-175
59106|code|LDR             R3, =stderr|100-75
59108|code|LDR             R1, =aSS; "%s: %s.\n"|104-73
59110|code|LDR             R0, [R3]|24-104
59112|code|LDR             R3, =dword_1BA5C|100-75
59114|code|LDR             R2, [R3]|26-104
59116|code|LDR             R3, =aProtocolIllega; "Protocol: Illegal scheme: 'remote'"|103-75
59118|code|BLX             fprintf|251-247-76-233
59122|code|B               loc_E576|64-231
59124|code|LDR             R3, =stderr|95-75
59126|code|LDR             R1, =aSS; "%s: %s.\n"|100-73
59128|code|LDR             R0, [R3]|24-104
59130|code|LDR             R3, =dword_1BA5C|96-75
59132|code|LDR             R2, [R3]|26-104
59134|code|LDR             R3, =aProtocolLocalH; "Protocol: local hostname does not match"...|100-75
59136|code|BLX             fprintf|251-247-66-233
59140|code|B               loc_E486|191-230
59142|code|LDR             R3, =stderr|91-75
59144|code|LDR             R1, =aSS; "%s: %s.\n"|95-73
59146|code|LDR             R0, [R3]|24-104
59148|code|LDR             R3, =dword_1BA5C|91-75
59150|code|LDR             R2, [R3]|26-104
59152|code|LDR             R3, =aProtocolBogusH; "Protocol: bogus header"|96-75
59154|code|BLX             fprintf|251-247-58-233
59158|code|B               loc_E590|59-231
59160|code|LDR             R2, =stderr|86-74
59162|code|LDR             R3, [R6]|51-104
59164|code|LDR             R1, =aSSStartingRemo; "%s: %s: STARTING REMOTE RESTORE.\n"|94-73
59166|code|LDR             R0, [R2]|16-104
59168|code|LDR             R2, =dword_1BA5C|86-74
59170|code|LDR             R3, [R3]|27-104
59172|code|LDR             R2, [R2]|18-104
59174|code|BLX             fprintf|251-247-48-233
59178|code|B               loc_E4E0|217-230
59180|code|LDR             R3, =stderr|81-75
59182|code|LDR             R1, =aSS; "%s: %s.\n"|86-73
59184|code|LDR             R0, [R3]|24-104
59186|code|LDR             R3, =dword_1BA5C|82-75
59188|code|LDR             R2, [R3]|26-104
59190|code|LDR             R3, =aCouldNotRemote; "Could not remotely restore the archive"|89-75
59192|code|BLX             fprintf|251-247-38-233
59196|code|B               loc_E576|27-231
59198|code|LDR             R3, =stderr|77-75
59200|code|LDR             R1, =aSS; "%s: %s.\n"|81-73
59202|code|LDR             R0, [R3]|24-104
59204|code|LDR             R3, =dword_1BA5C|77-75
59206|code|LDR             R2, [R3]|26-104
59208|code|LDR             R3, =aEncryptionSpec; "Encryption specified in config - not us"...|85-75
59210|code|BLX             fprintf|251-247-30-233
59214|code|MOV             R1, R8|65-70
59216|code|B               loc_E562|7-231
59218|code|LDR.W           R8, [R6]|214-248-0-128
59222|code|MOV             R2, R0|2-70
59224|code|LDR             R1, =(aTarBz2Nc+8); ".nc"|82-73
59226|code|LDR.W           R0, [R8,#0xC40]|216-248-64-12
59230|code|BLX             g_strconcat|251-247-164-232
59234|code|STR.W           R0, [R8,#0xC40]|200-248-64-12
59238|code|B               loc_E5E4|61-231
59240|code|LDR             R3, [R6]|51-104
59242|code|LDR             R0, [R4,#0xC]|224-104
59244|code|LDR             R5, =dword_1B8C0|78-77
59246|code|LDR.W           R7, [R3,#0xC2C]|211-248-44-124
59250|code|BL              sub_D144|254-247-231-252
59254|code|LDR             R3, [R6]|51-104
59256|code|LDR.W           R2, [R3,#0xC00]|211-248-0-44
59260|code|LDR.W           R3, [R3,#0xC04]|211-248-4-60
59264|code|MOV             R1, R0|1-70
59266|code|MOV             R0, R7|56-70
59268|code|BL              sub_CB3C|254-247-218-249
59272|code|LDR             R2, [R5]|42-104
59274|code|CMP             R2, #1|1-42
59276|code|BLE             loc_E846|91-221
59278|code|LDR             R3, [R6]|51-104
59280|code|LDR             R0, [R4,#0xC]|224-104
59282|code|LDR.W           R4, [R3,#0xC2C]|211-248-44-76
59286|code|BL              sub_D144|254-247-213-252
59290|code|MOV             R1, R0|1-70
59292|code|MOV             R0, R4|32-70
59294|code|BL              sub_CACC|254-247-149-249
59298|code|B               loc_E580|237-230
59300|code|LDR             R3, =stderr|51-75
59302|code|LDR             R1, =aSS; "%s: %s.\n"|56-73
59304|code|LDR             R0, [R3]|24-104
59306|code|LDR             R3, =dword_1BA5C|52-75
59308|code|LDR             R2, [R3]|26-104
59310|code|LDR             R3, =aEncryptionFoun; "Encryption found - trying to decrypt"|63-75
59312|code|BLX             fprintf|251-247-234-232
59316|code|B               loc_E546|199-230
59318|code|LDR             R3, =stderr|47-75
59320|code|STR             R0, [SP]|0-144
59322|code|LDR             R1, =aSSS_1; "%s: %s %s.\n"|61-73
59324|code|LDR             R0, [R3]|24-104
59326|code|LDR             R3, =dword_1BA5C|47-75
59328|code|LDR             R2, [R3]|26-104
59330|code|LDR             R3, =aDecryptionComm; "Decryption command: "|60-75
59332|code|BLX             fprintf|251-247-224-232
59336|code|B               loc_E556|197-230
59338|code|LDR.W           R1, [R3,#0xC40]|211-248-64-28
59342|code|ADD             R2, SP, #8|2-170
59344|code|BL              sub_EF54|0-240-192-251
59348|code|CMP             R0, #0|0-40
59350|code|BNE.W           loc_E62A|127-244-40-175
59354|code|LDR             R3, [R6]|51-104
59356|code|LDR.W           R1, [R3,#0xC00]|211-248-0-28
59360|code|LDR.W           R2, [R3,#0xC04]|211-248-4-44
59364|code|LDR.W           R0, [R3,#0xC40]|211-248-64-12
59368|code|BL              sub_CA2C|254-247-32-249
59372|code|LDR             R3, [R6]|51-104
59374|code|LDR.W           R0, [R3,#0xC40]|211-248-64-12
59378|code|BL              sub_CAA8|254-247-89-249
59382|code|LDR             R3, =dword_1B8C0|44-75
59384|code|LDR             R3, [R3]|27-104
59386|code|CMP             R3, #1|1-43
59388|code|BGT.W           loc_E580|63-247-192-174
59392|code|LDR             R3, =dword_1BA5C|30-75
59394|code|LDRD.W          R0, R1, [SP,#8]|221-233-2-1
59398|code|LDR             R4, [R3]|28-104
59400|code|LDR             R3, =stderr|26-75
59402|code|LDR             R5, [R3]|29-104
59404|code|BL              sub_C874|254-247-50-248
59408|code|LDR             R1, =aSWroteS; "%s: wrote %s.\n"|41-73
59410|code|MOV             R2, R4|34-70
59412|code|MOV             R3, R0|3-70
59414|code|MOV             R0, R5|40-70
59416|code|BLX             fprintf|251-247-182-232
59420|code|B               loc_E580|176-230
59422|code|LDR             R2, =stderr|21-74
59424|code|LDR             R3, [R6]|51-104
59426|code|LDR             R1, =aSSStartingRemo_0; "%s: %s: STARTING REMOTE BACKUP.\n"|38-73
59428|code|LDR             R0, [R2]|16-104
59430|code|LDR             R2, =dword_1BA5C|21-74
59432|code|LDR             R3, [R3]|27-104
59434|code|LDR             R2, [R2]|18-104
59436|code|BLX             fprintf|251-247-172-232
59440|code|B               loc_E5D4|208-230
59442|code|LDR             R3, =stderr|16-75
59444|code|LDR             R1, =aSS; "%s: %s.\n"|20-73
59446|code|LDR             R0, [R3]|24-104
59448|code|LDR             R3, =dword_1BA5C|16-75
59450|code|LDR             R2, [R3]|26-104
59452|code|LDR             R3, =aWillNotEncrypt; "Will not encrypt archives from remote h"...|32-75
59454|code|BLX             fprintf|251-247-164-232
59458|code|LDR             R0, [R6]|48-104
59460|code|B               loc_E606|223-230
59462|code|LDR.W           R8, =stderr|223-248-44-128
59466|code|MOV             R3, R0|3-70
59468|code|LDR             R7, =dword_1BA5C|11-79
59470|code|LDR             R1, =aSChunksCreated; "%s: Chunks created: %d.\n"|29-73
59472|code|LDR.W           R0, [R8]|216-248-0-0
59476|code|LDR             R2, [R7]|58-104
59478|code|BLX             fprintf|251-247-152-232
59482|code|LDR             R3, [R5]|43-104
59484|code|CMP             R3, #1|1-43
59486|code|BGT             loc_E78E|150-220
59488|code|LDR             R3, [R6]|51-104
59490|code|LDR             R2, [R7]|58-104
59492|code|LDR.W           R0, [R8]|216-248-0-0
59496|code|LDR.W           R3, [R3,#0xC4C]|211-248-76-60
59500|code|LDR             R1, =aSChunkSizeS; "%s: Chunk size: %s.\n"|22-73
59502|code|BLX             fprintf|251-247-140-232
59506|code|B               loc_E78E|140-231
59508|data|DCD stderr|64-186-1-0
59512|data|DCD aSFatalSSS; "%s: FATAL: %s %s %s.\n"|28-13-1-0
59516|data|DCD dword_1BA5C|92-186-1-0
59520|data|DCD aDoesNotExist; " does not exist"|68-13-1-0
59524|data|DCD aExtractDir; "Extract dir: "|52-13-1-0
59528|data|DCD aSS; "%s: %s.\n"|140-30-1-0
59532|data|DCD aProtocolIllega; "Protocol: Illegal scheme: 'remote'"|108-43-1-0
59536|data|DCD aProtocolLocalH; "Protocol: local hostname does not match"...|104-42-1-0
59540|data|DCD aProtocolBogusH; "Protocol: bogus header"|80-42-1-0
59544|data|DCD aSSStartingRemo; "%s: %s: STARTING REMOTE RESTORE.\n"|172-42-1-0
59548|data|DCD aCouldNotRemote; "Could not remotely restore the archive"|68-43-1-0
59552|data|DCD aEncryptionSpec; "Encryption specified in config - not us"...|24-43-1-0
59556|data|DCD aTarBz2Nc+8; ".nc"|72-29-1-0
59560|data|DCD dword_1B8C0|192-184-1-0
59564|data|DCD aEncryptionFoun; "Encryption found - trying to decrypt"|208-42-1-0
59568|data|DCD aSSS_1; "%s: %s %s.\n"|96-11-1-0
59572|data|DCD aDecryptionComm; "Decryption command: "|248-42-1-0
59576|data|DCD aSWroteS; "%s: wrote %s.\n"|248-43-1-0
59580|data|DCD aSSStartingRemo_0; "%s: %s: STARTING REMOTE BACKUP.\n"|144-43-1-0
59584|data|DCD aWillNotEncrypt; "Will not encrypt archives from remote h"...|180-43-1-0
59588|data|DCD aSChunksCreated; "%s: Chunks created: %d.\n"|36-44-1-0
59592|data|DCD aSChunkSizeS; "%s: Chunk size: %s.\n"|64-44-1-0
59596|code|PUSH            {R4-R7,LR}|240-181
59598|code|MOV             R7, R0|7-70
59600|code|SUB             SP, SP, #0x1C|135-176
59602|code|MOVS            R0, #0x2C ; ','|44-32
59604|code|MOV             R5, R2|21-70
59606|code|MOV             R6, R1|14-70
59608|code|BLX             g_malloc|250-247-60-239
59612|code|ADD             R2, SP, #0x30+var_24|3-170
59614|code|ADD             R3, SP, #0x30+var_20|4-171
59616|code|MOV             R1, R5|41-70
59618|code|MOV             R4, R0|4-70
59620|code|MOV             R0, R7|56-70
59622|code|ADD             R7, SP, #0x30+var_1C|5-175
59624|code|STR             R7, [SP,#0x30+var_30]|0-151
59626|code|BL              sub_C610|253-247-145-254
59630|code|LDR             R3, [SP,#0x30+var_1C]|5-155
59632|code|MOVW            R2, #0x7C5|64-242-197-114
59636|code|CMP             R3, R2|147-66
59638|code|BGT             loc_E908|7-220
59640|code|LDR             R2, =stderr|28-74
59642|code|LDR             R1, =aSWarningUnlike; "%s: WARNING: Unlikely year seen (%d). I"...|29-73
59644|code|LDR             R0, [R2]; stream|16-104
59646|code|LDR             R2, =dword_1BA5C|29-74
59648|code|LDR             R2, [R2]|18-104
59650|code|BLX             fprintf|251-247-66-232
59654|code|LDR             R3, [SP,#0x30+var_1C]|5-155
59656|code|LDR             R7, [SP,#0x30+var_24]|3-159
59658|code|SUB.W           R3, R3, #0x760|163-245-236-99
59662|code|LDR             R1, [SP,#0x30+var_20]|4-153
59664|code|MOVS            R2, #0|0-34
59666|code|SUBS            R3, #0xC|12-59
59668|code|STR             R2, [R4]|34-96
59670|code|SUBS            R1, #1|1-57
59672|code|STR             R7, [R4,#0xC]|231-96
59674|code|STR             R1, [R4,#0x10]|33-97
59676|code|MOV             R0, R4; tp|32-70
59678|code|STR             R3, [R4,#0x14]|99-97
59680|code|STR             R2, [R4,#4]|98-96
59682|code|STR             R2, [R4,#8]|162-96
59684|code|STR             R2, [R4,#0x18]|162-97
59686|code|STR             R2, [R4,#0x1C]|226-97
59688|code|STR             R2, [R4,#0x20]|34-98
59690|code|BLX             mktime|250-247-38-239
59694|code|MOV             R2, #0x15180|79-244-163-66-192-242-1-2
59702|code|ADD             R3, SP, #0x30+var_18|6-171
59704|code|MLA.W           R6, R2, R6, R0|2-251-6-6
59708|code|STR.W           R6, [R3,#-0x10]!|67-248-16-109
59712|code|MOV             R0, R3; timer|24-70
59714|code|BLX             localtime|250-247-228-239
59718|code|LDR             R4, [R0,#0x14]|68-105
59720|code|MOV             R3, R0|3-70
59722|code|MOV             R0, R5|40-70
59724|code|LDR             R5, [R3,#0xC]|221-104
59726|code|ADD.W           R4, R4, #0x760|4-245-236-100
59730|code|LDR             R2, [R3,#0x10]|26-105
59732|code|ADDS            R4, #0xC|12-52
59734|code|STR             R4, [SP,#0x30+var_1C]|5-148
59736|code|ADDS            R2, #1|1-50
59738|code|MOV             R1, R5|41-70
59740|code|MOV             R3, R4|35-70
59742|code|STR             R2, [SP,#0x30+var_20]|4-146
59744|code|STR             R5, [SP,#0x30+var_24]|3-149
59746|code|BL              sub_C648|253-247-113-254
59750|code|ADD             SP, SP, #0x1C|7-176
59752|code|POP             {R4-R7,PC}|240-189
59754|data|ALIGN 4|0-191
59756|data|DCD stderr|64-186-1-0
59760|data|DCD aSWarningUnlike; "%s: WARNING: Unlikely year seen (%d). I"...|88-44-1-0
59764|data|DCD dword_1BA5C|92-186-1-0
59768|code|PUSH.W          {R4-R11,LR}|45-233-240-79
59772|code|SUB             SP, SP, #0x2C|139-176
59774|code|MOV             R7, R0|7-70
59776|code|STR             R1, [SP,#0x50+var_40]|4-145
59778|code|LDR             R1, [R1,#8]|137-104
59780|code|STR             R2, [SP,#0x50+var_34]|7-146
59782|code|STR             R3, [SP,#0x50+var_38]|6-147
59784|code|MOV             R0, R1; s|8-70
59786|code|STR             R1, [SP,#0x50+var_3C]|5-145
59788|code|BLX             strlen|250-247-234-239
59792|code|MOV             R5, R0|5-70
59794|code|LDR             R0, [R7,#8]; s|184-104
59796|code|BLX             strlen|250-247-230-239
59800|code|MOV             R4, R0|4-70
59802|code|MOVS            R0, #0xC|12-32
59804|code|BLX             g_malloc|250-247-218-238
59808|code|ADDS            R0, R5, R4|40-25
59810|code|ADDS            R0, #0x10|16-48
59812|code|BLX             g_malloc|250-247-214-238
59816|code|LDR             R2, [SP,#0x50+var_40]|4-154
59818|code|LDR.W           R3, [R2,#0xC9C]|210-248-156-60
59822|code|CMP             R3, #1|1-43
59824|code|ITE EQ|12-191
59826|code|LDREQ           R0, =aStatic; "static"|80-72
59828|code|LDRNE           R0, [R7,#0xC]|248-104
59830|code|BLX             g_strdup|251-247-148-232
59834|code|MOVS            R3, #0x65 ; 'e'|101-35
59836|code|MOV.W           R1, #0xFFFFFFFF|79-240-255-49
59840|code|STR             R3, [SP,#0x50+var_48]|2-147
59842|code|STR             R1, [SP,#0x50+var_44]|3-145
59844|code|MOV             R11, R0|131-70
59846|code|LDR             R2, [R7,#8]|186-104
59848|code|MOV             R3, R11|91-70
59850|code|LDR             R1, [SP,#0x50+var_3C]|5-153
59852|code|LDR             R0, =aSSS_2; "%s%s/%s"|74-72
59854|code|BLX             g_strdup_printf|250-247-152-239
59858|code|MOV             R2, #0x1B8C0|75-246-192-2-192-242-1-2
59866|code|LDR             R3, [R2]|19-104
59868|code|CMP             R3, #1|1-43
59870|code|MOV             R10, R0|130-70
59872|code|BLE             loc_EAAA|99-221
59874|code|MOV             R0, R10|80-70
59876|code|MOVS            R1, #4|4-33
59878|code|BLX             g_file_test|251-247-142-232
59882|code|CMP             R0, #0|0-40
59884|code|BEQ             loc_EA5A|53-208
59886|code|LDR             R2, [SP,#0x50+var_44]|3-154
59888|code|ADDS            R4, R2, #1|84-28
59890|code|CMP             R4, #2|2-44
59892|code|BGT             loc_EA5A|49-220
59894|code|LSLS            R3, R2, #2|147-0
59896|code|LDR             R1, [SP,#0x50+var_34]|7-153
59898|code|LDR             R2, =off_1B8AC; "daily"|64-74
59900|code|LDR             R6, =dword_1BA74|64-78
59902|code|ADDS            R5, R1, R3|205-24
59904|code|ADD.W           R8, R3, R2|3-235-2-8
59908|code|B               loc_EA14|6-224
59910|code|MOV             R0, R9|72-70
59912|code|ADDS            R4, #1|1-52
59914|code|BLX             g_free|250-247-176-238
59918|code|ADDS            R5, #4|4-53
59920|code|CMP             R4, #3|3-44
59922|code|BEQ             loc_EA5A|34-208
59924|code|LDR.W           R3, [R8,#4]!|88-248-4-63
59928|code|MOV             R1, R10|81-70
59930|code|LDR             R2, [R7,#8]|186-104
59932|code|LDR             R0, =aSSSTar; "%s/%s.*.%s.tar*"|57-72
59934|code|BLX             g_strdup_printf|250-247-112-239
59938|code|LDR             R3, [R6]|51-104
59940|code|CMP             R3, #1|1-43
59942|code|MOV             R9, R0|129-70
59944|code|BEQ             loc_EA96|53-208
59946|code|ADD             R1, SP, #0x50+var_2C|9-169
59948|code|MOV             R0, R9|72-70
59950|code|BL              sub_C9F4|253-247-225-255
59954|code|CMP             R0, #1|1-40
59956|code|BNE             loc_EA06|231-209
59958|code|LDR             R3, [R5,#4]|107-104
59960|code|CMP             R3, #0|0-43
59962|code|BNE             loc_EA06|228-209
59964|code|LDR             R0, [SP,#0x50+var_2C]|9-152
59966|code|STR             R4, [SP,#0x50+var_44]|3-148
59968|code|BLX             g_strdup|251-247-78-232
59972|code|ADDS            R4, #1|1-52
59974|code|STR             R0, [R5,#4]|104-96
59976|code|ADDS            R5, #4|4-53
59978|code|LDR             R0, [SP,#0x50+var_2C]|9-152
59980|code|BLX             g_free|250-247-142-238
59984|code|MOV             R0, R9|72-70
59986|code|BLX             g_free|250-247-140-238
59990|code|CMP             R4, #3|3-44
59992|code|BNE             loc_EA14|220-209
59994|code|LDR             R3, [SP,#0x50+var_44]|3-155
59996|code|CMP             R3, #2|2-43
59998|code|BEQ             loc_EA8E|22-208
60000|code|LDR             R1, [SP,#0x50+var_40]|4-153
60002|code|LDR.W           R3, [R1,#0xC9C]|209-248-156-60
60006|code|CMP             R3, #1|1-43
60008|code|BEQ             loc_EA8E|17-208
60010|code|LDR             R6, =dword_1BA74|37-78
60012|code|LDR             R3, [R6]|51-104
60014|code|CMP             R3, #1|1-43
60016|code|BEQ             loc_EAE0|54-208
60018|code|MOV             R0, R11|88-70
60020|code|MOV.W           R1, #0xFFFFFFFF|79-240-255-49
60024|code|LDR             R2, [SP,#0x50+var_38]|6-154
60026|code|BL              sub_E8CC|255-247-39-255
60030|code|LDR             R3, [R6]|51-104
60032|code|CMP             R3, #1|1-43
60034|code|MOV             R11, R0|131-70
60036|code|BEQ             loc_EACC|34-208
60038|code|LDR             R1, [SP,#0x50+var_48]|2-153
60040|code|SUBS            R1, #1|1-57
60042|code|STR             R1, [SP,#0x50+var_48]|2-145
60044|code|BNE             loc_E9C6|155-209
60046|code|LDR             R0, [SP,#0x50+var_44]|3-152
60048|code|ADD             SP, SP, #0x2C ; ','|11-176
60050|code|POP.W           {R4-R11,PC}|189-232-240-143
60054|code|MOV             R2, #0x1BA40|75-246-64-34-192-242-1-2
60062|code|LDR             R1, =aDebugMatchname; "[DEBUG] matchname %s\n"|26-73
60064|code|LDR             R0, [R2]; stream|16-104
60066|code|MOV             R2, R9|74-70
60068|code|BLX             fprintf|250-247-112-239
60072|code|B               loc_EA2A|191-231
60074|code|MOVW            R3, #0xBA5C|75-246-92-35
60078|code|MOVW            R1, #0xBA40|75-246-64-33
60082|code|MOVT.W          R3, #1|192-242-1-3
60086|code|MOVT.W          R1, #1|192-242-1-1
60090|code|LDR             R2, [R3]|26-104
60092|code|LDR             R0, [R1]; stream|8-104
60094|code|LDR             R3, =aRestoreLooking; "Restore: looking in"|19-75
60096|code|LDR             R1, =aSSS_1; "%s: %s %s.\n"|19-73
60098|code|STR.W           R10, [SP,#0x50+var_50]|205-248-0-160
60102|code|BLX             fprintf|250-247-96-239
60106|code|B               loc_E9E2|138-231
60108|code|MOV             R3, #0x1BA40|75-246-64-35-192-242-1-3
60116|code|LDR             R1, =aDebugPreviousD; "[DEBUG] Previous day: %s\n"|15-73
60118|code|MOV             R2, R11|90-70
60120|code|LDR             R0, [R3]; stream|24-104
60122|code|BLX             fprintf|250-247-86-239
60126|code|B               loc_EA86|210-231
60128|code|MOV             R2, #0x1BA40|75-246-64-34-192-242-1-2
60136|code|LDR             R1, =aDebugCurrentDa; "[DEBUG] Current day: %s\n"|11-73
60138|code|LDR             R0, [R2]; stream|16-104
60140|code|MOV             R2, R11|90-70
60142|code|BLX             fprintf|250-247-76-239
60146|code|B               loc_EA72|190-231
60148|data|DCD aStatic; "static"|132-18-1-0
60152|data|DCD aSSS_2; "%s%s/%s"|160-44-1-0
60156|data|DCD off_1B8AC; "daily"|172-184-1-0
60160|data|DCD dword_1BA74|116-186-1-0
60164|data|DCD aSSSTar; "%s/%s.*.%s.tar*"|188-44-1-0
60168|data|DCD aDebugMatchname; "[DEBUG] matchname %s\n"|204-44-1-0
60172|data|DCD aRestoreLooking; "Restore: looking in"|168-44-1-0
60176|data|DCD aSSS_1; "%s: %s %s.\n"|96-11-1-0
60180|data|DCD aDebugPreviousD; "[DEBUG] Previous day: %s\n"|0-45-1-0
60184|data|DCD aDebugCurrentDa; "[DEBUG] Current day: %s\n"|228-44-1-0
60188|code|PUSH.W          {R4-R11,LR}|45-233-240-79
60192|code|MOV             R7, R2|23-70
60194|code|SUB             SP, SP, #0x1C|135-176
60196|code|MOV             R5, R1|13-70
60198|code|MOV             R4, R0|4-70
60200|code|BL              sub_D96C|254-247-32-255
60204|code|LDR             R0, [R7,#0x10]|56-105
60206|code|MOVS            R2, #1|1-34
60208|code|LDR             R1, =asc_12034; "/"|123-73
60210|code|MOVS            R3, #0|0-35
60212|code|STR             R3, [SP,#0x14]|5-147
60214|code|STR             R3, [SP,#0x10]|4-147
60216|code|STR             R3, [SP,#0xC]|3-147
60218|code|BLX             g_ascii_strncasecmp|250-247-84-238
60222|code|CBNZ            R0, loc_EB4C|40-185
60224|code|LDR             R0, [R7,#0x10]|56-105
60226|code|BLX             strlen|250-247-16-239
60230|code|CMP             R0, #1|1-40
60232|code|BEQ.W           loc_ECC0|0-240-186-128
60236|code|LDR.W           R3, [R4,R5,LSL#2]|84-248-37-48
60240|code|ADD.W           R6, R4, R5,LSL#2|4-235-133-6
60244|code|LDR.W           R0, [R3,#0xC24]|211-248-36-12
60248|code|MOVS            R2, #3|3-34
60250|code|LDR             R1, =aIso; "iso"|114-73
60252|code|BLX             g_ascii_strncasecmp|250-247-66-238
60256|code|MOVS            R3, #1|1-35
60258|code|CMP             R0, #0|0-40
60260|code|BNE.W           loc_ECA8|64-240-160-128
60264|code|ADD             R2, SP, #0xC|3-170
60266|code|LDR             R1, [R6]|49-104
60268|code|MOV             R0, R7|56-70
60270|code|BL              sub_E978|255-247-3-255
60274|code|ADDS            R2, R0, #1|66-28
60276|code|MOV             R4, R0|4-70
60278|code|BEQ             loc_EC28|87-208
60280|code|CMP             R0, #3|3-40
60282|code|BGT             loc_EC64|115-220
60284|code|CMP             R0, #1|1-40
60286|code|BLE             loc_EC40|95-221
60288|code|LDR             R1, [R6]|49-104
60290|code|LDR.W           R3, [R1,#0xC18]|209-248-24-60
60294|code|CMP             R3, #0|0-43
60296|code|BEQ             loc_EC88|126-208
60298|code|CMP             R4, #0|0-44
60300|code|BLT             loc_EC1C|70-219
60302|code|ADD             R3, SP, #0xC|3-171
60304|code|LDR.W           R9, =dword_1B8C0|223-248-224-145
60308|code|ADD.W           R5, R3, R4,LSL#2|3-235-132-5
60312|code|LDR.W           R11, =dword_1BA5C|223-248-160-177
60316|code|MOV.W           R8, #1|79-240-1-8
60320|code|MOV.W           R10, #0|79-240-0-10
60324|code|B               loc_EBDA|25-224
60326|code|LDR             R0, [R6]|48-104
60328|code|MOV             R1, R7|57-70
60330|code|MOV             R2, LR|114-70
60332|code|BL              sub_FAA8|0-240-124-255
60336|code|MOV             R10, R0|130-70
60338|code|CBZ             R0, loc_EBBC|24-177
60340|code|LDR             R3, [R6]|51-104
60342|code|LDR.W           R3, [R3,#0xC18]|211-248-24-60
60346|code|CBNZ            R3, loc_EC14|91-187
60348|code|LDR             R0, [R5,#4]|104-104
60350|code|BL              sub_C974|253-247-217-254
60354|code|MOV             R1, R0|1-70
60356|code|LDR             R0, =aArchives; "Archives"|88-72
60358|code|BL              sub_DA10|254-247-35-255
60362|code|CMP.W           R10, #0|186-241-0-15
60366|code|IT EQ|8-191
60368|code|MOVEQ.W         R8, #0|79-240-0-8
60372|code|ADDS            R3, R4, #1|99-28
60374|code|BEQ             loc_EC14|29-208
60376|code|LDR             R1, [R6]|49-104
60378|code|LDR             R3, [R7,#0xC]|251-104
60380|code|SUBS            R4, #1|1-60
60382|code|STR.W           R3, [R1,#0xC20]|193-248-32-60
60386|code|LDR.W           LR, [R5],#-4|85-248-4-233
60390|code|CMP.W           LR, #0|190-241-0-15
60394|code|BEQ             loc_EBCA|238-208
60396|code|LDR.W           R3, [R9]|217-248-0-48
60400|code|CMP             R3, #1|1-43
60402|code|BGT             loc_EBA6|216-220
60404|code|MOV             R3, #0x1BA40|75-246-64-35-192-242-1-3
60412|code|LDR.W           R2, [R11]|219-248-0-32
60416|code|LDR             R0, [R3]|24-104
60418|code|LDR             R1, =aSSS_1; "%s: %s %s.\n"|74-73
60420|code|LDR             R3, =aRestoringFrom; "Restoring from"|74-75
60422|code|STR.W           LR, [SP]|205-248-0-224
60426|code|BLX             fprintf|250-247-190-238
60430|code|LDR.W           LR, [R5,#4]|213-248-4-224
60434|code|B               loc_EBA6|200-231
60436|code|CMP.W           R8, #0|184-241-0-15
60440|code|BEQ             loc_EC5A|31-208
60442|code|LDR             R1, [R6]|49-104
60444|code|MOVS            R0, #1|1-32
60446|code|BL              sub_D788|254-247-179-253
60450|code|ADD             SP, SP, #0x1C|7-176
60452|code|POP.W           {R4-R11,PC}|189-232-240-143
60456|code|LDR             R3, =stderr|66-75
60458|code|LDR             R1, =aSFatalS; "%s: FATAL: %s.\n"|67-73
60460|code|LDR             R0, [R3]|24-104
60462|code|LDR             R3, =dword_1BA5C|67-75
60464|code|LDR             R2, [R3]|26-104
60466|code|LDR             R3, =aNoArchivesFoun; "No archives found: nothing restored"|67-75
60468|code|BLX             fprintf|250-247-168-238
60472|code|MOV             R0, R4|32-70
60474|code|MOVS            R1, #0|0-33
60476|code|BL              sub_D788|254-247-164-253
60480|code|LDR             R3, =dword_1BA60|64-75
60482|code|LDR             R3, [R3]|27-104
60484|code|CMP             R3, #1|1-43
60486|code|BHI             loc_EB80|155-216
60488|code|LDR             R3, =stderr|58-75
60490|code|LDR             R1, =aSS; "%s: %s.\n"|63-73
60492|code|LDR             R0, [R3]|24-104
60494|code|LDR             R3, =dword_1BA5C|59-75
60496|code|LDR             R2, [R3]|26-104
60498|code|LDR             R3, =aNoMonthlyArchi; "No monthly archive found. Trying to res"...|62-75
60500|code|BLX             fprintf|250-247-152-238
60504|code|B               loc_EB80|146-231
60506|code|LDR             R1, =aSuccessfullyRe; "successfully restored backup"|61-73
60508|code|LDR             R0, =aStatus; "Status"|61-72
60510|code|BL              sub_DA10|254-247-215-254
60514|code|B               loc_EC22|222-231
60516|code|LDR             R3, =stderr|51-75
60518|code|LDR             R1, =aSFatalFoundToM; "%s: FATAL: Found to many (%d) archives "...|60-73
60520|code|LDR             R0, [R3]|24-104
60522|code|LDR             R3, =dword_1BA5C|52-75
60524|code|LDR             R2, [R3]|26-104
60526|code|MOV             R3, R4|35-70
60528|code|BLX             fprintf|250-247-138-238
60532|code|MOVS            R1, #0|0-33
60534|code|MOV.W           R0, #0xFFFFFFFF|79-240-255-48
60538|code|BL              sub_D788|254-247-133-253
60542|code|LDR             R1, [R6]|49-104
60544|code|LDR.W           R3, [R1,#0xC18]|209-248-24-60
60548|code|CMP             R3, #0|0-43
60550|code|BNE             loc_EB8A|128-209
60552|code|LDR.W           R3, [R1,#0xC14]|209-248-20-60
60556|code|CMP             R3, #0|0-43
60558|code|BEQ             loc_ED12|64-208
60560|code|LDR.W           R2, [R1,#0xC10]|209-248-16-44
60564|code|MOV             R1, R3|25-70
60566|code|LDR             R0, =aYesSS; "yes (%s, %s)"|49-72
60568|code|BLX             g_strdup_printf|250-247-50-238
60572|code|MOV             R1, R0|1-70
60574|code|LDR             R0, =aEncryption; "Encryption"|48-72
60576|code|BL              sub_DA10|254-247-182-254
60580|code|LDR             R1, [R6]|49-104
60582|code|B               loc_EB8A|112-231
60584|code|LDR             R3, [R6]|51-104
60586|code|MOVS            R2, #8|8-34
60588|code|LDR             R1, =aAmerican; "american"|45-73
60590|code|LDR.W           R0, [R3,#0xC24]|211-248-36-12
60594|code|BLX             g_ascii_strncasecmp|250-247-152-237
60598|code|CMP             R0, #0|0-40
60600|code|ITE EQ|12-191
60602|code|MOVEQ           R3, #2|2-35
60604|code|MOVNE           R3, #0|0-35
60606|code|B               loc_EB68|83-231
60608|code|LDR.W           R3, [R4,R5,LSL#2]|84-248-37-48
60612|code|ADD.W           R6, R4, R5,LSL#2|4-235-133-6
60616|code|LDR.W           R8, [R3,#0xC88]|211-248-136-140
60620|code|CMP.W           R8, #0|184-241-0-15
60624|code|BEQ             loc_ECF2|15-208
60626|code|LDR             R2, =dword_1BA60|28-74
60628|code|LDR             R2, [R2]|18-104
60630|code|CMP             R2, #1|1-42
60632|code|BHI.W           loc_EB54|63-246-60-175
60636|code|LDR             R3, =stderr|21-75
60638|code|LDR             R1, =aSS; "%s: %s.\n"|26-73
60640|code|LDR             R0, [R3]|24-104
60642|code|LDR             R3, =dword_1BA5C|22-75
60644|code|LDR             R2, [R3]|26-104
60646|code|LDR             R3, =aForcingRestore; "Forcing restore to '/'"|32-75
60648|code|BLX             fprintf|250-247-78-238
60652|code|LDR.W           R3, [R4,R5,LSL#2]|84-248-37-48
60656|code|B               loc_EB54|48-231
60658|code|LDR             R3, =stderr|16-75
60660|code|LDR             R1, =aSFatalS; "%s: FATAL: %s.\n"|16-73
60662|code|LDR             R0, [R3]|24-104
60664|code|LDR             R3, =dword_1BA5C|16-75
60666|code|LDR             R2, [R3]|26-104
60668|code|LDR             R3, =aRestoringToIsN; "Restoring to '/' is not a good idea"|27-75
60670|code|BLX             fprintf|250-247-68-238
60674|code|MOV.W           R0, #0xFFFFFFFF|79-240-255-48
60678|code|MOV             R1, R8|65-70
60680|code|BL              sub_D788|254-247-62-253
60684|code|LDR.W           R3, [R4,R5,LSL#2]|84-248-37-48
60688|code|B               loc_EB54|32-231
60690|code|LDR             R1, =aNo; "no"|23-73
60692|code|LDR             R0, =aEncryption; "Encryption"|18-72
60694|code|BL              sub_DA10|254-247-123-254
60698|code|LDR             R1, [R6]|49-104
60700|code|B               loc_EB8A|53-231
60702|data|ALIGN 0x10|0-191
60704|data|DCD asc_12034; "/"|52-32-1-0
60708|data|DCD aIso; "iso"|36-19-1-0
60712|data|DCD aArchives; "Archives"|4-46-1-0
60716|data|DCD aSSS_1; "%s: %s %s.\n"|96-11-1-0
60720|data|DCD aRestoringFrom; "Restoring from"|244-45-1-0
60724|data|DCD stderr|64-186-1-0
60728|data|DCD aSFatalS; "%s: FATAL: %s.\n"|116-10-1-0
60732|data|DCD dword_1BA5C|92-186-1-0
60736|data|DCD aNoArchivesFoun; "No archives found: nothing restored"|88-45-1-0
60740|data|DCD dword_1BA60|96-186-1-0
60744|data|DCD aSS; "%s: %s.\n"|140-30-1-0
60748|data|DCD aNoMonthlyArchi; "No monthly archive found. Trying to res"...|180-45-1-0
60752|data|DCD aSuccessfullyRe; "successfully restored backup"|16-46-1-0
60756|data|DCD aStatus; "Status"|32-21-1-0
60760|data|DCD aSFatalFoundToM; "%s: FATAL: Found to many (%d) archives "...|124-45-1-0
60764|data|DCD aYesSS; "yes (%s, %s)"|188-9-1-0
60768|data|DCD aEncryption; "Encryption"|204-9-1-0
60772|data|DCD aAmerican; "american"|40-19-1-0
60776|data|DCD aForcingRestore; "Forcing restore to '/'"|64-45-1-0
60780|data|DCD aRestoringToIsN; "Restoring to '/' is not a good idea"|28-45-1-0
60784|data|DCD aNo; "no"|216-9-1-0
60788|data|DCD dword_1B8C0|192-184-1-0
60792|code|PUSH.W          {R4-R10,LR}|45-233-240-71
60796|code|MOV             R8, R1|136-70
60798|code|MOV             R4, R2|20-70
60800|code|MOVS            R3, #0|0-35
60802|code|MOVS            R2, #0|0-34
60804|code|SUB.W           SP, SP, #0x810|173-245-1-109
60808|code|STRD.W          R2, R3, [R4]|196-233-0-35
60812|code|MOV             R7, R0|7-70
60814|code|LDR             R1, =(aOverviewOverfl+0x10); "w"|95-73
60816|code|MOV             R0, R8|64-70
60818|code|BLX             fopen64|250-247-172-238
60822|code|LDR             R1, =(aRunningWithout+0x30); modes|94-73
60824|code|LDR.W           R10, =dword_1BA74|223-248-172-161
60828|code|MOV             R9, R0|129-70
60830|code|MOV             R0, R7; command|56-70
60832|code|BLX             popen|250-247-78-238
60836|code|LDR.W           R3, [R10]|218-248-0-48
60840|code|CMP             R3, #1|1-43
60842|code|MOV             R5, R0|5-70
60844|code|BEQ             loc_EE84|106-208
60846|code|LDR             R6, =dword_1B8C0|89-78
60848|code|LDR             R3, [R6]|51-104
60850|code|CMP             R3, #0|0-43
60852|code|BLE             loc_EE5A|81-221
60854|code|CMP.W           R9, #0|185-241-0-15
60858|code|BEQ             loc_EE74|91-208
60860|code|CMP             R5, #0|0-45
60862|code|BEQ             loc_EEA4|113-208
60864|code|ADD.W           R8, SP, #0x830+var_824|13-241-12-8
60868|code|B               loc_EDEA|17-224
60870|code|BLX             fread|250-247-124-237
60874|code|MOVS            R1, #1; size|1-33
60876|code|MOV             R3, R9; s|75-70
60878|code|MOV             R6, R0|6-70
60880|code|MOV             R0, R8; ptr|64-70
60882|code|MOV             R2, R6; n|50-70
60884|code|BLX             fwrite|250-247-96-237
60888|code|CMP             R0, R6|176-66
60890|code|BNE             loc_EE40|49-209
60892|code|LDRD.W          R2, R3, [R4]|212-233-0-35
60896|code|ADDS            R2, R2, R0|18-24
60898|code|ADC.W           R3, R3, #0|67-241-0-3
60902|code|STRD.W          R2, R3, [R4]|196-233-0-35
60906|code|MOV             R0, R5; stream|40-70
60908|code|BLX             feof|250-247-180-237
60912|code|MOV             R3, R5; stream|43-70
60914|code|MOVS            R1, #1; size|1-33
60916|code|MOV.W           R2, #0x800; n|79-244-0-98
60920|code|MOV             R7, R0|7-70
60922|code|MOV             R0, R8; ptr|64-70
60924|code|CMP             R7, #0|0-47
60926|code|BEQ             loc_EDC6|226-208
60928|code|MOV             R0, R9; stream|72-70
60930|code|BLX             fclose|250-247-12-238
60934|code|MOV             R0, R5; stream|40-70
60936|code|BLX             pclose|250-247-196-238
60940|code|LDR.W           R3, [R10]|218-248-0-48
60944|code|CMP             R3, #1|1-43
60946|code|MOV             R4, R0|4-70
60948|code|BEQ             loc_EEBC|82-208
60950|code|MOVS            R0, #1|1-32
60952|code|ADDS            R3, R4, #1|99-28
60954|code|BEQ             loc_EE38|13-208
60956|code|LDR.W           R3, [R10]|218-248-0-48
60960|code|CMP             R3, #1|1-43
60962|code|IT NE|24-191
60964|code|ANDNE.W         R5, R4, #0x7F|4-240-127-5
60968|code|BEQ             loc_EECC|80-208
60970|code|MOV             R0, R5|40-70
60972|code|CBZ             R5, loc_EE38|37-177
60974|code|UBFX.W          R0, R4, #8, #8|196-243-7-32
60978|code|ADDS            R0, #0|0-48
60980|code|IT NE|24-191
60982|code|MOVNE           R0, #1|1-32
60984|code|ADD.W           SP, SP, #0x810|13-245-1-109
60988|code|POP.W           {R4-R10,PC}|189-232-240-135
60992|code|LDR             R3, =stderr|53-75
60994|code|LDR             R1, =aSWarningS; "%s: WARNING: %s!\n"|54-73
60996|code|LDR             R0, [R3]; stream|24-104
60998|code|LDR             R3, =dword_1BA5C|54-75
61000|code|LDR             R2, [R3]|26-104
61002|code|LDR             R3, =aWritingOfTheAr; "Writing of the archive failed"|54-75
61004|code|BLX             fprintf|250-247-156-237
61008|code|MOV             R0, R7; s|56-70
61010|code|BLX             perror|250-247-4-237
61014|code|MOVS            R0, #1|1-32
61016|code|B               loc_EE38|238-231
61018|code|LDR             R3, =stderr|47-75
61020|code|STR.W           R8, [SP,#0x830+var_830]|205-248-0-128
61024|code|LDR             R1, =aSRunningSS; "%s: Running: %s > %s.\n"|49-73
61026|code|LDR             R0, [R3]; stream|24-104
61028|code|LDR             R3, =dword_1BA5C|46-75
61030|code|LDR             R2, [R3]|26-104
61032|code|MOV             R3, R7|59-70
61034|code|BLX             fprintf|250-247-142-237
61038|code|CMP.W           R9, #0|185-241-0-15
61042|code|BNE             loc_EDBC|163-209
61044|code|LDR             R3, [R6]|51-104
61046|code|CMP             R3, #1|1-43
61048|code|BLE             loc_EEFA|63-221
61050|code|MOVS            R0, #0; s|0-32
61052|code|BLX             perror|250-247-238-236
61056|code|MOVS            R0, #1|1-32
61058|code|B               loc_EE38|217-231
61060|code|LDR             R6, =stderr|36-78
61062|code|MOV             R2, R7|58-70
61064|code|LDR             R1, =aDebugFullTarS; "[DEBUG] full tar: %s\n"|40-73
61066|code|LDR             R0, [R6]; stream|48-104
61068|code|BLX             fprintf|250-247-124-237
61072|code|LDR.W           R3, [R10]|218-248-0-48
61076|code|CMP             R3, #1|1-43
61078|code|BNE             loc_EDAE|138-209
61080|code|LDR             R0, [R6]; stream|48-104
61082|code|MOV             R2, R8|66-70
61084|code|LDR             R1, =aDebugOutFileS; "[DEBUG] out file: %s\n"|36-73
61086|code|BLX             fprintf|250-247-116-237
61090|code|B               loc_EDAE|132-231
61092|code|LDR             R3, [R6]|51-104
61094|code|CMP             R3, #1|1-43
61096|code|BGT             loc_EE7A|231-220
61098|code|LDR             R3, =stderr|27-75
61100|code|LDR             R1, =aSS; "%s: %s.\n"|33-73
61102|code|LDR             R0, [R3]; stream|24-104
61104|code|LDR             R3, =dword_1BA5C|27-75
61106|code|LDR             R2, [R3]|26-104
61108|code|LDR             R3, =aCouldNotSetupT; "Could not setup tar for archiving"|32-75
61110|code|BLX             fprintf|250-247-104-237
61114|code|B               loc_EE7A|222-231
61116|code|LDR             R3, =stderr|22-75
61118|code|LDR             R1, =aDebugSD; "[DEBUG] %s: %d\n"|31-73
61120|code|LDR             R2, =aTarExitStatus; "tar exit status"|31-74
61122|code|LDR             R0, [R3]; stream|24-104
61124|code|MOV             R3, R4|35-70
61126|code|BLX             fprintf|250-247-96-237
61130|code|B               loc_EE16|164-231
61132|code|LDR             R6, =stderr|18-78
61134|code|ANDS.W          R5, R4, #0x7F|20-240-127-5
61138|code|ITE NE|20-191
61140|code|MOVNE           R3, #0|0-35
61142|code|MOVEQ           R3, #1|1-35
61144|code|LDR             R1, =aDebugSD; "[DEBUG] %s: %d\n"|24-73
61146|code|LDR             R2, =aTarWifexitedEx; "tar WIFEXITED exit status"|26-74
61148|code|LDR             R0, [R6]; stream|48-104
61150|code|BLX             fprintf|250-247-84-237
61154|code|LDR             R3, =dword_1BA74|25-75
61156|code|LDR             R3, [R3]|27-104
61158|code|CMP             R3, #1|1-43
61160|code|BNE             loc_EE2A|159-209
61162|code|LDR             R0, [R6]; stream|48-104
61164|code|UBFX.W          R3, R4, #8, #8|196-243-7-35
61168|code|LDR             R1, =aDebugSD; "[DEBUG] %s: %d\n"|18-73
61170|code|LDR             R2, =aTarWexitstatus; "tar WEXITSTATUS exit status"|22-74
61172|code|BLX             fprintf|250-247-72-237
61176|code|B               loc_EE2A|151-231
61178|code|LDR             R3, =stderr|7-75
61180|code|LDR             R1, =aSS; "%s: %s.\n"|13-73
61182|code|LDR             R0, [R3]; stream|24-104
61184|code|LDR             R3, =dword_1BA5C|7-75
61186|code|LDR             R2, [R3]|26-104
61188|code|LDR             R3, =aCouldNotOpenAr; "Could not open archive for writing"|18-75
61190|code|BLX             fprintf|250-247-64-237
61194|code|B               loc_EE7A|182-231
61196|data|DCD aOverviewOverfl+0x10; "w"|144-32-1-0
61200|data|DCD aRunningWithout+0x30; "r"|20-11-1-0
61204|data|DCD dword_1B8C0|192-184-1-0
61208|data|DCD stderr|64-186-1-0
61212|data|DCD aSWarningS; "%s: WARNING: %s!\n"|220-9-1-0
61216|data|DCD dword_1BA5C|92-186-1-0
61220|data|DCD aWritingOfTheAr; "Writing of the archive failed"|220-46-1-0
61224|data|DCD aSRunningSS; "%s: Running: %s > %s.\n"|124-46-1-0
61228|data|DCD aDebugFullTarS; "[DEBUG] full tar: %s\n"|76-46-1-0
61232|data|DCD aDebugOutFileS; "[DEBUG] out file: %s\n"|100-46-1-0
61236|data|DCD aSS; "%s: %s.\n"|140-30-1-0
61240|data|DCD aCouldNotSetupT; "Could not setup tar for archiving"|184-46-1-0
61244|data|DCD aDebugSD; "[DEBUG] %s: %d\n"|252-46-1-0
61248|data|DCD aTarExitStatus; "tar exit status"|12-47-1-0
61252|data|DCD aTarWifexitedEx; "tar WIFEXITED exit status"|28-47-1-0
61256|data|DCD dword_1BA74|116-186-1-0
61260|data|DCD aTarWexitstatus; "tar WEXITSTATUS exit status"|56-47-1-0
61264|data|DCD aCouldNotOpenAr; "Could not open archive for writing"|148-46-1-0
61268|code|PUSH.W          {R4-R9,LR}|45-233-240-67
61272|code|MOV             R4, R2|20-70
61274|code|SUB.W           SP, SP, #0x800|173-245-0-109
61278|code|MOVS            R2, #0|0-34
61280|code|MOVS            R3, #0|0-35
61282|code|SUB             SP, SP, #0xC|131-176
61284|code|MOV             R5, R0|5-70
61286|code|STRD.W          R2, R3, [R4]|196-233-0-35
61290|code|MOV             R0, R1|8-70
61292|code|LDR             R1, =(aOverviewOverfl+0x10); "w"|46-73
61294|code|BLX             fopen64|250-247-190-237
61298|code|MOV             R9, R0|129-70
61300|code|CMP             R0, #0|0-40
61302|code|BEQ             loc_EFE8|55-208
61304|code|CMP             R5, #0|0-45
61306|code|BEQ             loc_EFFA|62-208
61308|code|ADD.W           R8, SP, #0x828+var_824|13-241-4-8
61312|code|B               loc_EFA6|17-224
61314|code|BLX             fread|250-247-158-236
61318|code|MOVS            R1, #1; size|1-33
61320|code|MOV             R3, R9; s|75-70
61322|code|MOV             R6, R0|6-70
61324|code|MOV             R0, R8; ptr|64-70
61326|code|MOV             R2, R6; n|50-70
61328|code|BLX             fwrite|250-247-130-236
61332|code|CMP             R0, R6|176-66
61334|code|BNE             loc_EFCE|26-209
61336|code|LDRD.W          R2, R3, [R4]|212-233-0-35
61340|code|ADDS            R2, R2, R0|18-24
61342|code|ADC.W           R3, R3, #0|67-241-0-3
61346|code|STRD.W          R2, R3, [R4]|196-233-0-35
61350|code|MOV             R0, R5; stream|40-70
61352|code|BLX             feof|250-247-214-236
61356|code|MOV             R3, R5; stream|43-70
61358|code|MOVS            R1, #1; size|1-33
61360|code|MOV.W           R2, #0x800; n|79-244-0-98
61364|code|MOV             R7, R0|7-70
61366|code|MOV             R0, R8; ptr|64-70
61368|code|CMP             R7, #0|0-47
61370|code|BEQ             loc_EF82|226-208
61372|code|MOV             R0, R9; stream|72-70
61374|code|BLX             fclose|250-247-46-237
61378|code|MOVS            R0, #0|0-32
61380|code|ADD             SP, SP, #0xC|3-176
61382|code|ADD.W           SP, SP, #0x800|13-245-0-109
61386|code|POP.W           {R4-R9,PC}|189-232-240-131
61390|code|LDR             R3, =stderr|23-75
61392|code|LDR             R1, =aSWarningS; "%s: WARNING: %s!\n"|23-73
61394|code|LDR             R0, [R3]; stream|24-104
61396|code|LDR             R3, =dword_1BA5C|23-75
61398|code|LDR             R2, [R3]|26-104
61400|code|LDR             R3, =aWritingOfTheAr; "Writing of the archive failed"|23-75
61402|code|BLX             fprintf|250-247-214-236
61406|code|MOV             R0, R7; s|56-70
61408|code|BLX             perror|250-247-60-236
61412|code|MOVS            R0, #1|1-32
61414|code|B               loc_EFC4|237-231
61416|code|LDR             R3, =dword_1B8C0|20-75
61418|code|LDR             R3, [R3]|27-104
61420|code|CMP             R3, #1|1-43
61422|code|BLE             loc_F014|17-221
61424|code|MOVS            R0, #0; s|0-32
61426|code|BLX             perror|250-247-52-236
61430|code|MOVS            R0, #0|0-32
61432|code|B               loc_EFC4|228-231
61434|code|LDR             R3, =dword_1B8C0|16-75
61436|code|LDR             R3, [R3]|27-104
61438|code|CMP             R3, #1|1-43
61440|code|BGT             loc_EFF0|246-220
61442|code|LDR             R3, =stderr|10-75
61444|code|LDR             R1, =aSS; "%s: %s.\n"|14-73
61446|code|LDR             R0, [R3]; stream|24-104
61448|code|LDR             R3, =dword_1BA5C|10-75
61450|code|LDR             R2, [R3]|26-104
61452|code|LDR             R3, =aCouldNotReadFr; "Could not read from stream"|13-75
61454|code|BLX             fprintf|250-247-188-236
61458|code|B               loc_EFF0|237-231
61460|code|LDR             R3, =stderr|5-75
61462|code|LDR             R1, =aSS; "%s: %s.\n"|10-73
61464|code|LDR             R0, [R3]; stream|24-104
61466|code|LDR             R3, =dword_1BA5C|6-75
61468|code|LDR             R2, [R3]|26-104
61470|code|LDR             R3, =aCouldNotOpenAr; "Could not open archive for writing"|10-75
61472|code|BLX             fprintf|250-247-178-236
61476|code|B               loc_EFF0|228-231
61478|data|ALIGN 4|0-191
61480|data|DCD aOverviewOverfl+0x10; "w"|144-32-1-0
61484|data|DCD stderr|64-186-1-0
61488|data|DCD aSWarningS; "%s: WARNING: %s!\n"|220-9-1-0
61492|data|DCD dword_1BA5C|92-186-1-0
61496|data|DCD aWritingOfTheAr; "Writing of the archive failed"|220-46-1-0
61500|data|DCD dword_1B8C0|192-184-1-0
61504|data|DCD aSS; "%s: %s.\n"|140-30-1-0
61508|data|DCD aCouldNotReadFr; "Could not read from stream"|84-47-1-0
61512|data|DCD aCouldNotOpenAr; "Could not open archive for writing"|148-46-1-0
61516|code|PUSH.W          {R4-R10,LR}|45-233-240-71
61520|code|MOVS            R6, #0|0-38
61522|code|MOVS            R7, #0|0-39
61524|code|MOV             R4, R3|28-70
61526|code|STRD.W          R6, R7, [R3]|195-233-0-103
61530|code|SUB.W           SP, SP, #0x800|173-245-0-109
61534|code|LDR             R3, =stdin|64-75
61536|code|SUB             SP, SP, #8|130-176
61538|code|MOV             R5, R0|5-70
61540|code|MOV             R7, R1|15-70
61542|code|MOV             R6, R2|22-70
61544|code|LDR             R0, [R3]; stream|24-104
61546|code|BLX             fflush|250-247-140-235
61550|code|LDR             R3, =stdout|61-75
61552|code|LDR             R0, [R3]; stream|24-104
61554|code|BLX             fflush|250-247-136-235
61558|code|MOV             R0, R7; command|56-70
61560|code|LDR             R1, =(aOverviewOverfl+0x10); modes|59-73
61562|code|BLX             popen|250-247-226-236
61566|code|MOV             R9, R0|129-70
61568|code|CMP             R0, #0|0-40
61570|code|BEQ             loc_F122|78-208
61572|code|CMP             R5, #0|0-45
61574|code|BEQ             loc_F134|85-208
61576|code|CBZ             R6, loc_F092|30-177
61578|code|MOV             R0, R6|48-70
61580|code|MOV             R1, R9|73-70
61582|code|BL              sub_CF5C|253-247-101-255
61586|code|LDR.W           R10, =dword_1BA80|223-248-248-160
61590|code|ADD.W           R8, SP, #0x828+var_824|13-241-4-8
61594|code|B               loc_F0C8|21-224
61596|code|LDR.W           R6, [R10]|218-248-0-96
61600|code|CMP             R6, #1|1-46
61602|code|BEQ             loc_F0F8|41-208
61604|code|BLX             fread|250-247-12-236
61608|code|MOVS            R1, #1; size|1-33
61610|code|MOV             R3, R9; s|75-70
61612|code|MOV             R6, R0|6-70
61614|code|MOV             R0, R8; ptr|64-70
61616|code|MOV             R2, R6; n|50-70
61618|code|BLX             fwrite|250-247-242-235
61622|code|CMP             R0, R6|176-66
61624|code|BNE             loc_F104|36-209
61626|code|LDRD.W          R2, R3, [R4]|212-233-0-35
61630|code|ADDS            R2, R2, R0|18-24
61632|code|ADC.W           R3, R3, #0|67-241-0-3
61636|code|STRD.W          R2, R3, [R4]|196-233-0-35
61640|code|MOV             R0, R5; stream|40-70
61642|code|BLX             feof|250-247-70-236
61646|code|MOV             R3, R5; stream|43-70
61648|code|MOVS            R1, #1; size|1-33
61650|code|MOV.W           R2, #0x800; n|79-244-0-98
61654|code|MOV             R7, R0|7-70
61656|code|MOV             R0, R8; ptr|64-70
61658|code|CMP             R7, #0|0-47
61660|code|BEQ             loc_F09C|222-208
61662|code|MOV             R0, R9; stream|72-70
61664|code|BLX             pclose|250-247-88-237
61668|code|ADDS            R1, R0, #1|65-28
61670|code|BEQ             loc_F11E|26-208
61672|code|LSLS            R2, R0, #0x19|66-6
61674|code|BNE             loc_F11E|24-209
61676|code|UBFX.W          R0, R0, #8, #8|192-243-7-32
61680|code|ADDS            R0, #0|0-48
61682|code|IT NE|24-191
61684|code|MOVNE           R0, #1|1-32
61686|code|B               loc_F0FA|0-224
61688|code|MOV             R0, R6|48-70
61690|code|ADD             SP, SP, #8|2-176
61692|code|ADD.W           SP, SP, #0x800|13-245-0-109
61696|code|POP.W           {R4-R10,PC}|189-232-240-135
61700|code|LDR             R3, =stderr|25-75
61702|code|LDR             R1, =aSWarningS; "%s: WARNING: %s!\n"|26-73
61704|code|LDR             R0, [R3]; stream|24-104
61706|code|LDR             R3, =dword_1BA5C|26-75
61708|code|LDR             R2, [R3]|26-104
61710|code|LDR             R3, =aWritingToThePi; "Writing to the pipe failed"|26-75
61712|code|BLX             fprintf|250-247-58-236
61716|code|MOV             R0, R7; s|56-70
61718|code|BLX             perror|250-247-162-235
61722|code|MOVS            R0, #1|1-32
61724|code|B               loc_F0FA|237-231
61726|code|MOVS            R0, #1|1-32
61728|code|B               loc_F0FA|235-231
61730|code|LDR             R3, =dword_1B8C0|22-75
61732|code|LDR             R3, [R3]|27-104
61734|code|CMP             R3, #1|1-43
61736|code|BLE             loc_F14E|17-221
61738|code|MOVS            R0, #0; s|0-32
61740|code|BLX             perror|250-247-150-235
61744|code|MOVS            R0, #1|1-32
61746|code|B               loc_F0FA|226-231
61748|code|LDR             R3, =dword_1B8C0|17-75
61750|code|LDR             R3, [R3]|27-104
61752|code|CMP             R3, #1|1-43
61754|code|BGT             loc_F12A|246-220
61756|code|LDR             R3, =stderr|11-75
61758|code|LDR             R1, =aSS; "%s: %s.\n"|16-73
61760|code|LDR             R0, [R3]; stream|24-104
61762|code|LDR             R3, =dword_1BA5C|12-75
61764|code|LDR             R2, [R3]|26-104
61766|code|LDR             R3, =aCouldNotSetupS; "Could not setup stream for reading"|15-75
61768|code|BLX             fprintf|250-247-30-236
61772|code|B               loc_F12A|237-231
61774|code|LDR             R3, =stderr|7-75
61776|code|LDR             R1, =aSS; "%s: %s.\n"|11-73
61778|code|LDR             R0, [R3]; stream|24-104
61780|code|LDR             R3, =dword_1BA5C|7-75
61782|code|LDR             R2, [R3]|26-104
61784|code|LDR             R3, =aCouldNotOpenPi; "Could not open pipe for writing"|11-75
61786|code|BLX             fprintf|250-247-22-236
61790|code|B               loc_F12A|228-231
61792|data|DCD stdin|72-186-1-0
61796|data|DCD stdout|76-186-1-0
61800|data|DCD aOverviewOverfl+0x10; "w"|144-32-1-0
61804|data|DCD stderr|64-186-1-0
61808|data|DCD aSWarningS; "%s: WARNING: %s!\n"|220-9-1-0
61812|data|DCD dword_1BA5C|92-186-1-0
61816|data|DCD aWritingToThePi; "Writing to the pipe failed"|180-47-1-0
61820|data|DCD dword_1B8C0|192-184-1-0
61824|data|DCD aSS; "%s: %s.\n"|140-30-1-0
61828|data|DCD aCouldNotSetupS; "Could not setup stream for reading"|144-47-1-0
61832|data|DCD aCouldNotOpenPi; "Could not open pipe for writing"|112-47-1-0
61836|data|DCD dword_1BA80|128-186-1-0
61840|code|PUSH.W          {R4-R10,LR}|45-233-240-71
61844|code|MOV             R8, R1|136-70
61846|code|SUB.W           SP, SP, #0x810|173-245-1-109
61850|code|MOV             R10, R0|130-70
61852|code|LDR             R1, =(aOverviewOverfl+0x10); modes|75-73
61854|code|MOV             R0, R8; command|64-70
61856|code|MOV             R4, R3|28-70
61858|code|MOV             R7, R2|23-70
61860|code|BLX             popen|250-247-76-236
61864|code|LDR             R1, =(aRunningWithout+0x30); modes|73-73
61866|code|LDR             R6, =dword_1B8C0|74-78
61868|code|MOV             R9, R0|129-70
61870|code|MOV             R0, R10; command|80-70
61872|code|BLX             popen|250-247-70-236
61876|code|LDR             R3, [R6]|51-104
61878|code|MOVS            R1, #0|0-33
61880|code|MOV             R5, R0|5-70
61882|code|MOVS            R0, #0|0-32
61884|code|CMP             R3, #0|0-43
61886|code|STRD.W          R0, R1, [R4]|196-233-0-1
61890|code|BLE             loc_F262|78-221
61892|code|CMP.W           R9, #0|185-241-0-15
61896|code|BEQ             loc_F27C|88-208
61898|code|CMP             R5, #0|0-45
61900|code|BEQ             loc_F28C|94-208
61902|code|CBZ             R7, loc_F1D8|31-177
61904|code|MOV             R0, R7|56-70
61906|code|MOV             R1, R9|73-70
61908|code|BL              sub_CF5C|253-247-194-254
61912|code|LDR.W           R10, =dword_1BA80|223-248-28-161
61916|code|ADD.W           R8, SP, #0x830+var_824|13-241-12-8
61920|code|B               loc_F20E|21-224
61922|code|LDR.W           R6, [R10]|218-248-0-96
61926|code|CMP             R6, #1|1-46
61928|code|BEQ             loc_F244|44-208
61930|code|BLX             fread|250-247-106-235
61934|code|MOVS            R1, #1; size|1-33
61936|code|MOV             R3, R9; s|75-70
61938|code|MOV             R6, R0|6-70
61940|code|MOV             R0, R8; ptr|64-70
61942|code|MOV             R2, R6; n|50-70
61944|code|BLX             fwrite|250-247-78-235
61948|code|CMP             R0, R6|176-66
61950|code|BNE             loc_F248|35-209
61952|code|LDRD.W          R2, R3, [R4]|212-233-0-35
61956|code|ADDS            R2, R2, R0|18-24
61958|code|ADC.W           R3, R3, #0|67-241-0-3
61962|code|STRD.W          R2, R3, [R4]|196-233-0-35
61966|code|MOV             R0, R5; stream|40-70
61968|code|BLX             feof|250-247-162-235
61972|code|MOV             R3, R5; stream|43-70
61974|code|MOVS            R1, #1; size|1-33
61976|code|MOV.W           R2, #0x800; n|79-244-0-98
61980|code|MOV             R7, R0|7-70
61982|code|MOV             R0, R8; ptr|64-70
61984|code|CMP             R7, #0|0-47
61986|code|BEQ             loc_F1E2|222-208
61988|code|MOV             R0, R9; stream|72-70
61990|code|BLX             pclose|250-247-182-236
61994|code|ADDS            R1, R0, #1|65-28
61996|code|BEQ             loc_F23A|5-208
61998|code|LSLS            R2, R0, #0x19|66-6
62000|code|BNE             loc_F23A|3-209
62002|code|UBFX.W          R0, R0, #8, #8|192-243-7-32
62006|code|CMP             R0, #0|0-40
62008|code|BEQ             loc_F2A4|52-208
62010|code|MOVS            R0, #1|1-32
62012|code|ADD.W           SP, SP, #0x810|13-245-1-109
62016|code|POP.W           {R4-R10,PC}|189-232-240-135
62020|code|MOV             R0, R6|48-70
62022|code|B               loc_F23C|249-231
62024|code|LDR             R3, =stderr|35-75
62026|code|LDR             R1, =aSWarningS; "%s: WARNING: %s!\n"|36-73
62028|code|LDR             R0, [R3]; stream|24-104
62030|code|LDR             R3, =dword_1BA5C|36-75
62032|code|LDR             R2, [R3]|26-104
62034|code|LDR             R3, =aWritingToThePi; "Writing to the pipe failed"|36-75
62036|code|BLX             fprintf|250-247-152-235
62040|code|MOV             R0, R7; s|56-70
62042|code|BLX             perror|250-247-0-235
62046|code|MOVS            R0, #1|1-32
62048|code|B               loc_F23C|236-231
62050|code|LDR             R3, =stderr|29-75
62052|code|STR.W           R8, [SP,#0x830+var_830]|205-248-0-128
62056|code|LDR             R1, =aSRunningSS_0; "%s: Running: %s | %s.\n"|31-73
62058|code|LDR             R0, [R3]; stream|24-104
62060|code|LDR             R3, =dword_1BA5C|28-75
62062|code|LDR             R2, [R3]|26-104
62064|code|MOV             R3, R10|83-70
62066|code|BLX             fprintf|250-247-138-235
62070|code|CMP.W           R9, #0|185-241-0-15
62074|code|BNE             loc_F1CA|166-209
62076|code|LDR             R3, [R6]|51-104
62078|code|CMP             R3, #1|1-43
62080|code|BLE             loc_F2B8|26-221
62082|code|MOVS            R0, #0; s|0-32
62084|code|BLX             perror|250-247-234-234
62088|code|MOVS            R0, #1|1-32
62090|code|B               loc_F23C|215-231
62092|code|LDR             R3, [R6]|51-104
62094|code|CMP             R3, #1|1-43
62096|code|BGT             loc_F282|247-220
62098|code|LDR             R3, =stderr|17-75
62100|code|LDR             R1, =aSS; "%s: %s.\n"|21-73
62102|code|LDR             R0, [R3]; stream|24-104
62104|code|LDR             R3, =dword_1BA5C|17-75
62106|code|LDR             R2, [R3]|26-104
62108|code|LDR             R3, =aCouldNotSetupT; "Could not setup tar for archiving"|20-75
62110|code|BLX             fprintf|250-247-116-235
62114|code|B               loc_F282|238-231
62116|code|MOV             R0, R5; stream|40-70
62118|code|BLX             pclose|250-247-118-236
62122|code|ADDS            R3, R0, #1|67-28
62124|code|BEQ             loc_F23A|197-208
62126|code|ANDS.W          R0, R0, #0x7F|16-240-127-0
62130|code|IT NE|24-191
62132|code|MOVNE           R0, #1|1-32
62134|code|B               loc_F23C|193-231
62136|code|LDR             R3, =stderr|7-75
62138|code|LDR             R1, =aSS; "%s: %s.\n"|12-73
62140|code|LDR             R0, [R3]; stream|24-104
62142|code|LDR             R3, =dword_1BA5C|8-75
62144|code|LDR             R2, [R3]|26-104
62146|code|LDR             R3, =aCouldNotOpenPi; "Could not open pipe for writing"|12-75
62148|code|BLX             fprintf|250-247-96-235
62152|code|B               loc_F282|219-231
62154|data|ALIGN 4|0-191
62156|data|DCD aOverviewOverfl+0x10; "w"|144-32-1-0
62160|data|DCD aRunningWithout+0x30; "r"|20-11-1-0
62164|data|DCD dword_1B8C0|192-184-1-0
62168|data|DCD stderr|64-186-1-0
62172|data|DCD aSWarningS; "%s: WARNING: %s!\n"|220-9-1-0
62176|data|DCD dword_1BA5C|92-186-1-0
62180|data|DCD aWritingToThePi; "Writing to the pipe failed"|180-47-1-0
62184|data|DCD aSRunningSS_0; "%s: Running: %s | %s.\n"|208-47-1-0
62188|data|DCD aSS; "%s: %s.\n"|140-30-1-0
62192|data|DCD aCouldNotSetupT; "Could not setup tar for archiving"|184-46-1-0
62196|data|DCD aCouldNotOpenPi; "Could not open pipe for writing"|112-47-1-0
62200|data|DCD dword_1BA80|128-186-1-0
62204|code|PUSH            {R4-R6,LR}|112-181
62206|code|MOV             R4, R0|4-70
62208|code|LDR.W           R1, [R4,#0xC68]|212-248-104-28
62212|code|SUB             SP, SP, #0x10|132-176
62214|code|LDR.W           R2, [R4,#0xC6C]|212-248-108-44
62218|code|MOVW            R0, #0x2FE8|66-246-232-112
62222|code|LDR.W           R3, [R4,#0xC18]|212-248-24-60
62226|code|MOVT.W          R0, #1|192-242-1-0
62230|code|LDR.W           R6, [R4,#0xC70]|212-248-112-108
62234|code|LDR.W           R5, [R4,#0xC74]|212-248-116-92
62238|code|LDR             R4, [R4]|36-104
62240|code|STR             R6, [SP,#0x20+var_20]|0-150
62242|code|STR             R5, [SP,#0x20+var_1C]|1-149
62244|code|STR             R4, [SP,#0x20+var_18]|2-148
62246|code|BLX             g_strdup_printf|250-247-236-234
62250|code|ADD             SP, SP, #0x10|4-176
62252|code|POP             {R4-R6,PC}|112-189
62254|data|ALIGN 0x10|0-191
62256|code|PUSH            {R3-R5,LR}|56-181
62258|code|MOV             R4, R0|4-70
62260|code|LDR.W           R5, [R0,#0xC14]|208-248-20-92
62264|code|LDR             R1, =aGpg; s2|24-73
62266|code|MOV             R0, R5; s1|40-70
62268|code|BLX             strcasecmp|250-247-130-234
62272|code|CBNZ            R0, loc_F364|128-185
62274|code|LDR.W           R1, [R4,#0xC0C]|212-248-12-28
62278|code|LDR.W           R2, [R4,#0xC10]|212-248-16-44
62282|code|LDR             R0, =aSTrustModelAlw; "%s --trust-model always -e -r %s --batc"...|21-72
62284|code|BLX             g_strdup_printf|250-247-216-234
62288|code|LDR             R3, =dword_1BA74|20-75
62290|code|LDR             R3, [R3]|27-104
62292|code|CMP             R3, #1|1-43
62294|code|MOV             R4, R0|4-70
62296|code|BEQ             loc_F38C|24-208
62298|code|LDR             R3, =dword_1BA60|19-75
62300|code|MOV             R0, R4|32-70
62302|code|LDR             R3, [R3]|27-104
62304|code|CBNZ            R3, loc_F380|115-185
62306|code|POP             {R3-R5,PC}|56-189
62308|code|LDR.W           R3, [R4,#0xC10]|212-248-16-60
62312|code|MOV             R2, R5|42-70
62314|code|LDR.W           R1, [R4,#0xC08]|212-248-8-28
62318|code|LDR             R0, =aSUQASFS; "%s -u -q -a %s -f %s"|15-72
62320|code|BLX             g_strdup_printf|250-247-198-234
62324|code|LDR             R3, =dword_1BA60|12-75
62326|code|LDR             R3, [R3]|27-104
62328|code|MOV             R4, R0|4-70
62330|code|MOV             R0, R4|32-70
62332|code|CMP             R3, #0|0-43
62334|code|BEQ             locret_F362|240-208
62336|code|LDR             R1, =a2DevNull; " 2>/dev/null"|11-73
62338|code|MOVS            R2, #0|0-34
62340|code|POP.W           {R3-R5,LR}|189-232-56-64
62344|code|B.W             j_g_strconcat|250-247-140-186
62348|code|LDR             R3, =stderr|9-75
62350|code|MOV             R2, R4|34-70
62352|code|LDR             R1, =aDebugS; "[DEBUG] %s\n\n"|9-73
62354|code|LDR             R0, [R3]; stream|24-104
62356|code|BLX             fprintf|250-247-248-234
62360|code|B               loc_F35A|223-231
62362|data|ALIGN 4|0-191
62364|data|DCD aGpg; "gpg"|104-17-1-0
62368|data|DCD aSTrustModelAlw; "%s --trust-model always -e -r %s --batc"...|4-48-1-0
62372|data|DCD dword_1BA74|116-186-1-0
62376|data|DCD dword_1BA60|96-186-1-0
62380|data|DCD aSUQASFS; "%s -u -q -a %s -f %s"|68-48-1-0
62384|data|DCD a2DevNull; " 2>/dev/null"|224-32-1-0
62388|data|DCD stderr|64-186-1-0
62392|data|DCD aDebugS; "[DEBUG] %s\n\n"|52-48-1-0
62396|code|PUSH            {R3-R5,LR}|56-181
62398|code|MOV             R4, R0|4-70
62400|code|LDR.W           R5, [R0,#0xC14]|208-248-20-92
62404|code|LDR             R1, =aGpg; s2|25-73
62406|code|MOV             R0, R5; s1|40-70
62408|code|BLX             strcasecmp|250-247-60-234
62412|code|CBNZ            R0, loc_F3F0|128-185
62414|code|LDR.W           R1, [R4,#0xC0C]|212-248-12-28
62418|code|LDR.W           R2, [R4,#0xC10]|212-248-16-44
62422|code|LDR             R0, =aSTrustModelAlw_0; "%s --trust-model always -d -r %s -o -"|22-72
62424|code|BLX             g_strdup_printf|250-247-146-234
62428|code|LDR             R3, =dword_1BA74|21-75
62430|code|LDR             R3, [R3]|27-104
62432|code|CMP             R3, #1|1-43
62434|code|MOV             R4, R0|4-70
62436|code|BEQ             loc_F40A|17-208
62438|code|LDR             R3, =dword_1BA60|20-75
62440|code|MOV             R0, R4|32-70
62442|code|LDR             R3, [R3]|27-104
62444|code|CBNZ            R3, loc_F420|195-185
62446|code|POP             {R3-R5,PC}|56-189
62448|code|LDR.W           R3, [R4,#0xC10]|212-248-16-60
62452|code|MOV             R2, R5|42-70
62454|code|LDR.W           R1, [R4,#0xC08]|212-248-8-28
62458|code|LDR             R0, =aSDQASFS; "%s -d -q -a %s -f %s"|16-72
62460|code|BLX             g_strdup_printf|250-247-128-234
62464|code|LDR             R3, =dword_1BA74|12-75
62466|code|LDR             R3, [R3]|27-104
62468|code|CMP             R3, #1|1-43
62470|code|MOV             R4, R0|4-70
62472|code|BNE             loc_F3E6|237-209
62474|code|LDR             R3, =stderr|13-75
62476|code|MOV             R2, R4|34-70
62478|code|LDR             R1, =aDebugS; "[DEBUG] %s\n\n"|13-73
62480|code|LDR             R0, [R3]; stream|24-104
62482|code|BLX             fprintf|250-247-186-234
62486|code|LDR             R3, =dword_1BA60|8-75
62488|code|MOV             R0, R4|32-70
62490|code|LDR             R3, [R3]|27-104
62492|code|CMP             R3, #0|0-43
62494|code|BEQ             locret_F3EE|230-208
62496|code|LDR             R1, =a2DevNull; " 2>/dev/null"|9-73
62498|code|MOVS            R2, #0|0-34
62500|code|POP.W           {R3-R5,LR}|189-232-56-64
62504|code|B.W             j_g_strconcat|250-247-60-186
62508|data|DCD aGpg; "gpg"|104-17-1-0
62512|data|DCD aSTrustModelAlw_0; "%s --trust-model always -d -r %s -o -"|92-48-1-0
62516|data|DCD dword_1BA74|116-186-1-0
62520|data|DCD dword_1BA60|96-186-1-0
62524|data|DCD aSDQASFS; "%s -d -q -a %s -f %s"|132-48-1-0
62528|data|DCD stderr|64-186-1-0
62532|data|DCD aDebugS; "[DEBUG] %s\n\n"|52-48-1-0
62536|data|DCD a2DevNull; " 2>/dev/null"|224-32-1-0
62540|code|LDR             R3, =dword_1BA6C|90-75
62542|code|PUSH            {R4-R7,LR}|240-181
62544|code|SUB             SP, SP, #0x14|133-176
62546|code|LDR             R3, [R3]|27-104
62548|code|MOV             R4, R0|4-70
62550|code|LDR.W           R7, [R0,#0xC34]|208-248-52-124
62554|code|LDR.W           R6, [R0,#0xC3C]|208-248-60-108
62558|code|CMP             R3, #1|1-43
62560|code|LDR.W           R5, [R0,#0xC78]|208-248-120-92
62564|code|LDR             R1, [R0,#4]|65-104
62566|code|LDR             R2, =aCpf; "cpf"|85-74
62568|code|ITE EQ|12-191
62570|code|LDREQ           R0, =aSSSNoRecursion; "%s %s - %s --no-recursion --null --file"...|85-72
62572|code|LDRNE           R0, =aSSSFilesFromSN; "%s %s - %s --files-from %s --null --lis"...|85-72
62574|code|LDR             R3, =aSparse; " --sparse "|86-75
62576|code|STR             R7, [SP,#0x28+var_28]|0-151
62578|code|STR             R6, [SP,#0x28+var_24]|1-150
62580|code|STR             R5, [SP,#0x28+var_20]|2-149
62582|code|BLX             g_strdup_printf|250-247-68-234
62586|code|LDR.W           R6, [R4,#0xC1C]|212-248-28-108
62590|code|MOVS            R2, #4; n|4-34
62592|code|LDR             R1, =aCpfz; "cpfz"|82-73
62594|code|MOV             R5, R0|5-70
62596|code|MOV             R0, R6; s1|48-70
62598|code|BLX             strncmp|250-247-86-235
62602|code|MOV             R7, R0|7-70
62604|code|CMP             R0, #0|0-40
62606|code|BEQ             loc_F4D6|34-208
62608|code|MOV             R0, R6; s1|48-70
62610|code|LDR             R1, =aCpfj; "cpfj"|79-73
62612|code|MOVS            R2, #4; n|4-34
62614|code|BLX             strncmp|250-247-78-235
62618|code|MOV             R7, R0|7-70
62620|code|CMP             R0, #0|0-40
62622|code|BEQ             loc_F516|58-208
62624|code|MOV             R0, R6; s1|48-70
62626|code|LDR             R1, =aCpfl; "cpfl"|76-73
62628|code|MOVS            R2, #4; n|4-34
62630|code|BLX             strncmp|250-247-70-235
62634|code|MOV             R6, R0|6-70
62636|code|CMP             R0, #0|0-40
62638|code|BEQ             loc_F520|55-208
62640|code|LDR.W           R3, [R4,#0xC94]|212-248-148-60
62644|code|CMP             R3, #1|1-43
62646|code|BEQ             loc_F580|99-208
62648|code|LDR             R3, =dword_1BA60|71-75
62650|code|LDR             R3, [R3]|27-104
62652|code|CMP             R3, #0|0-43
62654|code|BNE             loc_F552|72-209
62656|code|LDR             R3, =dword_1BA74|70-75
62658|code|LDR             R3, [R3]|27-104
62660|code|CMP             R3, #1|1-43
62662|code|BEQ             loc_F58E|98-208
62664|code|LDR             R3, =dword_1B8C0|69-75
62666|code|LDR             R3, [R3]|27-104
62668|code|CMP             R3, #0|0-43
62670|code|BLE             loc_F560|71-221
62672|code|MOV             R0, R5|40-70
62674|code|ADD             SP, SP, #0x14|5-176
62676|code|POP             {R4-R7,PC}|240-189
62678|code|LDR.W           R2, [R4,#0xC54]|212-248-84-44
62682|code|LDR             R0, =aSS_2; " |%s -%s"|66-72
62684|code|LDR             R1, =aBinGzip; "/bin/gzip"|66-73
62686|code|BLX             g_strdup_printf|250-247-16-234
62690|code|LDR.W           R3, [R4,#0xC94]|212-248-148-60
62694|code|CMP             R3, #1|1-43
62696|code|MOV             R6, R0|6-70
62698|code|BEQ             loc_F572|66-208
62700|code|LDR             R3, =dword_1BA60|58-75
62702|code|LDR             R3, [R3]|27-104
62704|code|CMP             R3, #0|0-43
62706|code|BNE             loc_F544|39-209
62708|code|MOV             R0, R5|40-70
62710|code|MOV             R1, R6|49-70
62712|code|MOVS            R2, #0|0-34
62714|code|BLX             g_strconcat|250-247-214-233
62718|code|LDR             R3, =dword_1BA74|55-75
62720|code|LDR             R3, [R3]|27-104
62722|code|CMP             R3, #1|1-43
62724|code|MOV             R5, R0|5-70
62726|code|BNE             loc_F4D0|227-209
62728|code|LDR             R3, =stderr|56-75
62730|code|MOV             R2, R5|42-70
62732|code|LDR             R1, =aDebugTarProgS; "[DEBUG] tar prog: [%s]\n"|56-73
62734|code|LDR             R0, [R3]; stream|24-104
62736|code|BLX             fprintf|250-247-58-234
62740|code|B               loc_F4D0|220-231
62742|code|LDR.W           R2, [R4,#0xC54]|212-248-84-44
62746|code|LDR             R0, =aSS_2; " |%s -%s"|50-72
62748|code|LDR             R1, =aBinBzip2; "/bin/bzip2"|53-73
62750|code|B               loc_F4DE|222-231
62752|code|LDR.W           R2, [R4,#0xC54]|212-248-84-44
62756|code|LDR             R0, =aSS_2; " |%s -%s"|47-72
62758|code|LDR             R1, =aBinLzop; "/bin/lzop"|52-73
62760|code|BLX             g_strdup_printf|250-247-234-233
62764|code|LDR.W           R3, [R4,#0xC94]|212-248-148-60
62768|code|CMP             R3, #1|1-43
62770|code|MOV             R7, R0|7-70
62772|code|BEQ             loc_F5AA|57-208
62774|code|LDR             R3, =dword_1BA60|40-75
62776|code|LDR             R3, [R3]|27-104
62778|code|CMP             R3, #0|0-43
62780|code|BNE             loc_F59C|46-209
62782|code|MOV             R0, R5|40-70
62784|code|MOV             R1, R7|57-70
62786|code|B               loc_F4F8|217-231
62788|code|MOV             R0, R5|40-70
62790|code|LDR             R1, =a2DevNull; " 2>/dev/null"|45-73
62792|code|MOVS            R2, #0|0-34
62794|code|BLX             g_strconcat|250-247-174-233
62798|code|MOV             R5, R0|5-70
62800|code|B               loc_F4F4|208-231
62802|code|MOV             R0, R5|40-70
62804|code|LDR             R1, =a2DevNull; " 2>/dev/null"|41-73
62806|code|MOVS            R2, #0|0-34
62808|code|BLX             g_strconcat|250-247-166-233
62812|code|MOV             R5, R0|5-70
62814|code|B               loc_F4C0|175-231
62816|code|LDR             R3, =stderr|34-75
62818|code|LDR             R1, =aSSetupS; "%s: Setup: %s.\n"|39-73
62820|code|LDR             R0, [R3]; stream|24-104
62822|code|LDR             R3, =dword_1BA5C|39-75
62824|code|LDR             R2, [R3]|26-104
62826|code|MOV             R3, R5|43-70
62828|code|BLX             fprintf|250-247-12-234
62832|code|B               loc_F4D0|174-231
62834|code|MOV             R0, R5|40-70
62836|code|LDR             R1, =aOneFileSystem; " --one-file-system "|36-73
62838|code|MOV             R2, R7|58-70
62840|code|BLX             g_strconcat|250-247-150-233
62844|code|MOV             R5, R0|5-70
62846|code|B               loc_F4EC|181-231
62848|code|MOV             R0, R5|40-70
62850|code|LDR             R1, =aOneFileSystem; " --one-file-system "|33-73
62852|code|MOVS            R2, #0|0-34
62854|code|BLX             g_strconcat|250-247-144-233
62858|code|MOV             R5, R0|5-70
62860|code|B               loc_F4B8|148-231
62862|code|LDR             R3, =stderr|23-75
62864|code|MOV             R2, R5|42-70
62866|code|LDR             R1, =aDebugTarProgS; "[DEBUG] tar prog: [%s]\n"|23-73
62868|code|LDR             R0, [R3]; stream|24-104
62870|code|BLX             fprintf|250-247-248-233
62874|code|B               loc_F4C8|149-231
62876|code|MOV             R0, R5|40-70
62878|code|LDR             R1, =a2DevNull; " 2>/dev/null"|23-73
62880|code|MOVS            R2, #0|0-34
62882|code|BLX             g_strconcat|250-247-130-233
62886|code|MOV             R5, R0|5-70
62888|code|B               loc_F53E|201-231
62890|code|MOV             R0, R5|40-70
62892|code|LDR             R1, =aOneFileSystem; " --one-file-system "|22-73
62894|code|MOV             R2, R6|50-70
62896|code|BLX             g_strconcat|250-247-122-233
62900|code|MOV             R5, R0|5-70
62902|code|B               loc_F536|190-231
62904|data|DCD dword_1BA6C|108-186-1-0
62908|data|DCD aCpf; "cpf"|140-14-1-0
62912|data|DCD aSSSNoRecursion; "%s %s - %s --no-recursion --null --file"...|156-48-1-0
62916|data|DCD aSSSFilesFromSN; "%s %s - %s --files-from %s --null --lis"...|12-49-1-0
62920|data|DCD aSparse; " --sparse "|0-49-1-0
62924|data|DCD aCpfz; "cpfz"|64-14-1-0
62928|data|DCD aCpfj; "cpfj"|152-14-1-0
62932|data|DCD aCpfl; "cpfl"|172-14-1-0
62936|data|DCD dword_1BA60|96-186-1-0
62940|data|DCD dword_1BA74|116-186-1-0
62944|data|DCD dword_1B8C0|192-184-1-0
62948|data|DCD aSS_2; " |%s -%s"|96-49-1-0
62952|data|DCD aBinGzip; "/bin/gzip"|72-14-1-0
62956|data|DCD stderr|64-186-1-0
62960|data|DCD aDebugTarProgS; "[DEBUG] tar prog: [%s]\n"|128-49-1-0
62964|data|DCD aBinBzip2; "/bin/bzip2"|160-14-1-0
62968|data|DCD aBinLzop; "/bin/lzop"|180-14-1-0
62972|data|DCD a2DevNull; " 2>/dev/null"|224-32-1-0
62976|data|DCD aSSetupS; "%s: Setup: %s.\n"|152-49-1-0
62980|data|DCD dword_1BA5C|92-186-1-0
62984|data|DCD aOneFileSystem; " --one-file-system "|108-49-1-0
62988|code|CMP             R3, #6|6-43
62990|code|PUSH            {R4-R7,LR}|240-181
62992|code|MOV             R4, R2|20-70
62994|code|IT LS|152-191
62996|code|LDRLS           R2, =off_12E30; ""|39-74
62998|code|SUB             SP, SP, #0x14|133-176
63000|code|ITE HI|140-191
63002|code|LDRHI           R5, =aUseCompressPro; "--use-compress-program /bin/gzip"|39-77
63004|code|LDRLS.W         R5, [R2,R3,LSL#2]|82-248-35-80
63008|code|MOV             R3, R1|11-70
63010|code|LDR             R2, [R0,#4]|66-104
63012|code|CMP             R4, #0|0-44
63014|code|BEQ             loc_F698|55-208
63016|code|LDR.W           R6, [R0,#0xC78]|208-248-120-108
63020|code|MOV             R1, R2|17-70
63022|code|LDR             R7, =aSparse; " --sparse "|35-79
63024|code|LDR             R0, =aSSSSIgnoreFail; "%s %s - %s %s --ignore-failed-read --in"...|35-72
63026|code|LDR             R2, =aXpfc; "xpfC"|36-74
63028|code|STR             R4, [SP,#0x28+var_1C]|3-148
63030|code|STR             R7, [SP,#0x28+var_28]|0-151
63032|code|STR             R5, [SP,#0x28+var_24]|1-149
63034|code|STR             R6, [SP,#0x28+var_20]|2-150
63036|code|BLX             g_strdup_printf|250-247-96-233
63040|code|MOV             R4, R0|4-70
63042|code|LDR             R3, =dword_1BA60|33-75
63044|code|LDR             R3, [R3]|27-104
63046|code|CBNZ            R3, loc_F65E|83-185
63048|code|LDR             R3, =dword_1BA74|32-75
63050|code|LDR             R3, [R3]|27-104
63052|code|CMP             R3, #1|1-43
63054|code|BEQ             loc_F672|16-208
63056|code|LDR             R3, =dword_1B8C0|31-75
63058|code|LDR             R3, [R3]|27-104
63060|code|CMP             R3, #0|0-43
63062|code|BLE             loc_F686|22-221
63064|code|MOV             R0, R4|32-70
63066|code|ADD             SP, SP, #0x14|5-176
63068|code|POP             {R4-R7,PC}|240-189
63070|code|MOV             R0, R4|32-70
63072|code|MOVS            R2, #0|0-34
63074|code|LDR             R1, =a2DevNull; " 2>/dev/null"|28-73
63076|code|BLX             g_strconcat|250-247-32-233
63080|code|LDR             R3, =dword_1BA74|24-75
63082|code|LDR             R3, [R3]|27-104
63084|code|CMP             R3, #1|1-43
63086|code|MOV             R4, R0|4-70
63088|code|BNE             loc_F650|238-209
63090|code|LDR             R3, =stderr|25-75
63092|code|MOV             R2, R4|34-70
63094|code|LDR             R1, =aDebugUntarS; "[DEBUG] Untar %s\n\n"|25-73
63096|code|LDR             R0, [R3]; stream|24-104
63098|code|BLX             fprintf|250-247-134-233
63102|code|LDR             R3, =dword_1B8C0|20-75
63104|code|LDR             R3, [R3]|27-104
63106|code|CMP             R3, #0|0-43
63108|code|BGT             loc_F658|232-220
63110|code|LDR             R3, =stderr|20-75
63112|code|LDR             R1, =aSSetupS; "%s: Setup: %s.\n"|21-73
63114|code|LDR             R0, [R3]; stream|24-104
63116|code|LDR             R3, =dword_1BA5C|21-75
63118|code|LDR             R2, [R3]|26-104
63120|code|MOV             R3, R4|35-70
63122|code|BLX             fprintf|250-247-122-233
63126|code|B               loc_F658|223-231
63128|code|LDR.W           R4, [R0,#0xC78]|208-248-120-76
63132|code|MOV             R1, R2|17-70
63134|code|LDR             R6, =aSparse; " --sparse "|7-78
63136|code|LDR             R0, =aSSSSSIgnoreFai; "%s %s - %s %s %s --ignore-failed-read %"...|17-72
63138|code|LDR             R2, =aXpfc; "xpfC"|8-74
63140|code|STR             R4, [SP,#0x28+var_20]|2-148
63142|code|STR             R6, [SP,#0x28+var_28]|0-150
63144|code|STR             R5, [SP,#0x28+var_24]|1-149
63146|code|BLX             g_strdup_printf|250-247-42-233
63150|code|MOV             R4, R0|4-70
63152|code|B               loc_F642|199-231
63154|data|ALIGN 4|0-191
63156|data|DCD off_12E30; ""|48-46-1-0
63160|data|DCD aUseCompressPro; "--use-compress-program /bin/gzip"|168-49-1-0
63164|data|DCD aSparse; " --sparse "|0-49-1-0
63168|data|DCD aSSSSIgnoreFail; "%s %s - %s %s --ignore-failed-read --in"...|12-50-1-0
63172|data|DCD aXpfc; "xpfC"|4-50-1-0
63176|data|DCD dword_1BA60|96-186-1-0
63180|data|DCD dword_1BA74|116-186-1-0
63184|data|DCD dword_1B8C0|192-184-1-0
63188|data|DCD a2DevNull; " 2>/dev/null"|224-32-1-0
63192|data|DCD stderr|64-186-1-0
63196|data|DCD aDebugUntarS; "[DEBUG] Untar %s\n\n"|72-50-1-0
63200|data|DCD aSSetupS; "%s: Setup: %s.\n"|152-49-1-0
63204|data|DCD dword_1BA5C|92-186-1-0
63208|data|DCD aSSSSSIgnoreFai; "%s %s - %s %s %s --ignore-failed-read %"...|204-49-1-0
63212|code|PUSH            {R4-R6,LR}|112-181
63214|code|MOV             R3, R0|3-70
63216|code|SUB             SP, SP, #8|130-176
63218|code|LDR.W           R0, [R0,#0xC40]|208-248-64-12
63222|code|LDR.W           R6, [R3,#0xC4C]|211-248-76-108
63226|code|LDR.W           R5, [R3,#0xC2C]|211-248-44-92
63230|code|BL              sub_C974|253-247-57-249
63234|code|MOV             R1, #0x13270|67-242-112-33-192-242-1-1
63242|code|MOV             R2, R6|50-70
63244|code|MOV             R3, R5|43-70
63246|code|MOV             R4, R0|4-70
63248|code|MOV             R0, #0x1325C|67-242-92-32-192-242-1-0
63256|code|STR             R4, [SP,#0x18+var_18]|0-148
63258|code|MOV             R4, #0x11C88|65-246-136-68-192-242-1-4
63266|code|STR             R4, [SP,#0x18+var_14]|1-148
63268|code|BLX             g_strdup_printf|250-247-236-232
63272|code|ADD             SP, SP, #8|2-176
63274|code|POP             {R4-R6,PC}|112-189
63276|code|PUSH.W          {R4-R11,LR}|45-233-240-79
63280|code|SUB             SP, SP, #0x14|133-176
63282|code|MOV             R4, R0|4-70
63284|code|MOV             R10, R1|138-70
63286|code|BL              sub_F44C|255-247-137-254
63290|code|LDR.W           R9, =dword_1BA74|223-248-204-146
63294|code|LDR.W           R3, [R9]|217-248-0-48
63298|code|CMP             R3, #1|1-43
63300|code|MOV             R7, R0|7-70
63302|code|BEQ.W           loc_F87A|0-240-152-128
63306|code|LDR.W           R5, [R4,#0xC18]|212-248-24-92
63310|code|CMP             R5, #0|0-45
63312|code|BEQ             loc_F7BE|53-208
63314|code|MOVS            R0, #0x20 ; ' '|32-32
63316|code|BLX             g_malloc|249-247-254-239
63320|code|MOV             R5, R0|5-70
63322|code|MOV             R0, R4|32-70
63324|code|BL              sub_F2FC|255-247-206-253
63328|code|STR             R0, [SP,#0x38+var_34]|1-144
63330|code|LDR.W           R3, [R4,#0xC14]|212-248-20-60
63334|code|MOV             R8, R3|152-70
63336|code|CBZ             R3, loc_F772|27-177
63338|code|MOV             R0, R4|32-70
63340|code|BL              sub_F330|255-247-224-253
63344|code|MOV             R8, R0|128-70
63346|code|LDR.W           R3, [R4,#0xC4C]|212-248-76-60
63350|code|MOV             R11, R3|155-70
63352|code|CBZ             R3, loc_F782|27-177
63354|code|MOV             R0, R4|32-70
63356|code|BL              sub_F6EC|255-247-182-255
63360|code|MOV             R11, R0|131-70
63362|code|LDR.W           R6, [R4,#0xC14]|212-248-20-108
63366|code|CMP             R6, #0|0-46
63368|code|BEQ             loc_F848|94-208
63370|code|LDR.W           R2, [R4,#0xC18]|212-248-24-44
63374|code|CBZ             R2, loc_F7C2|194-177
63376|code|MOVS            R3, #0|0-35
63378|code|MOV             R1, R4|33-70
63380|code|MOV             R2, R10|82-70
63382|code|MOV             R0, R5|40-70
63384|code|BL              sub_CFEC|253-247-40-252
63388|code|LDR             R0, =aSS_3; "%s | %s"|142-72
63390|code|MOV             R1, R7|57-70
63392|code|MOV             R2, R8|66-70
63394|code|BLX             g_strdup_printf|250-247-174-232
63398|code|LDR             R3, =dword_1BA70|141-75
63400|code|LDR             R3, [R3]|27-104
63402|code|CMP             R3, #0|0-43
63404|code|BEQ             loc_F818|52-208
63406|code|LDR             R3, =dword_1B8C0|140-75
63408|code|LDR             R3, [R3]|27-104
63410|code|CMP             R3, #0|0-43
63412|code|BLE             loc_F832|61-221
63414|code|MOVS            R0, #0|0-32
63416|code|ADD             SP, SP, #0x14|5-176
63418|code|POP.W           {R4-R11,PC}|189-232-240-143
63422|code|STR             R5, [SP,#0x38+var_34]|1-149
63424|code|B               loc_F762|207-231
63426|code|LDR.W           R6, [R4,#0xC4C]|212-248-76-108
63430|code|LDR.W           R0, [R4,#0xC40]|212-248-64-12
63434|code|CMP             R6, #0|0-46
63436|code|BEQ.W           loc_F8DE|0-240-135-128
63440|code|LDR             R1, =(aTarBz2Nc+8); ".nc"|132-73
63442|code|BLX             g_strconcat|250-247-106-232
63446|code|MOV             R3, R0|3-70
63448|code|MOV             R0, R11|88-70
63450|code|STR.W           R3, [R4,#0xC40]|196-248-64-60
63454|code|BLX             g_free|249-247-198-239
63458|code|MOV             R0, R4|32-70
63460|code|BL              sub_F6EC|255-247-130-255
63464|code|MOV             R2, R0|2-70
63466|code|CMP             R0, #0|0-40
63468|code|BEQ             loc_F844|42-208
63470|code|LDR             R0, =aSS_3; "%s | %s"|122-72
63472|code|MOV             R1, R8|65-70
63474|code|BLX             g_strdup_printf|250-247-134-232
63478|code|LDR.W           R3, [R9]|217-248-0-48
63482|code|CMP             R3, #1|1-43
63484|code|MOV             R6, R0|6-70
63486|code|BEQ.W           loc_F960|0-240-175-128
63490|code|LDR             R3, =dword_1BA70|118-75
63492|code|LDR             R3, [R3]|27-104
63494|code|CMP             R3, #0|0-43
63496|code|BEQ             loc_F888|62-208
63498|code|LDR             R3, =dword_1B8C0|117-75
63500|code|LDR             R3, [R3]|27-104
63502|code|CMP             R3, #0|0-43
63504|code|IT LE|216-191
63506|code|MOVLE           R3, R6|51-70
63508|code|BGT             loc_F7B6|207-220
63510|code|B               loc_F834|13-224
63512|code|LDR             R1, [SP,#0x38+var_34]|1-153
63514|code|MOV             R2, R5|42-70
63516|code|ADD             R3, SP, #0x38+var_30|2-171
63518|code|BL              sub_F190|255-247-183-252
63522|code|CBNZ            R0, loc_F844|120-185
63524|code|LDRD.W          R8, R9, [SP,#0x38+var_30]|221-233-2-137
63528|code|ADD.W           R4, R4, #0xC60|4-245-70-100
63532|code|STRD.W          R8, R9, [R4]|196-233-0-137
63536|code|B               loc_F7B8|194-231
63538|code|MOV             R3, R7|59-70
63540|code|LDR             R2, =stderr|108-74
63542|code|LDR             R1, =aSFakingS_0; "%s: Faking %s.\n"|109-73
63544|code|LDR             R0, [R2]; stream|16-104
63546|code|LDR             R2, =dword_1BA5C|109-74
63548|code|LDR             R2, [R2]|18-104
63550|code|BLX             fprintf|250-247-164-232
63554|code|B               loc_F7B6|184-231
63556|code|MOVS            R0, #1|1-32
63558|code|B               loc_F7B8|183-231
63560|code|LDR.W           R3, [R4,#0xC18]|212-248-24-60
63564|code|CMP             R3, #0|0-43
63566|code|BEQ.W           loc_F96E|0-240-142-128
63570|code|LDR             R3, =dword_1BA70|98-75
63572|code|LDR             R3, [R3]|27-104
63574|code|CMP             R3, #0|0-43
63576|code|BEQ             loc_F936|109-208
63578|code|LDR             R3, =dword_1B8C0|97-75
63580|code|LDR             R3, [R3]|27-104
63582|code|CMP             R3, #0|0-43
63584|code|IT GT|200-191
63586|code|MOVGT           R0, R6|48-70
63588|code|BGT             loc_F7B8|168-220
63590|code|LDR             R2, =stderr|96-74
63592|code|MOV             R3, R7|59-70
63594|code|LDR             R1, =aSFakingS_0; "%s: Faking %s.\n"|96-73
63596|code|LDR             R0, [R2]; stream|16-104
63598|code|LDR             R2, =dword_1BA5C|96-74
63600|code|LDR             R2, [R2]|18-104
63602|code|BLX             fprintf|250-247-138-232
63606|code|MOV             R0, R6|48-70
63608|code|B               loc_F7B8|158-231
63610|code|LDR             R3, =stderr|91-75
63612|code|MOV             R2, R7|58-70
63614|code|LDR             R1, =aDebugTarS; "[DEBUG] tar: %s\n"|93-73
63616|code|LDR             R0, [R3]; stream|24-104
63618|code|BLX             fprintf|250-247-130-232
63622|code|B               loc_F74A|96-231
63624|code|MOV             R1, R6|49-70
63626|code|MOV             R0, R7|56-70
63628|code|MOV             R2, R5|42-70
63630|code|ADD             R3, SP, #0x38+var_30|2-171
63632|code|BL              sub_F190|255-247-126-252
63636|code|MOV             R6, R0|6-70
63638|code|CMP             R0, #0|0-40
63640|code|BNE             loc_F844|212-209
63642|code|LDRD.W          R8, R9, [SP,#0x38+var_30]|221-233-2-137
63646|code|ADD.W           R5, R4, #0xC60|4-245-70-101
63650|code|LDR.W           R2, [R4,#0xC00]|212-248-0-44
63654|code|MOV             R1, R10|81-70
63656|code|LDR.W           R3, [R4,#0xC04]|212-248-4-60
63660|code|LDR.W           R0, [R4,#0xC2C]|212-248-44-12
63664|code|STRD.W          R8, R9, [R5]|197-233-0-137
63668|code|BL              sub_CB3C|253-247-66-249
63672|code|MOV             R1, R0|1-70
63674|code|LDR             R0, =aD; "%d"|79-72
63676|code|BLX             g_strdup_printf|250-247-32-232
63680|code|MOV             R1, R0|1-70
63682|code|LDR             R0, =aChunks; "Chunks"|78-72
63684|code|BL              sub_DA10|254-247-164-248
63688|code|LDR.W           R0, [R4,#0xC2C]|212-248-44-12
63692|code|MOV             R1, R10|81-70
63694|code|BL              sub_CACC|253-247-253-248
63698|code|MOVS            R2, #0|0-34
63700|code|MOVS            R3, #0|0-35
63702|code|MOV             R0, R6|48-70
63704|code|STRD.W          R2, R3, [R5]|197-233-0-35
63708|code|B               loc_F7B8|108-231
63710|code|MOV             R2, R6|50-70
63712|code|LDR             R1, =(aTarBz2Nc+8); ".nc"|64-73
63714|code|BLX             g_strconcat|249-247-226-239
63718|code|MOV             R1, R8|65-70
63720|code|MOV             R2, R0|2-70
63722|code|STR.W           R0, [R4,#0xC40]|196-248-64-12
63726|code|LDR             R0, =aSS_4; "%s > %s"|68-72
63728|code|BLX             g_strdup_printf|250-247-6-232
63732|code|LDR             R3, =dword_1BA70|57-75
63734|code|LDR             R3, [R3]|27-104
63736|code|MOV             R1, R0|1-70
63738|code|CMP             R3, #0|0-43
63740|code|BNE             loc_F85A|173-209
63742|code|MOV             R0, R7|56-70
63744|code|MOV             R2, R5|42-70
63746|code|ADD             R3, SP, #0x38+var_30|2-171
63748|code|BL              sub_F190|255-247-68-252
63752|code|MOV             R6, R0|6-70
63754|code|CMP             R0, #0|0-40
63756|code|BNE             loc_F844|154-209
63758|code|LDRD.W          R8, R9, [SP,#0x38+var_30]|221-233-2-137
63762|code|ADD.W           R3, R4, #0xC60|4-245-70-99
63766|code|LDR.W           R1, [R4,#0xC00]|212-248-0-28
63770|code|LDR.W           R2, [R4,#0xC04]|212-248-4-44
63774|code|STRD.W          R8, R9, [R3]|195-233-0-137
63778|code|LDR.W           R0, [R4,#0xC40]|212-248-64-12
63782|code|BL              sub_CA2C|253-247-129-248
63786|code|LDR.W           R0, [R4,#0xC40]|212-248-64-12
63790|code|BL              sub_CAA8|253-247-187-248
63794|code|MOV             R0, R6|48-70
63796|code|B               loc_F7B8|64-231
63798|code|MOV             R1, R4|33-70
63800|code|MOV             R2, R10|82-70
63802|code|MOV             R0, R5|40-70
63804|code|BL              sub_CFEC|253-247-86-251
63808|code|MOV             R0, R7|56-70
63810|code|LDR             R1, [SP,#0x38+var_34]|1-153
63812|code|MOV             R2, R5|42-70
63814|code|ADD             R3, SP, #0x38+var_30|2-171
63816|code|BL              sub_F190|255-247-34-252
63820|code|CMP             R0, #0|0-40
63822|code|BNE.W           loc_F844|127-244-121-175
63826|code|LDRD.W          R2, R3, [SP,#0x38+var_30]|221-233-2-35
63830|code|ADD.W           R4, R4, #0xC60|4-245-70-100
63834|code|STRD.W          R2, R3, [R4]|196-233-0-35
63838|code|B               loc_F7B8|43-231
63840|code|LDR             R3, =stderr|33-75
63842|code|MOV             R2, R6|50-70
63844|code|LDR             R1, =aDebugOutS; "[DEBUG] out: %s\n"|39-73
63846|code|LDR             R0, [R3]; stream|24-104
63848|code|BLX             fprintf|250-247-14-232
63852|code|B               loc_F802|73-231
63854|code|LDR.W           R6, [R4,#0xC4C]|212-248-76-108
63858|code|CMP             R6, #0|0-46
63860|code|BEQ             loc_FA0C|74-208
63862|code|LDR.W           R3, [R9]|217-248-0-48
63866|code|CMP             R3, #1|1-43
63868|code|BEQ             loc_FA50|104-208
63870|code|LDR             R3, =dword_1BA70|23-75
63872|code|LDR             R3, [R3]|27-104
63874|code|CMP             R3, #0|0-43
63876|code|BNE.W           loc_F7AE|127-244-19-175
63880|code|MOV             R2, R5|42-70
63882|code|MOV             R0, R7|56-70
63884|code|MOV             R1, R11|89-70
63886|code|ADD             R3, SP, #0x38+var_30|2-171
63888|code|BL              sub_F190|255-247-254-251
63892|code|MOV             R5, R0|5-70
63894|code|CMP             R0, #0|0-40
63896|code|BNE.W           loc_F844|127-244-84-175
63900|code|LDRD.W          R8, R9, [SP,#0x38+var_30]|221-233-2-137
63904|code|ADD.W           R6, R4, #0xC60|4-245-70-102
63908|code|LDR.W           R2, [R4,#0xC00]|212-248-0-44
63912|code|MOV             R1, R10|81-70
63914|code|LDR.W           R3, [R4,#0xC04]|212-248-4-60
63918|code|LDR.W           R0, [R4,#0xC2C]|212-248-44-12
63922|code|STRD.W          R8, R9, [R6]|198-233-0-137
63926|code|BL              sub_CB3C|253-247-193-248
63930|code|MOV             R1, R0|1-70
63932|code|LDR             R0, =aD; "%d"|14-72
63934|code|BLX             g_strdup_printf|249-247-160-239
63938|code|MOV             R1, R0|1-70
63940|code|LDR             R0, =aChunks; "Chunks"|13-72
63942|code|BL              sub_DA10|254-247-35-248
63946|code|LDR.W           R0, [R4,#0xC2C]|212-248-44-12
63950|code|MOV             R1, R10|81-70
63952|code|BL              sub_CACC|253-247-124-248
63956|code|MOV             R0, R5|40-70
63958|code|B               loc_F7B8|239-230
63960|data|DCD aSS_3; "%s | %s"|16-43-1-0
63964|data|DCD dword_1BA70|112-186-1-0
63968|data|DCD dword_1B8C0|192-184-1-0
63972|data|DCD aTarBz2Nc+8; ".nc"|72-29-1-0
63976|data|DCD stderr|64-186-1-0
63980|data|DCD aSFakingS_0; "%s: Faking %s.\n"|148-50-1-0
63984|data|DCD dword_1BA5C|92-186-1-0
63988|data|DCD aDebugTarS; "[DEBUG] tar: %s\n"|128-50-1-0
63992|data|DCD aD; "%d"|184-50-1-0
63996|data|DCD aChunks; "Chunks"|188-50-1-0
64000|data|DCD aSS_4; "%s > %s"|196-50-1-0
64004|data|DCD aDebugOutS; "[DEBUG] out: %s\n"|204-50-1-0
64008|data|DCD dword_1BA74|116-186-1-0
64012|code|LDR             R3, =dword_1BA70|20-75
64014|code|LDR.W           R5, [R4,#0xC40]|212-248-64-92
64018|code|LDR             R3, [R3]|27-104
64020|code|CMP             R3, #0|0-43
64022|code|BNE.W           loc_F85A|127-244-32-175
64026|code|MOV             R0, R7|56-70
64028|code|MOV             R1, R5|41-70
64030|code|ADD             R2, SP, #0x38+var_30|2-170
64032|code|BL              sub_ED78|255-247-170-249
64036|code|MOV             R6, R0|6-70
64038|code|CMP             R0, #0|0-40
64040|code|BNE.W           loc_F844|127-244-12-175
64044|code|LDRD.W          R8, R9, [SP,#0x38+var_30]|221-233-2-137
64048|code|ADD.W           R3, R4, #0xC60|4-245-70-99
64052|code|LDR.W           R1, [R4,#0xC00]|212-248-0-28
64056|code|MOV             R0, R5|40-70
64058|code|LDR.W           R2, [R4,#0xC04]|212-248-4-44
64062|code|STRD.W          R8, R9, [R3]|195-233-0-137
64066|code|BL              sub_CA2C|252-247-243-255
64070|code|MOV             R0, R5|40-70
64072|code|BL              sub_CAA8|253-247-46-248
64076|code|MOV             R0, R6|48-70
64078|code|B               loc_F7B8|179-230
64080|code|LDR             R3, =stderr|4-75
64082|code|MOV             R2, R11|90-70
64084|code|LDR             R1, =aDebugSplitS; "[DEBUG] split: %s\n"|4-73
64086|code|LDR             R0, [R3]; stream|24-104
64088|code|BLX             fprintf|249-247-150-239
64092|code|B               loc_F97E|143-231
64094|data|ALIGN 0x10|0-191
64096|data|DCD dword_1BA70|112-186-1-0
64100|data|DCD stderr|64-186-1-0
64104|data|DCD aDebugSplitS; "[DEBUG] split: %s\n"|164-50-1-0
64108|code|PUSH            {R3-R5,LR}|56-181
64110|code|MOV             R4, R0|4-70
64112|code|LDR             R1, =aSplit_0; "__split__"|9-73
64114|code|BLX             strstr|249-247-100-238
64118|code|CBZ             R0, locret_FA96|112-177
64120|code|MOVS            R5, #0|0-37
64122|code|LDR             R1, =(aSSSS+0xC); "*"|8-73
64124|code|STRB            R5, [R0]|5-112
64126|code|MOV             R0, R4|32-70
64128|code|LDR             R2, =aSplit_0; "__split__"|5-74
64130|code|MOV             R3, R5|43-70
64132|code|BLX             g_strconcat|249-247-16-239
64136|code|LDR             R1, =aBinCat; "/bin/cat"|5-73
64138|code|MOV             R2, R0|2-70
64140|code|LDR             R0, =aSS_6; "%s %s??"|5-72
64142|code|POP.W           {R3-R5,LR}|189-232-56-64
64146|code|B.W             j_g_strdup_printf|249-247-51-191
64150|code|POP             {R3-R5,PC}|56-189
64152|data|DCD aSplit_0; "__split__"|136-28-1-0
64156|data|DCD aSSSS+0xC; "*"|232-8-1-0
64160|data|DCD aBinCat; "/bin/cat"|232-50-1-0
64164|data|DCD aSS_6; "%s %s??"|224-50-1-0
64168|code|PUSH.W          {R4-R9,LR}|45-233-240-67
64172|code|MOV             R4, R0|4-70
64174|code|LDR.W           R6, [R0,#0xC18]|208-248-24-108
64178|code|SUB             SP, SP, #0xC|131-176
64180|code|MOV             R8, R1|136-70
64182|code|MOV             R5, R2|21-70
64184|code|CMP             R6, #0|0-46
64186|code|BEQ             loc_FBAE|120-208
64188|code|MOVS            R0, #0x20 ; ' '|32-32
64190|code|BLX             g_malloc|249-247-74-238
64194|code|LDR.W           R3, [R8,#0x10]|216-248-16-48
64198|code|MOVS            R2, #4|4-34
64200|code|MOV             R1, R4|33-70
64202|code|MOV             R6, R0|6-70
64204|code|BL              sub_CFEC|253-247-142-250
64208|code|MOV             R0, R4|32-70
64210|code|BL              sub_F2FC|255-247-19-252
64214|code|MOV             R7, R0|7-70
64216|code|MOV             R0, R5|40-70
64218|code|BL              sub_CBCC|253-247-119-248
64222|code|CMP             R0, #4|4-40
64224|code|IT NE|24-191
64226|code|MOVNE           R8, R7|184-70
64228|code|BEQ             loc_FB6C|66-208
64230|code|MOV             R0, R5|40-70
64232|code|BL              sub_CE00|253-247-138-249
64236|code|CMP             R0, #5|5-40
64238|code|MOV             R0, R5|40-70
64240|code|BEQ             loc_FB36|33-208
64242|code|LDR             R1, =(aRunningWithout+0x30); "r"|102-73
64244|code|BLX             fopen64|249-247-250-239
64248|code|CMP             R0, #0|0-40
64250|code|BEQ             loc_FBF0|121-208
64252|code|LDR             R3, =dword_1BA70|100-75
64254|code|LDR             R7, [R3]|31-104
64256|code|CBZ             R7, loc_FB14|71-177
64258|code|LDR             R3, =dword_1B8C0|100-75
64260|code|LDR             R3, [R3]|27-104
64262|code|CMP             R3, #0|0-43
64264|code|BLE.W           loc_FC36|64-243-149-128
64268|code|MOVS            R0, #0|0-32
64270|code|ADD             SP, SP, #0xC|3-176
64272|code|POP.W           {R4-R9,PC}|189-232-240-131
64276|code|LDR             R3, =dword_1BA64|96-75
64278|code|MOV             R1, R8|65-70
64280|code|MOV             R2, R6|50-70
64282|code|LDR             R3, [R3]|27-104
64284|code|CMP             R3, #0|0-43
64286|code|BEQ             loc_FB9A|60-208
64288|code|MOV             R3, SP|107-70
64290|code|ADD.W           R4, R4, #0xC60|4-245-70-100
64294|code|BL              sub_F04C|255-247-145-250
64298|code|LDRD.W          R2, R3, [SP,#0x28+var_28]|221-233-0-35
64302|code|MOV             R0, R7|56-70
64304|code|STRD.W          R2, R3, [R4]|196-233-0-35
64308|code|B               loc_FB0E|235-231
64310|code|BL              sub_FA6C|255-247-153-255
64314|code|LDR             R3, =dword_1BA74|88-75
64316|code|LDR             R3, [R3]|27-104
64318|code|CMP             R3, #1|1-43
64320|code|MOV             R7, R0|7-70
64322|code|BEQ             loc_FC3A|122-208
64324|code|LDR             R3, =dword_1BA70|82-75
64326|code|LDR             R5, [R3]|29-104
64328|code|CBNZ            R5, loc_FB7C|197-185
64330|code|LDR             R3, =dword_1BA64|83-75
64332|code|MOV             R0, R7|56-70
64334|code|MOV             R1, R8|65-70
64336|code|MOV             R2, R6|50-70
64338|code|LDR             R3, [R3]|27-104
64340|code|CMP             R3, #0|0-43
64342|code|BNE             loc_FC20|99-209
64344|code|MOV             R3, SP|107-70
64346|code|ADD.W           R4, R4, #0xC60|4-245-70-100
64350|code|BL              sub_F190|255-247-23-251
64354|code|LDRD.W          R2, R3, [SP,#0x28+var_28]|221-233-0-35
64358|code|STRD.W          R2, R3, [R4]|196-233-0-35
64362|code|B               loc_FB0E|208-231
64364|code|LDR             R3, =dword_1B8C0|73-75
64366|code|LDR             R3, [R3]|27-104
64368|code|CMP             R3, #1|1-43
64370|code|BLE             loc_FC48|105-221
64372|code|LDR             R3, =(aToday+4); "y"|74-75
64374|code|MOV             R8, R7|184-70
64376|code|STR             R3, [R6,#0x18]|179-97
64378|code|B               loc_FAE6|180-231
64380|code|LDR             R3, =dword_1B8C0|69-75
64382|code|LDR             R3, [R3]|27-104
64384|code|CMP             R3, #0|0-43
64386|code|IT LE|216-191
64388|code|MOVLE           R3, R7|59-70
64390|code|BGT             loc_FB0C|193-220
64392|code|LDR             R2, =stderr|70-74
64394|code|LDR             R1, =aSFakingS_0; "%s: Faking %s.\n"|71-73
64396|code|LDR             R0, [R2]; stream|16-104
64398|code|LDR             R2, =dword_1BA5C|71-74
64400|code|LDR             R2, [R2]|18-104
64402|code|BLX             fprintf|249-247-250-238
64406|code|MOVS            R0, #0|0-32
64408|code|B               loc_FB0E|185-231
64410|code|MOV             R3, SP|107-70
64412|code|ADD.W           R4, R4, #0xC60|4-245-70-100
64416|code|BL              sub_F04C|255-247-84-250
64420|code|LDRD.W          R2, R3, [SP,#0x28+var_28]|221-233-0-35
64424|code|STRD.W          R2, R3, [R4]|196-233-0-35
64428|code|B               loc_FB0E|175-231
64430|code|MOV             R0, R2|16-70
64432|code|BL              sub_CBCC|253-247-12-248
64436|code|CMP             R0, #4|4-40
64438|code|BNE             loc_FC02|36-209
64440|code|LDR.W           R3, [R4,#0xC14]|212-248-20-60
64444|code|CMP             R3, #0|0-43
64446|code|BEQ             loc_FC5A|76-208
64448|code|MOV             R0, R4|32-70
64450|code|BL              sub_F3BC|255-247-251-251
64454|code|LDR.W           R9, [R8,#0x10]|216-248-16-144
64458|code|LDR.W           R8, [R8,#0x14]|216-248-20-128
64462|code|MOV             R7, R0|7-70
64464|code|MOV             R0, R5|40-70
64466|code|BL              sub_CD90|253-247-221-248
64470|code|MOV             R2, R8|66-70
64472|code|MOV             R1, R9|73-70
64474|code|MOV             R3, R0|3-70
64476|code|MOV             R0, R4|32-70
64478|code|BL              sub_F60C|255-247-21-253
64482|code|MOV             R1, R7|57-70
64484|code|MOV             R2, R0|2-70
64486|code|LDR             R0, =aSS_3; "%s | %s"|50-72
64488|code|BLX             g_strdup_printf|249-247-138-238
64492|code|MOV             R8, R0|128-70
64494|code|B               loc_FAE6|122-231
64496|code|LDR             R3, =dword_1B8C0|40-75
64498|code|LDR             R3, [R3]|27-104
64500|code|CMP             R3, #1|1-43
64502|code|BLE             loc_FC7A|64-221
64504|code|MOVS            R0, #0; s|0-32
64506|code|BLX             perror|249-247-48-238
64510|code|MOVS            R0, #1|1-32
64512|code|B               loc_FB0E|133-231
64514|code|MOV             R0, R5|40-70
64516|code|LDR.W           R9, [R8,#0x10]|216-248-16-144
64520|code|LDR.W           R7, [R8,#0x14]|216-248-20-112
64524|code|BL              sub_CBCC|252-247-222-255
64528|code|MOV             R1, R9|73-70
64530|code|MOV             R2, R7|58-70
64532|code|MOV             R3, R0|3-70
64534|code|MOV             R0, R4|32-70
64536|code|BL              sub_F60C|255-247-248-252
64540|code|MOV             R8, R0|128-70
64542|code|B               loc_FAE6|98-231
64544|code|MOV             R3, SP|107-70
64546|code|ADD.W           R4, R4, #0xC60|4-245-70-100
64550|code|BL              sub_F190|255-247-179-250
64554|code|LDRD.W          R2, R3, [SP,#0x28+var_28]|221-233-0-35
64558|code|MOV             R0, R5|40-70
64560|code|STRD.W          R2, R3, [R4]|196-233-0-35
64564|code|B               loc_FB0E|107-231
64566|code|MOV             R3, R5|43-70
64568|code|B               loc_FB88|166-231
64570|code|LDR             R3, =stderr|26-75
64572|code|MOV             R2, R7|58-70
64574|code|LDR             R1, =aDebugS_0; "[DEBUG] %s\n"|29-73
64576|code|LDR             R0, [R3]; stream|24-104
64578|code|BLX             fprintf|249-247-162-238
64582|code|B               loc_FB44|125-231
64584|code|LDR             R3, =stderr|22-75
64586|code|LDR             R1, =aSS; "%s: %s.\n"|27-73
64588|code|LDR             R0, [R3]; stream|24-104
64590|code|LDR             R3, =dword_1BA5C|23-75
64592|code|LDR             R2, [R3]|26-104
64594|code|LDR             R3, =aArchiveIsEncry; "Archive is encrypted - adding to header"|26-75
64596|code|BLX             fprintf|249-247-152-238
64600|code|B               loc_FB74|140-231
64602|code|LDR             R3, =dword_1B8C0|14-75
64604|code|MOVS            R0, #1|1-32
64606|code|LDR             R3, [R3]|27-104
64608|code|CMP             R3, #1|1-43
64610|code|BGT.W           loc_FB0E|63-247-84-175
64614|code|LDR             R3, =stderr|15-75
64616|code|LDR             R1, =aSS; "%s: %s.\n"|19-73
64618|code|LDR             R0, [R3]; stream|24-104
64620|code|LDR             R3, =dword_1BA5C|15-75
64622|code|LDR             R2, [R3]|26-104
64624|code|LDR             R3, =aArchiveAppears; "Archive appears to be encrypted - skipp"...|19-75
64626|code|BLX             fprintf|249-247-138-238
64630|code|MOVS            R0, #1|1-32
64632|code|B               loc_FB0E|73-231
64634|code|LDR             R3, =stderr|10-75
64636|code|LDR             R1, =aSS; "%s: %s.\n"|14-73
64638|code|LDR             R0, [R3]; stream|24-104
64640|code|LDR             R3, =dword_1BA5C|10-75
64642|code|LDR             R2, [R3]|26-104
64644|code|LDR             R3, =aCouldNotOpenTh; "Could not open the archive for reading"|15-75
64646|code|BLX             fprintf|249-247-128-238
64650|code|B               loc_FBF8|181-231
64652|data|DCD aRunningWithout+0x30; "r"|20-11-1-0
64656|data|DCD dword_1BA70|112-186-1-0
64660|data|DCD dword_1B8C0|192-184-1-0
64664|data|DCD dword_1BA64|100-186-1-0
64668|data|DCD dword_1BA74|116-186-1-0
64672|data|DCD aToday+4; "y"|32-19-1-0
64676|data|DCD stderr|64-186-1-0
64680|data|DCD aSFakingS_0; "%s: Faking %s.\n"|148-50-1-0
64684|data|DCD dword_1BA5C|92-186-1-0
64688|data|DCD aSS_3; "%s | %s"|16-43-1-0
64692|data|DCD aDebugS_0; "[DEBUG] %s\n"|176-22-1-0
64696|data|DCD aSS; "%s: %s.\n"|140-30-1-0
64700|data|DCD aArchiveIsEncry; "Archive is encrypted - adding to header"|32-51-1-0
64704|data|DCD aArchiveAppears; "Archive appears to be encrypted - skipp"...|244-50-1-0
64708|data|DCD aCouldNotOpenTh; "Could not open the archive for reading"|72-51-1-0
64712|code|PUSH            {R4,LR}|16-181
64714|code|MOV             R4, R0|4-70
64716|code|BLX             strlen|249-247-74-238
64720|code|ADDS            R4, R4, R0|36-24
64722|code|LDRB.W          R0, [R4,#-1]|20-248-1-12
64726|code|SUB.W           R3, R0, #0x2F ; '/'|160-241-47-3
64730|code|NEGS            R0, R3|88-66
64732|code|ADC.W           R0, R0, R3|64-235-3-0
64736|code|POP             {R4,PC}|16-189
64738|data|ALIGN 4|0-191
64740|code|LDR             R3, [R0]|3-104
64742|code|PUSH.W          {R4-R8,LR}|45-233-240-65
64746|code|CMP             R3, #0|0-43
64748|code|SUB             SP, SP, #8|130-176
64750|code|MOV             R5, R0|5-70
64752|code|MOV             R6, R1|14-70
64754|code|BLE             loc_FD1E|20-221
64756|code|MOVS            R4, #0|0-36
64758|code|ADDS            R7, R0, #4|7-29
64760|code|MOV             R8, R4|160-70
64762|code|B               loc_FD02|2-224
64764|code|LDR             R3, [R5]|43-104
64766|code|CMP             R3, R4|163-66
64768|code|BLE             loc_FD1E|13-221
64770|code|MOVS            R2, #0; nmatch|0-34
64772|code|ADD.W           R0, R7, R4,LSL#5; preg|7-235-68-16
64776|code|MOV             R1, R6; string|49-70
64778|code|ADDS            R4, #1|1-52
64780|code|MOV             R3, R2; pmatch|19-70
64782|code|STR.W           R8, [SP,#0x20+eflags]; eflags|205-248-0-128
64786|code|BLX             regexec|249-247-134-237
64790|code|CMP             R0, #0|0-40
64792|code|BNE             loc_FCFC|240-209
64794|code|MOVS            R0, #1|1-32
64796|code|B               loc_FD20|0-224
64798|code|MOVS            R0, #0|0-32
64800|code|ADD             SP, SP, #8|2-176
64802|code|POP.W           {R4-R8,PC}|189-232-240-129
64806|data|ALIGN 4|0-191
64808|code|PUSH.W          {R4-R11,LR}|45-233-240-79
64812|code|SUB             SP, SP, #0xA4|169-176
64814|code|MOV             R8, R1|136-70
64816|code|MOV             R10, R2|146-70
64818|code|STR             R0, [SP,#0xC8+name]|4-144
64820|code|MOVS            R0, #0xC8|200-32
64822|code|MOV             R11, R3|155-70
64824|code|BLX             g_malloc|249-247-12-237
64828|code|STR             R0, [SP,#0xC8+var_B0]|6-144
64830|code|MOV.W           R0, #0x3E8|79-244-122-112
64834|code|BLX             g_malloc|249-247-8-237
64838|code|STR             R0, [SP,#0xC8+var_AC]|7-144
64840|code|LDR             R0, [SP,#0xC8+name]; name|4-152
64842|code|BLX             opendir|249-247-192-237
64846|code|MOV             R5, R0|5-70
64848|code|CMP             R0, #0|0-40
64850|code|BEQ.W           loc_FFE0|0-240-69-129
64854|code|MOVS            R0, #3|3-32
64856|code|LDR             R1, [SP,#0xC8+name]|4-153
64858|code|ADD             R2, SP, #0xC8+var_90|14-170
64860|code|BLX             __xstat64|249-247-222-238
64864|code|CMP             R0, #0|0-40
64866|code|BNE.W           loc_FF4A|64-240-242-128
64870|code|STR             R0, [SP,#0xC8+var_B4]|5-144
64872|code|MOVS            R4, #1|1-36
64874|code|LDRD.W          R0, R1, [SP,#0xC8+var_90]|221-233-14-1
64878|code|MOVW            R7, #0x851F|72-242-31-87
64882|code|STR             R4, [SP,#0xC8+var_A4]|9-148
64884|code|MOVS            R4, #1|1-36
64886|code|LDR.W           R9, [SP,#0xC8+var_B4]|221-248-20-144
64890|code|MOVT.W          R7, #0x51EB|197-242-235-23
64894|code|STR             R4, [SP,#0xC8+var_9C]|11-148
64896|code|LDR             R4, =dword_1BA78|157-76
64898|code|STR             R7, [SP,#0xC8+var_A0]|10-151
64900|code|MOVW            R7, #0x4DD3|68-246-211-87
64904|code|STRD.W          R0, R1, [SP,#0xC8+var_98]|205-233-12-1
64908|code|MOVT.W          R7, #0x1062|193-242-98-7
64912|code|STR             R7, [SP,#0xC8+var_A8]|8-151
64914|code|MOV             R0, R5|40-70
64916|code|BLX             readdir64|249-247-144-238
64920|code|MOV             R6, R0|6-70
64922|code|CMP             R0, #0|0-40
64924|code|BEQ             loc_FE90|120-208
64926|code|LDR             R3, [R4]|35-104
64928|code|CMP             R3, #0|0-43
64930|code|BNE             loc_FE76|104-209
64932|code|ADDS            R6, #0x13|19-54
64934|code|LDR             R1, =(aMaximumLineLen+0x1C); "."|149-73
64936|code|MOV             R0, R6|48-70
64938|code|BLX             g_ascii_strcasecmp|249-247-40-237
64942|code|CMP             R0, #0|0-40
64944|code|BEQ             loc_FD92|239-208
64946|code|MOV             R0, R6|48-70
64948|code|LDR             R1, =(asc_129E0+0x24); ".."|146-73
64950|code|BLX             g_ascii_strcasecmp|249-247-34-237
64954|code|CMP             R0, #0|0-40
64956|code|BEQ             loc_FD92|233-208
64958|code|LDR             R0, [SP,#0xC8+name]|4-152
64960|code|LDR             R1, =asc_12034; "/"|144-73
64962|code|BLX             g_ascii_strcasecmp|249-247-28-237
64966|code|CMP             R0, #0|0-40
64968|code|BNE             loc_FE82|91-209
64970|code|LDR             R0, =(aSSS_2+4); "/%s"|143-72
64972|code|MOV             R1, R6|49-70
64974|code|BLX             g_strdup_printf|249-247-152-237
64978|code|MOV             R7, R0|7-70
64980|code|MOV             R0, R7; s|56-70
64982|code|BLX             strlen|249-247-198-237
64986|code|ADDS            R0, #2|2-48
64988|code|CMP.W           R0, #0x1000|176-245-128-95
64992|code|BHI.W           loc_10038|0-242-42-129
64996|code|MOVS            R0, #3|3-32
64998|code|MOV             R1, R7|57-70
65000|code|ADD             R2, SP, #0xC8+var_90|14-170
65002|code|BLX             __lxstat64|249-247-182-238
65006|code|CMP             R0, #0|0-40
65008|code|BNE.W           loc_FF36|64-240-161-128
65012|code|LDR             R3, [SP,#0xC8+var_80]|18-155
65014|code|AND.W           R3, R3, #0xF000|3-244-112-67
65018|code|CMP.W           R3, #0x4000|179-245-128-79
65022|code|BEQ.W           loc_FF62|0-240-176-128
65026|code|LDR.W           R1, [R10,#0xC7C]|218-248-124-28
65030|code|CBZ             R1, loc_FE14|41-177
65032|code|MOV             R0, R6|48-70
65034|code|BLX             g_ascii_strcasecmp|249-247-248-236
65038|code|CMP             R0, #0|0-40
65040|code|BEQ.W           loc_10058|0-240-34-129
65044|code|LDR             R0, [SP,#0xC8+arg_0]|50-152
65046|code|MOV             R1, R7|57-70
65048|code|BL              sub_FCE4|255-247-100-255
65052|code|CMP             R0, #0|0-40
65054|code|BNE             loc_FD92|184-209
65056|code|LDR             R0, [SP,#0xC8+arg_8]|52-152
65058|code|MOV             R1, R7|57-70
65060|code|BL              sub_FCE4|255-247-94-255
65064|code|CMP             R0, #0|0-40
65066|code|BEQ             loc_FD92|178-208
65068|code|MOV             R0, R7|56-70
65070|code|BLX             g_strdup|249-247-88-238
65074|code|LDR             R3, =dword_1B8C0|118-75
65076|code|LDR             R1, [SP,#0xC8+var_B4]|5-153
65078|code|LDR             R2, [SP,#0xC8+var_AC]|7-154
65080|code|LDR             R3, [R3]|27-104
65082|code|STR.W           R0, [R2,R1,LSL#2]|66-248-33-0
65086|code|ADDS            R1, #1|1-49
65088|code|CMP             R3, #0|0-43
65090|code|STR             R1, [SP,#0xC8+var_B4]|5-145
65092|code|BLE.W           loc_1006A|64-243-17-129
65096|code|LDR             R7, [SP,#0xC8+var_B4]|5-159
65098|code|MOVS            R2, #0xFA|250-34
65100|code|LDR             R0, [SP,#0xC8+var_A8]|8-152
65102|code|UMULL.W         R7, R3, R0, R7|160-251-7-115
65106|code|LDR             R7, [SP,#0xC8+var_B4]|5-159
65108|code|LSRS            R3, R3, #4|27-9
65110|code|MLS.W           R3, R2, R3, R7|2-251-19-115
65114|code|CMP             R3, #0|0-43
65116|code|BNE             loc_FD92|153-209
65118|code|LDR             R7, [SP,#0xC8+var_A4]|9-159
65120|code|MOV.W           R1, #0x3E8|79-244-122-113
65124|code|LDR             R0, [SP,#0xC8+var_AC]|7-152
65126|code|ADDS            R7, #1|1-55
65128|code|STR             R7, [SP,#0xC8+var_A4]|9-151
65130|code|MUL.W           R1, R1, R7|1-251-7-241
65134|code|BLX             g_realloc|249-247-0-238
65138|code|STR             R0, [SP,#0xC8+var_AC]|7-144
65140|code|B               loc_FD92|141-231
65142|code|MOV.W           R0, #0xFFFFFFFF|79-240-255-48
65146|code|MOV             R1, R10|81-70
65148|code|BL              sub_D788|253-247-132-252
65152|code|B               loc_FDA4|144-231
65154|code|LDR             R0, =aSS_5; "%s/%s"|99-72
65156|code|MOV             R2, R6|50-70
65158|code|LDR             R1, [SP,#0xC8+name]|4-153
65160|code|BLX             g_strdup_printf|249-247-58-237
65164|code|MOV             R7, R0|7-70
65166|code|B               loc_FDD4|161-231
65168|code|MOV             R0, R5; dirp|40-70
65170|code|BLX             closedir|249-247-110-238
65174|code|LDR             R4, [SP,#0xC8+var_B4]|5-156
65176|code|CBZ             R4, loc_FEC0|148-177
65178|code|LDR             R7, [SP,#0xC8+var_AC]|7-159
65180|code|ADD.W           R6, R7, R4,LSL#2|7-235-132-6
65184|code|LDR.W           R5, [R6,#-4]!|86-248-4-93
65188|code|MOV             R1, R8; stream|65-70
65190|code|SUBS            R4, #1|1-60
65192|code|MOV             R0, R5; s|40-70
65194|code|BLX             fputs|249-247-62-238
65198|code|MOVS            R0, #0; c|0-32
65200|code|MOV             R1, R8; fp|65-70
65202|code|BLX             _IO_putc|249-247-236-236
65206|code|MOV             R0, R5|40-70
65208|code|BLX             g_free|249-247-88-236
65212|code|CMP             R4, #0|0-44
65214|code|BNE             loc_FEA0|239-209
65216|code|LDR             R5, [SP,#0xC8+var_B4]|5-157
65218|code|CMP.W           R9, #0|185-241-0-15
65222|code|BEQ             loc_FF22|44-208
65224|code|LDR             R4, [SP,#0xC8+var_B0]|6-156
65226|code|MOV             R3, R8|67-70
65228|code|LDR             R5, [SP,#0xC8+var_B4]|5-157
65230|code|ADD.W           R6, R4, R9,LSL#2|4-235-137-6
65234|code|MOV             R8, R6|176-70
65236|code|MOV             R6, R9|78-70
65238|code|MOV             R9, R3|153-70
65240|code|B               loc_FEFC|16-224
65242|code|LDR             R7, [SP,#0xC8+arg_0]|50-159
65244|code|MOV             R1, R9|73-70
65246|code|MOV             R2, R10|82-70
65248|code|MOV             R3, R11|91-70
65250|code|MOV             R0, R4|32-70
65252|code|STR             R7, [SP,#0xC8+var_C8]|0-151
65254|code|LDR             R7, [SP,#0xC8+arg_4]|51-159
65256|code|STR             R7, [SP,#0xC8+var_C4]|1-151
65258|code|LDR             R7, [SP,#0xC8+arg_8]|52-159
65260|code|STR             R7, [SP,#0xC8+var_C0]|2-151
65262|code|BL              sub_FD28|255-247-27-255
65266|code|ADDS            R5, R5, R0|45-24
65268|code|MOV             R0, R4|32-70
65270|code|BLX             g_free|249-247-58-236
65274|code|CBZ             R6, loc_FF22|150-177
65276|code|MOV             R7, #0x1BA6C|75-246-108-39-192-242-1-7
65284|code|SUBS            R6, #1|1-62
65286|code|LDR.W           R4, [R8,#-4]!|88-248-4-77
65290|code|LDR             R3, [R7]|59-104
65292|code|CMP             R3, #1|1-43
65294|code|BNE             loc_FEDA|228-209
65296|code|MOV             R1, R9; stream|73-70
65298|code|MOV             R0, R4; s|32-70
65300|code|BLX             fputs|249-247-8-238
65304|code|MOVS            R0, #0; c|0-32
65306|code|MOV             R1, R9; fp|73-70
65308|code|BLX             _IO_putc|249-247-182-236
65312|code|B               loc_FEDA|219-231
65314|code|LDR             R0, [SP,#0xC8+var_B0]|6-152
65316|code|BLX             g_free|249-247-34-236
65320|code|LDR             R0, [SP,#0xC8+var_AC]|7-152
65322|code|BLX             g_free|249-247-32-236
65326|code|MOV             R0, R5|40-70
65328|code|ADD             SP, SP, #0xA4|41-176
65330|code|POP.W           {R4-R11,PC}|189-232-240-143
65334|code|LDR             R3, =stderr|55-75
65336|code|STR             R7, [SP,#0xC8+var_C8]|0-151
65338|code|LDR             R1, =aSWarningSS; "%s: WARNING: %s %s!\n"|55-73
65340|code|LDR             R0, [R3]; stream|24-104
65342|code|LDR             R3, =dword_1BA5C|55-75
65344|code|LDR             R2, [R3]|26-104
65346|code|LDR             R3, =aCouldNotStatPa; "Could not stat path:"|55-75
65348|code|BLX             fprintf|249-247-32-237
65352|code|B               loc_FD92|35-231
65354|code|LDR             R3, =stderr|50-75
65356|code|LDR             R7, [SP,#0xC8+name]|4-159
65358|code|LDR             R1, =aSWarningSS_0; "%s: WARNING: %s: %s!\n"|53-73
65360|code|LDR             R0, [R3]; stream|24-104
65362|code|LDR             R3, =dword_1BA5C|50-75
65364|code|LDR             R2, [R3]|26-104
65366|code|LDR             R3, =aCannotDetermin; "Cannot determine holding device of the "...|52-75
65368|code|STR             R7, [SP,#0xC8+var_C8]|0-151
65370|code|BLX             fprintf|249-247-22-237
65374|code|MOVS            R0, #0|0-32
65376|code|B               loc_FF30|230-231
65378|code|LDR.W           R3, [R10,#0xC94]|218-248-148-60
65382|code|CBZ             R3, loc_FF8C|139-177
65384|code|LDRD.W          R0, R1, [SP,#0xC8+var_98]|221-233-12-1
65388|code|LDRD.W          R2, R3, [SP,#0xC8+var_90]|221-233-14-35
65392|code|EORS            R2, R0|66-64
65394|code|EORS            R3, R1|75-64
65396|code|ORRS.W          R1, R2, R3|82-234-3-1
65400|code|BEQ             loc_FF8C|8-208
65402|code|LDR             R3, =stderr|38-75
65404|code|LDR             R1, =aSWarningS; "%s: WARNING: %s!\n"|43-73
65406|code|LDR             R0, [R3]; stream|24-104
65408|code|LDR             R3, =dword_1BA5C|38-75
65410|code|LDR             R2, [R3]|26-104
65412|code|LDR             R3, =aWalkingOntoDif; "Walking onto different filesystem"|42-75
65414|code|BLX             fprintf|249-247-0-237
65418|code|B               loc_FD92|2-231
65420|code|MOV             R0, R11|88-70
65422|code|MOV             R1, R7|57-70
65424|code|BL              sub_FCE4|255-247-168-254
65428|code|CMP             R0, #0|0-40
65430|code|BNE.W           loc_FD92|127-244-252-174
65434|code|LDR             R0, [SP,#0xC8+arg_4]|51-152
65436|code|MOV             R1, R7|57-70
65438|code|BL              sub_FCE4|255-247-161-254
65442|code|CMP             R0, #0|0-40
65444|code|BEQ             loc_10082|109-208
65446|code|MOV             R0, R7|56-70
65448|code|BLX             g_strdup|249-247-154-237
65452|code|LDR             R7, [SP,#0xC8+var_B0]|6-159
65454|code|MOVS            R2, #0xFA|250-34
65456|code|STR.W           R0, [R7,R9,LSL#2]|71-248-41-0
65460|code|ADD.W           R9, R9, #1|9-241-1-9
65464|code|LDR             R7, [SP,#0xC8+var_A8]|8-159
65466|code|UMULL.W         R7, R3, R7, R9|167-251-9-115
65470|code|LSRS            R3, R3, #4|27-9
65472|code|MLS.W           R3, R2, R3, R9|2-251-19-147
65476|code|CMP             R3, #0|0-43
65478|code|BNE.W           loc_FD92|127-244-228-174
65482|code|LDR             R7, [SP,#0xC8+var_9C]|11-159
65484|code|MOVS            R1, #0xC8|200-33
65486|code|LDR             R0, [SP,#0xC8+var_B0]|6-152
65488|code|ADDS            R7, #1|1-55
65490|code|STR             R7, [SP,#0xC8+var_9C]|11-151
65492|code|MUL.W           R1, R1, R7|1-251-7-241
65496|code|BLX             g_realloc|249-247-74-237
65500|code|STR             R0, [SP,#0xC8+var_B0]|6-144
65502|code|B               loc_FD92|216-230
65504|code|LDR             R3, =stderr|12-75
65506|code|LDR             R4, [SP,#0xC8+name]|4-156
65508|code|LDR             R1, =aSWarningSS_0; "%s: WARNING: %s: %s!\n"|15-73
65510|code|LDR             R0, [R3]; stream|24-104
65512|code|LDR             R3, =dword_1BA5C|12-75
65514|code|LDR             R2, [R3]|26-104
65516|code|LDR             R3, =aCannotEnterThe; "Cannot enter the directory"|17-75
65518|code|STR             R4, [SP,#0xC8+var_C8]|0-148
65520|code|BLX             fprintf|249-247-202-236
65524|code|MOV             R0, R5|40-70
65526|code|B               loc_FF30|155-231
65528|data|DCD dword_1BA78|120-186-1-0
65532|data|DCD aMaximumLineLen+0x1C; "."|12-23-1-0
65536|data|DCD asc_129E0+0x24; ".."|4-42-1-0
65540|data|DCD asc_12034; "/"|52-32-1-0
65544|data|DCD aSSS_2+4; "/%s"|164-44-1-0
65548|data|DCD dword_1B8C0|192-184-1-0
65552|data|DCD aSS_5; "%s/%s"|120-20-1-0
65556|data|DCD stderr|64-186-1-0
65560|data|DCD aSWarningSS; "%s: WARNING: %s %s!\n"|204-18-1-0
65564|data|DCD dword_1BA5C|92-186-1-0
65568|data|DCD aCouldNotStatPa; "Could not stat path:"|56-52-1-0
65572|data|DCD aSWarningSS_0; "%s: WARNING: %s: %s!\n"|184-51-1-0
65576|data|DCD aCannotDetermin; "Cannot determine holding device of the "...|236-51-1-0
65580|data|DCD aSWarningS; "%s: WARNING: %s!\n"|220-9-1-0
65584|data|DCD aWalkingOntoDif; "Walking onto different filesystem"|96-52-1-0
65588|data|DCD aCannotEnterThe; "Cannot enter the directory"|208-51-1-0
65592|code|LDR             R3, =stderr|27-75
65594|code|LDR             R1, =aSWarningS; "%s: WARNING: %s!\n"|28-73
65596|code|LDR             R0, [R3]; stream|24-104
65598|code|LDR             R3, =dword_1BA5C|28-75
65600|code|LDR             R2, [R3]|26-104
65602|code|LDR             R3, =aDirectoryPathT; "Directory path too long"|28-75
65604|code|BLX             fprintf|249-247-160-236
65608|code|LDR             R0, [SP,#0xC8+var_B0]|6-152
65610|code|BLX             g_free|249-247-144-235
65614|code|LDR             R0, [SP,#0xC8+var_AC]|7-152
65616|code|BLX             g_free|249-247-140-235
65620|code|MOVS            R0, #0|0-32
65622|code|B               loc_FF30|107-231
65624|code|MOV             R6, R0|6-70
65626|code|LDR             R0, [SP,#0xC8+var_B0]|6-152
65628|code|BLX             g_free|249-247-134-235
65632|code|LDR             R0, [SP,#0xC8+var_AC]|7-152
65634|code|BLX             g_free|249-247-132-235
65638|code|MOV             R0, R6|48-70
65640|code|B               loc_FF30|98-231
65642|code|LDR             R3, =dword_1BA74|19-75
65644|code|LDR             R3, [R3]|27-104
65646|code|CMP             R3, #1|1-43
65648|code|BNE.W           loc_FE48|127-244-234-174
65652|code|LDR             R3, =stderr|12-75
65654|code|MOV             R2, R7|58-70
65656|code|LDR             R1, =aWalkerS; "[WALKER] %s\n"|16-73
65658|code|LDR             R0, [R3]; stream|24-104
65660|code|BLX             fprintf|249-247-132-236
65664|code|B               loc_FE48|226-230
65666|code|MOV             R0, R7|56-70
65668|code|BLX             g_strdup|249-247-44-237
65672|code|LDR             R7, [SP,#0xC8+var_B0]|6-159
65674|code|MOVS            R2, #0x32 ; '2'|50-34
65676|code|STR.W           R0, [R7,R9,LSL#2]|71-248-41-0
65680|code|ADD.W           R9, R9, #1|9-241-1-9
65684|code|LDR             R7, [SP,#0xC8+var_A0]|10-159
65686|code|UMULL.W         R7, R3, R7, R9|167-251-9-115
65690|code|LSRS            R3, R3, #4|27-9
65692|code|MLS.W           R3, R2, R3, R9|2-251-19-147
65696|code|CMP             R3, #0|0-43
65698|code|BNE.W           loc_FD92|127-244-118-174
65702|code|B               loc_FFCA|144-231
65704|data|DCD stderr|64-186-1-0
65708|data|DCD aSWarningS; "%s: WARNING: %s!\n"|220-9-1-0
65712|data|DCD dword_1BA5C|92-186-1-0
65716|data|DCD aDirectoryPathT; "Directory path too long"|32-52-1-0
65720|data|DCD dword_1BA74|116-186-1-0
65724|data|DCD aWalkerS; "[WALKER] %s\n"|80-52-1-0
65728|code|PUSH.W          {R4-R11,LR}|45-233-240-79
65732|code|SUB.W           SP, SP, #0x8000|173-245-0-77
65736|code|SUB             SP, SP, #0x1C|135-176
65738|code|MOVW            R2, #0x1FE4; n|65-246-228-114
65742|code|ADD.W           R1, SP, #0x8040+var_6040|13-245-0-81
65746|code|ADD.W           R3, SP, #0x8040+var_4040|13-245-128-67
65750|code|ADDS            R1, #0x18|24-49
65752|code|ADDS            R3, #0x18|24-51
65754|code|SUB.W           R9, R1, #0x14|161-241-20-9
65758|code|SUB.W           R10, R3, #0x30 ; '0'|163-241-48-10
65762|code|STR             R0, [SP,#0x8040+var_8024]|7-144
65764|code|MOVS            R1, #0; c|0-33
65766|code|ADD             R0, SP, #0x8040+s; s|8-168
65768|code|MOV.W           R8, #0|79-240-0-8
65772|code|BLX             memset|249-247-120-236
65776|code|MOVS            R1, #0; c|0-33
65778|code|MOVW            R2, #0x1FE4; n|65-246-228-114
65782|code|MOV             R0, R9; s|72-70
65784|code|BLX             memset|249-247-114-236
65788|code|MOVS            R1, #0; c|0-33
65790|code|MOVW            R2, #0x1FE4; n|65-246-228-114
65794|code|MOV             R0, R10; s|80-70
65796|code|BLX             memset|249-247-108-236
65800|code|LDR             R7, [SP,#0x8040+var_8024]|7-159
65802|code|ADD.W           R0, SP, #0x8040+var_2140|13-245-190-64
65806|code|MOV             R1, R8; c|65-70
65808|code|ADDS            R0, #0xCC; s|204-48
65810|code|MOVW            R2, #0x1FE4; n|65-246-228-114
65814|code|ADD.W           R7, R7, #0x800|7-245-0-103
65818|code|STR             R7, [SP,#0x8040+var_8028]|6-151
65820|code|BLX             memset|249-247-96-236
65824|code|LDR             R1, [SP,#0x8040+var_8024]|7-153
65826|code|LDR             R7, [SP,#0x8040+var_8028]|6-159
65828|code|MOV             R5, R8|69-70
65830|code|LDR             R6, =dword_1BA74|131-78
65832|code|ADD.W           R4, R1, #0x408|1-245-129-100
65836|code|ADDS            R7, #0xC|12-55
65838|code|MOV             R11, R1|139-70
65840|code|LDR.W           R1, [R4],#4|84-248-4-27
65844|code|CMP             R1, #0|0-41
65846|code|BEQ             loc_10190|43-208
65848|code|MOV             R0, R1|8-70
65850|code|STR             R1, [SP,#0x8040+pattern]|5-145
65852|code|BL              sub_FCC8|255-247-196-253
65856|code|LDR             R1, [SP,#0x8040+pattern]; pattern|5-153
65858|code|CMP             R0, #0|0-40
65860|code|BEQ             loc_1022C|114-208
65862|code|MOV             R0, R1; s|8-70
65864|code|BLX             strlen|249-247-12-236
65868|code|LDR             R1, [SP,#0x8040+pattern]|5-153
65870|code|MOVS            R2, #0|0-34
65872|code|ADDS            R1, R1, R0|9-24
65874|code|STRB.W          R2, [R1,#-1]|1-248-1-44
65878|code|LDR             R3, [R6]|51-104
65880|code|CMP             R3, #1|1-43
65882|code|BEQ.W           loc_1027E|0-240-144-128
65886|code|ADD             R1, SP, #0x8040+s|8-169
65888|code|MOVS            R2, #9; cflags|9-34
65890|code|ADD.W           R0, R1, R5,LSL#5|1-235-69-16
65894|code|LDR.W           R1, [R4,#-4]; pattern|84-248-4-28
65898|code|ADDS            R0, #4; preg|4-48
65900|code|ADDS            R5, #1|1-53
65902|code|BLX             regcomp|249-247-176-236
65906|code|LDR             R3, [SP,#0x8040+s]|8-155
65908|code|ADDS            R3, #1|1-51
65910|code|STR             R3, [SP,#0x8040+s]|8-147
65912|code|CMP             R0, #0|0-40
65914|code|BNE             loc_10250|105-209
65916|code|CMP             R4, R7|188-66
65918|code|BNE             loc_10130|215-209
65920|code|LDR             R3, =stderr|109-75
65922|code|LDR             R1, =aSWarningS; "%s: WARNING: %s!\n"|110-73
65924|code|LDR             R0, [R3]; stream|24-104
65926|code|LDR             R3, =dword_1BA5C|110-75
65928|code|LDR             R2, [R3]|26-104
65930|code|LDR             R3, =aMaximumAmountR; "Maximum amount regular expression seen."...|110-75
65932|code|BLX             fprintf|249-247-252-235
65936|code|LDR             R2, [SP,#0x8040+var_8024]|7-154
65938|code|MOVS            R7, #0|0-39
65940|code|LDR             R1, [SP,#0x8040+var_8028]|6-153
65942|code|ADD.W           R3, R2, #0xC00|2-245-64-99
65946|code|STR             R5, [SP,#0x8040+var_8028]|6-149
65948|code|ADDS            R3, #8|8-51
65950|code|ADDS            R4, R1, #4|12-29
65952|code|MOV             R11, R7|187-70
65954|code|MOV             R5, R3|29-70
65956|code|LDR.W           R1, [R4],#4|84-248-4-27
65960|code|CMP             R1, #0|0-41
65962|code|BEQ.W           loc_10364|0-240-219-128
65966|code|MOV             R0, R1|8-70
65968|code|STR             R1, [SP,#0x8040+pattern]|5-145
65970|code|BL              sub_FCC8|255-247-137-253
65974|code|LDR             R1, [SP,#0x8040+pattern]; pattern|5-153
65976|code|LDR             R3, [R6]|51-104
65978|code|CMP             R0, #0|0-40
65980|code|BEQ             loc_102AC|118-208
65982|code|CMP             R3, #1|1-43
65984|code|BEQ.W           loc_10302|0-240-159-128
65988|code|MOV             R0, R1; s|8-70
65990|code|STR             R1, [SP,#0x8040+pattern]|5-145
65992|code|BLX             strlen|249-247-204-235
65996|code|LDR             R1, [SP,#0x8040+pattern]|5-153
65998|code|MOVS            R3, #0|0-35
66000|code|MOVS            R2, #9; cflags|9-34
66002|code|ADDS            R1, R1, R0|9-24
66004|code|ADD.W           R0, R9, R11,LSL#5|9-235-75-16
66008|code|ADDS            R0, #4; preg|4-48
66010|code|ADD.W           R11, R11, #1|11-241-1-11
66014|code|STRB.W          R3, [R1,#-1]|1-248-1-60
66018|code|LDR.W           R1, [R4,#-4]; pattern|84-248-4-28
66022|code|BLX             regcomp|249-247-116-236
66026|code|LDR.W           R3, [R9]|217-248-0-48
66030|code|ADDS            R3, #1|1-51
66032|code|STR.W           R3, [R9]|201-248-0-48
66036|code|CMP             R0, #0|0-40
66038|code|BNE             loc_102D4|109-209
66040|code|CMP             R4, R5|172-66
66042|code|BNE             loc_101A4|211-209
66044|code|LDR             R3, =stderr|78-75
66046|code|LDR             R1, =aSWarningS; "%s: WARNING: %s!\n"|79-73
66048|code|LDR             R5, [SP,#0x8040+var_8028]|6-157
66050|code|LDR             R0, [R3]; stream|24-104
66052|code|LDR             R3, =dword_1BA5C|78-75
66054|code|LDR             R2, [R3]|26-104
66056|code|LDR             R3, =aMaximumAmountR; "Maximum amount regular expression seen."...|78-75
66058|code|BLX             fprintf|249-247-190-235
66062|code|LDR             R3, [R6]|51-104
66064|code|CMP             R3, #1|1-43
66066|code|BNE.W           loc_1036E|64-240-172-128
66070|code|LDR             R3, =stderr|72-75
66072|code|MOV             R2, R5|42-70
66074|code|STR.W           R11, [SP,#0x8040+var_8040]|205-248-0-176
66078|code|STR             R7, [SP,#0x8040+var_803C]|1-151
66080|code|LDR             R1, =aDebugDeDFeDDiD; "[DEBUG] DE %d FE %d DI %d FI %d\n\n"|73-73
66082|code|LDR             R0, [R3]; stream|24-104
66084|code|MOV             R3, R8|67-70
66086|code|BLX             fprintf|249-247-176-235
66090|code|B               loc_1036E|160-224
66092|code|LDR             R3, [R6]|51-104
66094|code|CMP             R3, #1|1-43
66096|code|BEQ             loc_10294|48-208
66098|code|ADD.W           R0, R10, R8,LSL#5|10-235-72-16
66102|code|MOVS            R2, #9; cflags|9-34
66104|code|ADDS            R0, #4; preg|4-48
66106|code|ADD.W           R8, R8, #1|8-241-1-8
66110|code|BLX             regcomp|249-247-72-236
66114|code|LDR.W           R3, [R10]|218-248-0-48
66118|code|ADDS            R3, #1|1-51
66120|code|STR.W           R3, [R10]|202-248-0-48
66124|code|CMP             R0, #0|0-40
66126|code|BEQ             loc_1017C|149-208
66128|code|MOV             R3, #0x1BA5C|75-246-92-35-192-242-1-3
66136|code|MOV             R1, #0x1BA40|75-246-64-33-192-242-1-1
66144|code|LDR             R2, [R3]|26-104
66146|code|LDR.W           R3, [R4,#-4]|84-248-4-60
66150|code|LDR             R0, [R1]; stream|8-104
66152|code|LDR             R1, =aSFatalSS; "%s: FATAL: %s: %s.\n"|56-73
66154|code|STR             R3, [SP,#0x8040+var_8040]|0-147
66156|code|LDR             R3, =aRegularExpress; "Regular expression did not compile"|56-75
66158|code|BLX             fprintf|249-247-140-235
66162|code|MOV.W           R0, #0xFFFFFFFF|79-240-255-48
66166|code|MOV             R1, R11|89-70
66168|code|BL              sub_D788|253-247-134-250
66172|code|B               loc_1017C|126-231
66174|code|MOV             R3, #0x1BA40|75-246-64-35-192-242-1-3
66182|code|LDR.W           R2, [R4,#-4]|84-248-4-44
66186|code|LDR             R0, [R3]; stream|24-104
66188|code|LDR             R1, =aDebugDirExclud; "[DEBUG] dir exclude: [%s]\n"|49-73
66190|code|BLX             fprintf|249-247-124-235
66194|code|B               loc_1015E|100-231
66196|code|MOV             R2, #0x1BA40|75-246-64-34-192-242-1-2
66204|code|LDR             R0, [R2]; stream|16-104
66206|code|MOV             R2, R1|10-70
66208|code|LDR             R1, =aDebugFileExclu; "[DEBUG] file exclude: [%s]\n"|45-73
66210|code|BLX             fprintf|249-247-114-235
66214|code|LDR.W           R1, [R4,#-4]|84-248-4-28
66218|code|B               loc_10232|194-231
66220|code|CMP             R3, #1|1-43
66222|code|BEQ             loc_1031A|52-208
66224|code|ADD.W           R3, SP, #0x8040+var_2140|13-245-190-67
66228|code|MOVS            R2, #9; cflags|9-34
66230|code|ADDS            R3, #0xCC|204-51
66232|code|ADD.W           R0, R3, R7,LSL#5|3-235-71-16
66236|code|ADDS            R7, #1|1-55
66238|code|ADDS            R0, #4; preg|4-48
66240|code|BLX             regcomp|249-247-6-236
66244|code|ADD.W           R1, SP, #0x8040+var_2140|13-245-190-65
66248|code|ADDS            R1, #0xCC|204-49
66250|code|LDR             R3, [R1]|11-104
66252|code|ADDS            R3, #1|1-51
66254|code|STR             R3, [R1]|11-96
66256|code|CMP             R0, #0|0-40
66258|code|BEQ             loc_101F8|145-208
66260|code|MOV             R3, #0x1BA5C|75-246-92-35-192-242-1-3
66268|code|MOV             R1, #0x1BA40|75-246-64-33-192-242-1-1
66276|code|LDR             R2, [R3]|26-104
66278|code|LDR.W           R3, [R4,#-4]|84-248-4-60
66282|code|LDR             R0, [R1]; stream|8-104
66284|code|LDR             R1, =aSFatalSS; "%s: FATAL: %s: %s.\n"|23-73
66286|code|STR             R3, [SP,#0x8040+var_8040]|0-147
66288|code|LDR             R3, =aRegularExpress; "Regular expression did not compile"|23-75
66290|code|BLX             fprintf|249-247-74-235
66294|code|MOV.W           R0, #0xFFFFFFFF|79-240-255-48
66298|code|LDR             R1, [SP,#0x8040+var_8024]|7-153
66300|code|BL              sub_D788|253-247-68-250
66304|code|B               loc_101F8|122-231
66306|code|MOV             R2, #0x1BA40|75-246-64-34-192-242-1-2
66314|code|LDR             R0, [R2]; stream|16-104
66316|code|MOV             R2, R1|10-70
66318|code|LDR             R1, =aDebugDirInclud; "[DEBUG] dir include pattern: [%s]\n"|19-73
66320|code|BLX             fprintf|249-247-58-235
66324|code|LDR.W           R1, [R4,#-4]|84-248-4-28
66328|code|B               loc_101C4|84-231
66330|code|MOV             R2, #0x1BA40|75-246-64-34-192-242-1-2
66338|code|LDR             R0, [R2]; stream|16-104
66340|code|MOV             R2, R1|10-70
66342|code|LDR             R1, =aDebugFileInclu; "[DEBUG] file include pattern: [%s]\n"|14-73
66344|code|BLX             fprintf|249-247-46-235
66348|code|LDR.W           R1, [R4,#-4]|84-248-4-28
66352|code|B               loc_102B0|190-231
66354|data|ALIGN 4|0-191
66356|data|DCD dword_1BA74|116-186-1-0
66360|data|DCD stderr|64-186-1-0
66364|data|DCD aSWarningS; "%s: WARNING: %s!\n"|220-9-1-0
66368|data|DCD dword_1BA5C|92-186-1-0
66372|data|DCD aMaximumAmountR; "Maximum amount regular expression seen."...|224-52-1-0
66376|data|DCD aDebugDeDFeDDiD; "[DEBUG] DE %d FE %d DI %d FI %d\n\n"|92-53-1-0
66380|data|DCD aSFatalSS; "%s: FATAL: %s: %s.\n"|64-9-1-0
66384|data|DCD aRegularExpress; "Regular expression did not compile"|188-52-1-0
66388|data|DCD aDebugDirExclud; "[DEBUG] dir exclude: [%s]\n"|132-52-1-0
66392|data|DCD aDebugFileExclu; "[DEBUG] file exclude: [%s]\n"|160-52-1-0
66396|data|DCD aDebugDirInclud; "[DEBUG] dir include pattern: [%s]\n"|20-53-1-0
66400|data|DCD aDebugFileInclu; "[DEBUG] file include pattern: [%s]\n"|56-53-1-0
66404|code|LDR             R3, [R6]|51-104
66406|code|LDR             R5, [SP,#0x8040+var_8028]|6-157
66408|code|CMP             R3, #1|1-43
66410|code|BEQ.W           loc_10216|63-244-84-175
66414|code|LDR             R2, [SP,#0x8040+var_8024]|7-154
66416|code|LDR             R1, =aFilelist; "/filelist"|118-73
66418|code|LDR.W           R0, [R2,#0xC30]|210-248-48-12
66422|code|MOVS            R2, #0|0-34
66424|code|BLX             g_strconcat|249-247-150-234
66428|code|LDR             R7, [SP,#0x8040+var_8024]|7-159
66430|code|LDR             R1, =(aOverviewOverfl+0x10); "w"|116-73
66432|code|MOV             R3, R0|3-70
66434|code|STR.W           R3, [R7,#0xC34]|199-248-52-60
66438|code|BLX             fopen64|249-247-178-235
66442|code|MOV             R5, R0|5-70
66444|code|CMP             R0, #0|0-40
66446|code|BEQ.W           loc_1052E|0-240-206-128
66450|code|LDR             R1, [SP,#0x8040+var_8024]|7-153
66452|code|MOVS            R7, #0|0-39
66454|code|LDR.W           R8, =stderr|223-248-216-129
66458|code|ADD.W           R4, R1, #0xC|1-241-12-4
66462|code|STR             R7, [SP,#0x8040+var_8028]|6-151
66464|code|LDR.W           R1, [R4],#4|84-248-4-27
66468|code|CMP             R1, #0|0-41
66470|code|BEQ             loc_10414|53-208
66472|code|LDR             R3, [R6]|51-104
66474|code|CMP             R3, #1|1-43
66476|code|BEQ.W           loc_1051A|0-240-181-128
66480|code|ADD.W           R2, SP, #0x8040+var_140|13-245-254-66
66484|code|MOVS            R0, #3|3-32
66486|code|ADDS            R2, #0xB0|176-50
66488|code|BLX             __lxstat64|249-247-206-235
66492|code|MOV             R1, R5; stream|41-70
66494|code|MOV             R11, R0|131-70
66496|code|CMP             R0, #0|0-40
66498|code|BNE             loc_104B2|118-209
66500|code|ADD.W           R2, SP, #0x8040+var_140|13-245-254-66
66504|code|LDR.W           R0, [R4,#-4]; s|84-248-4-12
66508|code|ADDS            R2, #0xC0|192-50
66510|code|LDR             R3, [R2]|19-104
66512|code|AND.W           R3, R3, #0xF000|3-244-112-67
66516|code|CMP.W           R3, #0x4000|179-245-128-79
66520|code|BEQ             loc_104D0|122-208
66522|code|BLX             fputs|249-247-166-235
66526|code|MOV             R0, R11; c|88-70
66528|code|MOV             R1, R5; fp|41-70
66530|code|BLX             _IO_putc|249-247-84-234
66534|code|MOV             R2, #0x1B8C0|75-246-192-2-192-242-1-2
66542|code|LDR             R3, [R2]|19-104
66544|code|CMP             R3, #0|0-43
66546|code|BGT             loc_103A0|213-220
66548|code|MOV             R3, #0x1BA5C|75-246-92-35-192-242-1-3
66556|code|LDR             R1, =aSAddingSDirect; "%s: Adding %s directly.\n"|85-73
66558|code|LDR             R2, [R3]|26-104
66560|code|LDR.W           R0, [R8]; stream|216-248-0-0
66564|code|LDR.W           R3, [R4,#-4]|84-248-4-60
66568|code|BLX             fprintf|249-247-190-234
66572|code|LDR.W           R1, [R4],#4|84-248-4-27
66576|code|CMP             R1, #0|0-41
66578|code|BNE             loc_103A8|201-209
66580|code|LDR             R3, [SP,#0x8040+s]|8-155
66582|code|CMP             R3, #0|0-43
66584|code|BLE             loc_10430|10-221
66586|code|MOV             R4, R1|12-70
66588|code|ADD             R7, SP, #0x8040+s|8-175
66590|code|ADD.W           R0, R7, R4,LSL#5|7-235-68-16
66594|code|ADDS            R4, #1|1-52
66596|code|ADDS            R0, #4; preg|4-48
66598|code|BLX             regfree|249-247-70-234
66602|code|LDR             R3, [SP,#0x8040+s]|8-155
66604|code|CMP             R3, R4|163-66
66606|code|BGT             loc_1041C|245-220
66608|code|ADD.W           R1, SP, #0x8040+var_6040|13-245-0-81
66612|code|ADDS            R1, #4|4-49
66614|code|LDR             R3, [R1]|11-104
66616|code|CMP             R3, #0|0-43
66618|code|BLE             loc_10452|10-221
66620|code|MOVS            R4, #0|0-36
66622|code|ADD.W           R0, R9, R4,LSL#5|9-235-68-16
66626|code|ADDS            R4, #1|1-52
66628|code|ADDS            R0, #4; preg|4-48
66630|code|BLX             regfree|249-247-54-234
66634|code|LDR.W           R3, [R9]|217-248-0-48
66638|code|CMP             R3, R4|163-66
66640|code|BGT             loc_1043E|245-220
66642|code|ADD.W           R2, SP, #0x8040+var_40C0|13-245-126-82
66646|code|ADDS            R2, #0x68 ; 'h'|104-50
66648|code|LDR             R3, [R2]|19-104
66650|code|CMP             R3, #0|0-43
66652|code|BLE             loc_10474|10-221
66654|code|MOVS            R4, #0|0-36
66656|code|ADD.W           R0, R10, R4,LSL#5|10-235-68-16
66660|code|ADDS            R4, #1|1-52
66662|code|ADDS            R0, #4; preg|4-48
66664|code|BLX             regfree|249-247-36-234
66668|code|LDR.W           R3, [R10]|218-248-0-48
66672|code|CMP             R3, R4|163-66
66674|code|BGT             loc_10460|245-220
66676|code|ADD.W           R7, SP, #0x8040+var_2140|13-245-190-71
66680|code|ADDS            R7, #0xCC|204-55
66682|code|LDR             R3, [R7]|59-104
66684|code|CMP             R3, #0|0-43
66686|code|BLE             loc_104A0|15-221
66688|code|MOVS            R4, #0|0-36
66690|code|ADD.W           R1, SP, #0x8040+var_2140|13-245-190-65
66694|code|ADDS            R1, #0xCC|204-49
66696|code|ADD.W           R0, R1, R4,LSL#5|1-235-68-16
66700|code|ADDS            R4, #1|1-52
66702|code|ADDS            R0, #4; preg|4-48
66704|code|BLX             regfree|249-247-16-234
66708|code|ADD.W           R2, SP, #0x8040+var_2140|13-245-190-66
66712|code|ADDS            R2, #0xCC|204-50
66714|code|LDR             R3, [R2]|19-104
66716|code|CMP             R3, R4|163-66
66718|code|BGT             loc_10482|240-220
66720|code|MOV             R0, R5; stream|40-70
66722|code|BLX             fclose|249-247-188-234
66726|code|LDR             R0, [SP,#0x8040+var_8028]|6-152
66728|code|ADD             SP, SP, #0x1C|7-176
66730|code|ADD.W           SP, SP, #0x8000|13-245-0-77
66734|code|POP.W           {R4-R11,PC}|189-232-240-143
66738|code|LDR.W           R3, [R4,#-4]|84-248-4-60
66742|code|MOV             R1, #0x1BA5C|75-246-92-33-192-242-1-1
66750|code|LDR.W           R0, [R8]; stream|216-248-0-0
66754|code|LDR             R2, [R1]|10-104
66756|code|STR             R3, [SP,#0x8040+var_8040]|0-147
66758|code|LDR             R1, =aSWarningSS_0; "%s: WARNING: %s: %s!\n"|36-73
66760|code|LDR             R3, =aCannotStat; "Cannot stat"|36-75
66762|code|BLX             fprintf|249-247-94-234
66766|code|B               loc_103A0|103-231
66768|code|MOV             R1, R5|41-70
66770|code|ADD             R3, SP, #0x8040+s|8-171
66772|code|LDR             R2, [SP,#0x8040+var_8024]|7-154
66774|code|ADD.W           R7, SP, #0x8040+var_2140|13-245-190-71
66778|code|ADDS            R7, #0xCC|204-55
66780|code|STR.W           R10, [SP,#0x8040+var_8040]|205-248-0-160
66784|code|STR             R7, [SP,#0x8040+var_8038]|2-151
66786|code|STR.W           R9, [SP,#0x8040+var_803C]|205-248-4-144
66790|code|BL              sub_FD28|255-247-31-252
66794|code|MOV             R1, #0x1B8C0|75-246-192-1-192-242-1-1
66802|code|LDR             R7, [SP,#0x8040+var_8028]|6-159
66804|code|LDR             R3, [R1]|11-104
66806|code|CMP             R3, #0|0-43
66808|code|ADD             R7, R0|7-68
66810|code|STR             R7, [SP,#0x8040+var_8028]|6-151
66812|code|BGT.W           loc_103A0|63-247-80-175
66816|code|MOV             R1, #0x1BA5C|75-246-92-33-192-242-1-1
66824|code|LDR.W           R0, [R8]; stream|216-248-0-0
66828|code|LDR             R2, [R1]|10-104
66830|code|LDR             R3, =aFilesFound; "Files found:"|20-75
66832|code|LDR             R1, =aSSD; "%s: %s %d.\n"|20-73
66834|code|STR             R7, [SP,#0x8040+var_8040]|0-151
66836|code|BLX             fprintf|249-247-56-234
66840|code|B               loc_103A0|66-231
66842|code|MOV             R3, R1|11-70
66844|code|LDR.W           R0, [R8]; stream|216-248-0-0
66848|code|LDR             R1, =aDebugSS; "[DEBUG] %s: %s\n"|17-73
66850|code|LDR             R2, =aWalking; "Walking"|18-74
66852|code|BLX             fprintf|249-247-48-234
66856|code|LDR.W           R1, [R4,#-4]|84-248-4-28
66860|code|B               loc_103B0|64-231
66862|code|LDR             R2, =stderr|16-74
66864|code|LDR.W           R3, [R7,#0xC34]|215-248-52-60
66868|code|LDR             R1, =aSFatalCouldNot; "%s: FATAL: Could not open %s for writin"...|15-73
66870|code|LDR             R0, [R2]; stream|16-104
66872|code|LDR             R2, =dword_1BA5C|15-74
66874|code|LDR             R2, [R2]|18-104
66876|code|BLX             fprintf|249-247-36-234
66880|code|MOV.W           R0, #0xFFFFFFFF|79-240-255-48
66884|code|LDR             R1, [SP,#0x8040+var_8024]|7-153
66886|code|BL              sub_D788|253-247-31-249
66890|code|B               loc_10392|34-231
66892|data|DCD aFilelist; "/filelist"|128-53-1-0
66896|data|DCD aOverviewOverfl+0x10; "w"|144-32-1-0
66900|data|DCD aSAddingSDirect; "%s: Adding %s directly.\n"|248-53-1-0
66904|data|DCD aSWarningSS_0; "%s: WARNING: %s: %s!\n"|184-51-1-0
66908|data|DCD aCannotStat; "Cannot stat"|208-53-1-0
66912|data|DCD aFilesFound; "Files found:"|232-53-1-0
66916|data|DCD aSSD; "%s: %s %d.\n"|220-53-1-0
66920|data|DCD aDebugSS; "[DEBUG] %s: %s\n"|184-53-1-0
66924|data|DCD aWalking; "Walking"|200-53-1-0
66928|data|DCD stderr|64-186-1-0
66932|data|DCD aSFatalCouldNot; "%s: FATAL: Could not open %s for writin"...|140-53-1-0
66936|data|DCD dword_1BA5C|92-186-1-0
66940|code|EOR.W           R0, R0, #0x80000000|128-240-0-64
66944|code|B               loc_10588|2-224
66946|data|ALIGN 4|0-191
66948|code|EOR.W           R1, R1, #0x80000000|129-240-0-65
66952|code|LSLS            R2, R0, #1|66-0
66954|code|ITTTT NE|31-191
66956|code|MOVSNE.W        R3, R1,LSL#1|95-234-65-3
66960|code|TEQNE.W         R2, R3|146-234-3-15
66964|code|MVNSNE.W        R12, R2,ASR#24|127-234-34-108
66968|code|MVNSNE.W        R12, R3,ASR#24|127-234-35-108
66972|code|BEQ             loc_10674|106-208
66974|code|MOV.W           R2, R2,LSR#24|79-234-18-98
66978|code|RSBS.W          R3, R2, R3,LSR#24|210-235-19-99
66982|code|ITTTT GT|193-191
66984|code|ADDGT           R2, R2, R3|210-24
66986|code|EORGT           R1, R0|65-64
66988|code|EORGT           R0, R1|72-64
66990|code|EORGT           R1, R0|65-64
66992|code|IT LT|184-191
66994|code|NEGLT           R3, R3|91-66
66996|code|CMP             R3, #0x19|25-43
66998|code|IT HI|136-191
67000|code|BXHI            LR|112-71
67002|code|TST.W           R0, #0x80000000|16-240-0-79
67006|code|ORR.W           R0, R0, #0x800000|64-244-0-0
67010|code|BIC.W           R0, R0, #0xFF000000|32-240-127-64
67014|code|IT NE|24-191
67016|code|NEGNE           R0, R0|64-66
67018|code|TST.W           R1, #0x80000000|17-240-0-79
67022|code|ORR.W           R1, R1, #0x800000|65-244-0-1
67026|code|BIC.W           R1, R1, #0xFF000000|33-240-127-65
67030|code|IT NE|24-191
67032|code|NEGNE           R1, R1|73-66
67034|code|TEQ.W           R2, R3|146-234-3-15
67038|code|BEQ             loc_10660|63-208
67040|code|SUB.W           R2, R2, #1|162-241-1-2
67044|code|ASR.W           R12, R1, R3|65-250-3-252
67048|code|ADDS.W          R0, R0, R12|16-235-12-0
67052|code|RSB.W           R3, R3, #0x20 ; ' '|195-241-32-3
67056|code|LSL.W           R1, R1, R3|1-250-3-241
67060|code|AND.W           R3, R0, #0x80000000|0-240-0-67
67064|code|BPL             loc_10600|2-213
67066|code|NEGS            R1, R1|73-66
67068|code|SBC.W           R0, R0, R0,LSL#1|96-235-64-0
67072|code|CMP.W           R0, #0x800000|176-245-0-15
67076|code|BCC             loc_1062E|19-211
67078|code|CMP.W           R0, #0x1000000|176-241-128-127
67082|code|BCC             loc_1061A|6-211
67084|code|LSRS            R0, R0, #1|64-8
67086|code|MOV.W           R1, R1,RRX|79-234-49-1
67090|code|ADD.W           R2, R2, #1|2-241-1-2
67094|code|CMP             R2, #0xFE|254-42
67096|code|BCS             loc_106BE|81-210
67098|code|CMP.W           R1, #0x80000000|177-241-0-79
67102|code|ADC.W           R0, R0, R2,LSL#23|64-235-194-80
67106|code|IT EQ|8-191
67108|code|BICEQ.W         R0, R0, #1|32-240-1-0
67112|code|ORR.W           R0, R0, R3|64-234-3-0
67116|code|BX              LR|112-71
67118|code|LSLS            R1, R1, #1|73-0
67120|code|ADC.W           R0, R0, R0|64-235-0-0
67124|code|TST.W           R0, #0x800000|16-244-0-15
67128|code|SUB.W           R2, R2, #1|162-241-1-2
67132|code|BNE             loc_1061A|237-209
67134|code|CLZ.W           R12, R0|176-250-128-252
67138|code|SUB.W           R12, R12, #8|172-241-8-12
67142|code|SUBS.W          R2, R2, R12|178-235-12-2
67146|code|LSL.W           R0, R0, R12|0-250-12-240
67150|code|ITET GE|170-191
67152|code|ADDGE.W         R0, R0, R2,LSL#23|0-235-194-80
67156|code|NEGLT           R2, R2|82-66
67158|code|ORRGE           R0, R3|24-67
67160|code|ITT LT|188-191
67162|code|LSRLT           R0, R2|208-64
67164|code|ORRLT           R0, R3|24-67
67166|code|BX              LR|112-71
67168|code|TEQ.W           R2, #0|146-240-0-15
67172|code|EOR.W           R1, R1, #0x800000|129-244-0-1
67176|code|ITTE EQ|6-191
67178|code|EOREQ.W         R0, R0, #0x800000|128-244-0-0
67182|code|ADDEQ           R2, #1|1-50
67184|code|SUBNE           R3, #1|1-59
67186|code|B               loc_105E0|181-231
67188|code|MOV.W           R3, R1,LSL#1|79-234-65-3
67192|code|MVNS.W          R12, R2,ASR#24|127-234-34-108
67196|code|IT NE|24-191
67198|code|MVNSNE.W        R12, R3,ASR#24|127-234-35-108
67202|code|BEQ             loc_106C8|33-208
67204|code|TEQ.W           R2, R3|146-234-3-15
67208|code|BEQ             loc_10694|4-208
67210|code|TEQ.W           R2, #0|146-240-0-15
67214|code|IT EQ|8-191
67216|code|MOVEQ           R0, R1|8-70
67218|code|BX              LR|112-71
67220|code|TEQ.W           R0, R1|144-234-1-15
67224|code|ITT NE|28-191
67226|code|MOVNE           R0, #0|0-32
67228|code|BXNE            LR|112-71
67230|code|TST.W           R2, #0xFF000000|18-240-127-79
67234|code|BNE             loc_106AE|4-209
67236|code|LSLS            R0, R0, #1|64-0
67238|code|IT CS|40-191
67240|code|ORRCS.W         R0, R0, #0x80000000|64-240-0-64
67244|code|BX              LR|112-71
67246|code|ADDS.W          R2, R2, #0x2000000|18-241-0-114
67250|code|ITT CC|60-191
67252|code|ADDCC.W         R0, R0, #0x800000|0-245-0-0
67256|code|BXCC            LR|112-71
67258|code|AND.W           R3, R0, #0x80000000|0-240-0-67
67262|code|ORR.W           R0, R3, #0x7F000000|67-240-254-64
67266|code|ORR.W           R0, R0, #0x800000|64-244-0-0
67270|code|BX              LR|112-71
67272|code|MVNS.W          R2, R2,ASR#24|127-234-34-98
67276|code|ITET NE|22-191
67278|code|MOVNE           R0, R1|8-70
67280|code|MVNSEQ.W        R3, R3,ASR#24|127-234-35-99
67284|code|MOVNE           R1, R0|1-70
67286|code|LSLS            R2, R0, #9|66-2
67288|code|ITTE EQ|6-191
67290|code|MOVSEQ.W        R3, R1,LSL#9|95-234-65-35
67294|code|TEQEQ.W         R0, R1|144-234-1-15
67298|code|ORRNE.W         R0, R0, #0x400000|64-244-128-0
67302|code|BX              LR|112-71
67304|code|MOV.W           R3, #0|79-240-0-3
67308|code|B               loc_106F8|4-224
67310|data|ALIGN 0x10|0-191
67312|code|ANDS.W          R3, R0, #0x80000000|16-240-0-67
67316|code|IT MI|72-191
67318|code|NEGMI           R0, R0|64-66
67320|code|MOVS.W          R12, R0|95-234-0-12
67324|code|IT EQ|8-191
67326|code|BXEQ            LR|112-71
67328|code|ORR.W           R3, R3, #0x4B000000|67-240-150-67
67332|code|MOV             R1, R0|1-70
67334|code|MOV.W           R0, #0|79-240-0-0
67338|code|B               loc_10746|28-224
67340|code|ORRS.W          R2, R0, R1|80-234-1-2
67344|code|IT EQ|8-191
67346|code|BXEQ            LR|112-71
67348|code|MOV.W           R3, #0|79-240-0-3
67352|code|B               loc_10730|10-224
67354|data|ALIGN 4|0-191
67356|code|ORRS.W          R2, R0, R1|80-234-1-2
67360|code|IT EQ|8-191
67362|code|BXEQ            LR|112-71
67364|code|ANDS.W          R3, R1, #0x80000000|17-240-0-67
67368|code|BPL             loc_10730|2-213
67370|code|NEGS            R0, R0|64-66
67372|code|SBC.W           R1, R1, R1,LSL#1|97-235-65-1
67376|code|MOVS.W          R12, R1|95-234-1-12
67380|code|ITTT EQ|2-191
67382|code|MOVEQ           R12, R0|132-70
67384|code|MOVEQ           R1, R0|1-70
67386|code|MOVEQ           R0, #0|0-32
67388|code|ORR.W           R3, R3, #0x5B000000|67-240-182-67
67392|code|IT EQ|8-191
67394|code|SUBEQ.W         R3, R3, #0x10000000|163-241-128-83
67398|code|SUB.W           R3, R3, #0x800000|163-245-0-3
67402|code|CLZ.W           R2, R12|188-250-140-242
67406|code|SUBS            R2, #8|8-58
67408|code|SUB.W           R3, R3, R2,LSL#23|163-235-194-83
67412|code|BLT             loc_10778|16-219
67414|code|LSL.W           R12, R1, R2|1-250-2-252
67418|code|ADD             R3, R12|99-68
67420|code|LSL.W           R12, R0, R2|0-250-2-252
67424|code|RSB.W           R2, R2, #0x20 ; ' '|194-241-32-2
67428|code|CMP.W           R12, #0x80000000|188-241-0-79
67432|code|LSR.W           R2, R0, R2|32-250-2-242
67436|code|ADC.W           R0, R3, R2|67-235-2-0
67440|code|IT EQ|8-191
67442|code|BICEQ.W         R0, R0, #1|32-240-1-0
67446|code|BX              LR|112-71
67448|code|ADD.W           R2, R2, #0x20 ; ' '|2-241-32-2
67452|code|LSL.W           R12, R1, R2|1-250-2-252
67456|code|RSB.W           R2, R2, #0x20 ; ' '|194-241-32-2
67460|code|ORRS.W          R0, R0, R12,LSL#1|80-234-76-0
67464|code|LSR.W           R2, R1, R2|33-250-2-242
67468|code|ADC.W           R0, R3, R2|67-235-2-0
67472|code|IT EQ|8-191
67474|code|BICEQ.W         R0, R0, R12,LSR#31|32-234-220-112
67478|code|BX              LR|112-71
67480|code|PUSH.W          {R3-R9,LR}|45-233-248-67
67484|code|MOV             R6, R0|6-70
67486|code|LDR.W           R9, =(off_1B624 - 0x107AC)|223-248-52-144
67490|code|MOV             R7, R1|15-70
67492|code|LDR             R5, =(off_1B620 - 0x107B2)|12-77
67494|code|MOV             R8, R2|144-70
67496|code|ADD             R9, PC; off_1B624|249-68
67498|code|BL              .init_proc|248-247-183-255
67502|code|ADD             R5, PC; off_1B620|125-68
67504|code|RSB.W           R9, R5, R9|197-235-9-9
67508|code|MOVS.W          R9, R9,ASR#2|95-234-169-9
67512|code|BEQ             locret_107CE|9-208
67514|code|MOVS            R4, #0|0-36
67516|code|LDR.W           R3, [R5],#4|85-248-4-59
67520|code|MOV             R0, R6|48-70
67522|code|MOV             R1, R7|57-70
67524|code|MOV             R2, R8|66-70
67526|code|ADDS            R4, #1|1-52
67528|code|BLX             R3; sub_B4B8|152-71
67530|code|CMP             R4, R9|76-69
67532|code|BNE             loc_107BC|246-209
67534|code|POP.W           {R3-R9,PC}|189-232-248-131
67538|data|ALIGN 4|0-191
67540|data|DCD off_1B624 - 0x107AC|120-174-0-0
67544|data|DCD off_1B620 - 0x107B2|110-174-0-0
67548|code|BX              LR|112-71
67550|data|ALIGN 0x10|0-191
67552|code|PUSH            {R3,LR}; _fini|8-181
67554|code|NOP|0-191
67556|code|POP             {R3,PC}|8-189
67558|data|DCW 0|0-0
79388|data|ALIGN 0x10|0-0-0-0
112160|data|DCD sub_B4B8+1|185-180-0-0
112164|data|DCD sub_B4A8+1|169-180-0-0
112168|data|DCD 0|0-0-0-0
112172|data|Elf32_Dyn <1, <1>>; DT_NEEDED libglib-2.0.so.0|1-0-0-0-1-0-0-0
112180|data|Elf32_Dyn <1, <0xDD>>; DT_NEEDED libc.so.6|1-0-0-0-221-0-0-0
112188|data|Elf32_Dyn <0xC, <0x971D>>; DT_INIT|12-0-0-0-29-151-0-0
112196|data|Elf32_Dyn <0xD, <0x107E1>>; DT_FINI|13-0-0-0-225-7-1-0
112204|data|Elf32_Dyn <0x19, <0x1B620>>; DT_INIT_ARRAY|25-0-0-0-32-182-1-0
112212|data|Elf32_Dyn <0x1B, <4>>; DT_INIT_ARRAYSZ|27-0-0-0-4-0-0-0
112220|data|Elf32_Dyn <0x1A, <0x1B624>>; DT_FINI_ARRAY|26-0-0-0-36-182-1-0
112228|data|Elf32_Dyn <0x1C, <4>>; DT_FINI_ARRAYSZ|28-0-0-0-4-0-0-0
112236|data|Elf32_Dyn <4, <0x81A0>>; DT_HASH|4-0-0-0-160-129-0-0
112244|data|Elf32_Dyn <0x6FFFFEF5, <0x84DC>>; DT_GNU_HASH|245-254-255-111-220-132-0-0
112252|data|Elf32_Dyn <5, <0x8F54>>; DT_STRTAB|5-0-0-0-84-143-0-0
112260|data|Elf32_Dyn <6, <0x8894>>; DT_SYMTAB|6-0-0-0-148-136-0-0
112268|data|Elf32_Dyn <0xA, <0x3AE>>; DT_STRSZ|10-0-0-0-174-3-0-0
112276|data|Elf32_Dyn <0xB, <0x10>>; DT_SYMENT|11-0-0-0-16-0-0-0
112284|data|Elf32_Dyn <0x15, <0>>; DT_DEBUG|21-0-0-0-0-0-0-0
112292|data|Elf32_Dyn <3, <0x1B724>>; DT_PLTGOT|3-0-0-0-36-183-1-0
112300|data|Elf32_Dyn <2, <0x2E0>>; DT_PLTRELSZ|2-0-0-0-224-2-0-0
112308|data|Elf32_Dyn <0x14, <0x11>>; DT_PLTREL|20-0-0-0-17-0-0-0
112316|data|Elf32_Dyn <0x17, <0x943C>>; DT_JMPREL|23-0-0-0-60-148-0-0
112324|data|Elf32_Dyn <0x11, <0x940C>>; DT_REL|17-0-0-0-12-148-0-0
112332|data|Elf32_Dyn <0x12, <0x30>>; DT_RELSZ|18-0-0-0-48-0-0-0
112340|data|Elf32_Dyn <0x13, <8>>; DT_RELENT|19-0-0-0-8-0-0-0
112348|data|Elf32_Dyn <0x6FFFFFFE, <0x93DC>>; DT_VERNEED|254-255-255-111-220-147-0-0
112356|data|Elf32_Dyn <0x6FFFFFFF, <1>>; DT_VERNEEDNUM|255-255-255-111-1-0-0-0
112364|data|Elf32_Dyn <0x6FFFFFF0, <0x9302>>; DT_VERSYM|240-255-255-111-2-147-0-0
112372|data|Elf32_Dyn <0>; DT_NULL|0-0-0-0-0-0-0-0
112380|data|ALIGN 0x10|0-0-0-0
112420|data|DCD stru_1B62C|44-182-1-0
112424|data|DCD 0|0-0-0-0
112428|data|DCD 0|0-0-0-0
112432|data|DCD __imp_strstr|92-187-1-0
112436|data|DCD __imp_getpwnam|84-187-1-0
112440|data|DCD __imp_g_malloc|136-187-1-0
112444|data|DCD __imp_strtol|40-188-1-0
112448|data|DCD __imp_g_free|20-188-1-0
112452|data|DCD __imp_mktime|4-188-1-0
112456|data|DCD __imp_fflush|100-187-1-0
112460|data|DCD __imp_getuid|164-187-1-0
112464|data|DCD __imp_free|144-188-1-0
112468|data|DCD __imp_g_str_equal|140-187-1-0
112472|data|DCD __imp_memcpy|148-188-1-0
112476|data|DCD __imp_time|232-187-1-0
112480|data|DCD __imp_rmdir|152-188-1-0
112484|data|DCD __imp__IO_getc|236-187-1-0
112488|data|DCD __imp_g_ascii_strncasecmp|76-188-1-0
112492|data|DCD __imp_ctime|128-188-1-0
112496|data|DCD __imp_g_ascii_strcasecmp|112-187-1-0
112500|data|DCD __imp_unlink|132-187-1-0
112504|data|DCD __imp_rindex|116-187-1-0
112508|data|DCD __imp_regexec|120-187-1-0
112512|data|DCD __imp_wait|120-188-1-0
112516|data|DCD __imp_chdir|80-188-1-0
112520|data|DCD __imp_strcasecmp|104-188-1-0
112524|data|DCD __imp_geteuid|68-188-1-0
112528|data|DCD __imp_perror|216-187-1-0
112532|data|DCD __imp_index|168-187-1-0
112536|data|DCD __imp_getegid|24-188-1-0
112540|data|DCD __imp_sigaction|16-188-1-0
112544|data|DCD __imp__IO_putc|224-187-1-0
112548|data|DCD __imp_fwrite|12-188-1-0
112552|data|DCD __imp_g_strconcat|188-187-1-0
112556|data|DCD __imp_regfree|204-187-1-0
112560|data|DCD __imp_fread|132-188-1-0
112564|data|DCD __imp_opendir|124-188-1-0
112568|data|DCD __imp_open64|212-187-1-0
112572|data|DCD __imp___libc_start_main|152-187-1-0
112576|data|DCD __imp_system|52-188-1-0
112580|data|DCD __imp_g_strdup_printf|88-187-1-0
112584|data|DCD __imp_localtime|56-188-1-0
112588|data|DCD __imp_closelog|160-188-1-0
112592|data|DCD __imp___ctype_tolower_loc|28-188-1-0
112596|data|DCD __imp___gmon_start__|192-188-1-0
112600|data|DCD __imp_getopt_long|136-188-1-0
112604|data|DCD __imp_exit|196-187-1-0
112608|data|DCD __imp_feof|240-187-1-0
112612|data|DCD __imp_strlen|228-187-1-0
112616|data|DCD __imp_strchr|248-187-1-0
112620|data|DCD __imp_fchown|180-187-1-0
112624|data|DCD __imp_fprintf|184-187-1-0
112628|data|DCD __imp_sigfillset|64-188-1-0
112632|data|DCD __imp___errno_location|220-187-1-0
112636|data|DCD __imp___isoc99_sscanf|144-187-1-0
112640|data|DCD __imp___strdup|164-188-1-0
112644|data|DCD __imp_mkdir|184-188-1-0
112648|data|DCD __imp_getgid|188-188-1-0
112652|data|DCD __imp_memset|116-188-1-0
112656|data|DCD __imp_strncpy|192-187-1-0
112660|data|DCD __imp___xpg_basename|156-188-1-0
112664|data|DCD __imp_statvfs64|92-188-1-0
112668|data|DCD __imp_access|172-188-1-0
112672|data|DCD __imp_fclose|108-188-1-0
112676|data|DCD __imp_strtok|36-188-1-0
112680|data|DCD __imp_glob64|156-187-1-0
112684|data|DCD __imp_popen|176-187-1-0
112688|data|DCD __imp_fork|88-188-1-0
112692|data|DCD __imp_g_strchug|72-188-1-0
112696|data|DCD __imp_execl|32-188-1-0
112700|data|DCD __imp_g_realloc|96-188-1-0
112704|data|DCD __imp_strrchr|8-188-1-0
112708|data|DCD __imp_g_strchomp|124-187-1-0
112712|data|DCD __imp_fputc|168-188-1-0
112716|data|DCD __imp_globfree64|112-188-1-0
112720|data|DCD __imp_syslog|104-187-1-0
112724|data|DCD __imp_readdir64|48-188-1-0
112728|data|DCD __imp_openlog|44-188-1-0
112732|data|DCD __imp_regcomp|180-188-1-0
112736|data|DCD __imp_g_strdup|172-187-1-0
112740|data|DCD __imp_fopen64|96-187-1-0
112744|data|DCD __imp_g_snprintf|208-187-1-0
112748|data|DCD __imp_g_file_test|140-188-1-0
112752|data|DCD __imp_chmod|60-188-1-0
112756|data|DCD __imp___xstat64|148-187-1-0
112760|data|DCD __imp_fputs|108-187-1-0
112764|data|DCD __imp_strncmp|128-187-1-0
112768|data|DCD __imp_abort|244-187-1-0
112772|data|DCD __imp_close|252-187-1-0
112776|data|DCD __imp___lxstat64|200-187-1-0
112780|data|DCD __imp_g_strlcpy|0-188-1-0
112784|data|DCD __imp_closedir|160-187-1-0
112788|data|DCD __imp_getgrnam|100-188-1-0
112792|data|DCD __imp_strspn|84-188-1-0
112796|data|DCD __imp_pclose|176-188-1-0
112800|data|DCD __imp___gmon_start__|192-188-1-0
112804|data|ALIGN 8|0-0-0-0
112812|data|DCD aDaily; "daily"|92-21-1-0
112816|data|DCD aWeekly; "weekly"|100-21-1-0
112820|data|DCD aMonthly; "monthly"|108-21-1-0
112824|data|DCD aRemote_0; "remote"|116-21-1-0
112828|data|DCD aRestore; "restore"|124-21-1-0
112832|data|DCD 2|2-0-0-0
112836|data|DCD aConfig; "config"|72-22-1-0
113028|data|DCD aH; "%h"|72-21-1-0
113032|data|DCD aA; "%a"|76-21-1-0
113036|data|DCD aFailureSInvali+0x20; "%s"|8-18-1-0
113040|data|DCD aE; "%e"|80-21-1-0
113044|data|DCD aU; "%u"|84-21-1-0
113048|data|DCD a0fC+4; "%c"|100-28-1-0
113052|data|DCD aG; "%g"|88-21-1-0
113056|data|DCD aArchiveDir+8; "dir"|4-27-1-0
113060|data|DCD aExclude; "exclude"|40-26-1-0
113064|data|DCD aProtoOption; "proto option"|48-26-1-0
113068|data|DCD aUser; "user"|64-26-1-0
113072|data|DCD aCompression; "compression"|72-26-1-0
113076|data|DCD aPrerun; "prerun"|84-26-1-0
113080|data|DCD aPostrun; "postrun"|92-26-1-0
113084|data|DCD aProto; "proto"|100-26-1-0
113088|data|DCD aInclude; "include"|108-26-1-0
113092|data|DCD aDateSpec; "date spec"|116-26-1-0
113096|data|DCD aAlgorithm; "algorithm"|128-26-1-0
113100|data|DCD aKey; "key"|140-26-1-0
113104|data|DCD aOverwrite; "overwrite"|144-26-1-0
113108|data|DCD aSkip; "skip"|156-26-1-0
113112|data|DCD aForce; "force"|164-26-1-0
113116|data|DCD aSparse_0; "sparse"|172-26-1-0
113120|data|DCD aPatchedTar+8; "tar"|156-22-1-0
113124|data|DCD aFind; "find"|180-26-1-0
113128|data|DCD aAlwaysBackup; "always backup"|188-26-1-0
113132|data|DCD aAllowRemote; "allow remote"|204-26-1-0
113136|data|DCD aRemoteHdup; "remote hdup"|220-26-1-0
113140|data|DCD aRemoteHdupOpti; "remote hdup option"|232-26-1-0
113144|data|DCD aArchiveDir; "archive dir"|252-26-1-0
113148|data|DCD aMcrypt; "mcrypt"|8-27-1-0
113152|data|DCD aNoHistory; "no history"|16-27-1-0
113156|data|DCD aOneFilesystem; "one filesystem"|28-27-1-0
113160|data|DCD aChunkSize; "chunk size"|44-27-1-0
113164|data|DCD aFree; "free"|56-27-1-0
113168|data|DCD aLog; "log"|64-27-1-0
113172|data|DCD aInherit; "inherit"|68-27-1-0
113176|data|DCD aCompressionLev; "compression level"|76-27-1-0
113180|data|DCD aGpg; "gpg"|104-17-1-0
113184|data|DCD aGroup; "group"|96-27-1-0
113188|data|DCD aTarOption; "tar option"|104-27-1-0
113192|data|DCD aNobackup; "nobackup"|116-27-1-0
113196|data|DCD asc_129B8; "                                      "|184-41-1-0
113200|data|DCD asc_129E0; "......................................"|224-41-1-0
113492|code|IMPORT __imp_getpwnam|0-0-0-0
113496|code|IMPORT __imp_g_strdup_printf|0-0-0-0
113500|code|IMPORT __imp_strstr|0-0-0-0
113504|code|IMPORT __imp_fopen64|0-0-0-0
113508|code|IMPORT __imp_fflush|0-0-0-0
113512|code|IMPORT __imp_syslog|0-0-0-0
113516|code|IMPORT __imp_fputs|0-0-0-0
113520|code|IMPORT __imp_g_ascii_strcasecmp|0-0-0-0
113524|code|IMPORT __imp_rindex|0-0-0-0
113528|code|IMPORT __imp_regexec|0-0-0-0
113532|code|IMPORT __imp_g_strchomp|0-0-0-0
113536|code|IMPORT __imp_strncmp|0-0-0-0
113540|code|IMPORT __imp_unlink|0-0-0-0
113544|code|IMPORT __imp_g_malloc|0-0-0-0
113548|code|IMPORT __imp_g_str_equal|0-0-0-0
113552|code|IMPORT __imp___isoc99_sscanf|0-0-0-0
113556|code|IMPORT __imp___xstat64|0-0-0-0
113560|code|IMPORT __imp___libc_start_main|0-0-0-0
113564|code|IMPORT __imp_glob64|0-0-0-0
113568|code|IMPORT __imp_closedir|0-0-0-0
113572|code|IMPORT __imp_getuid|0-0-0-0
113576|code|IMPORT __imp_index|0-0-0-0
113580|code|IMPORT __imp_g_strdup|0-0-0-0
113584|code|IMPORT __imp_popen|0-0-0-0
113588|code|IMPORT __imp_fchown|0-0-0-0
113592|code|IMPORT __imp_fprintf|0-0-0-0
113596|code|IMPORT __imp_g_strconcat|0-0-0-0
113600|code|IMPORT __imp_strncpy|0-0-0-0
113604|code|IMPORT __imp_exit|0-0-0-0
113608|code|IMPORT __imp___lxstat64|0-0-0-0
113612|code|IMPORT __imp_regfree|0-0-0-0
113616|code|IMPORT __imp_g_snprintf|0-0-0-0
113620|code|IMPORT __imp_open64|0-0-0-0
113624|code|IMPORT __imp_perror|0-0-0-0
113628|code|IMPORT __imp___errno_location|0-0-0-0
113632|code|IMPORT __imp__IO_putc|0-0-0-0
113636|code|IMPORT __imp_strlen|0-0-0-0
113640|code|IMPORT __imp_time|0-0-0-0
113644|code|IMPORT __imp__IO_getc|0-0-0-0
113648|code|IMPORT __imp_feof|0-0-0-0
113652|code|IMPORT __imp_abort|0-0-0-0
113656|code|IMPORT __imp_strchr|0-0-0-0
113660|code|IMPORT __imp_close|0-0-0-0
113664|code|IMPORT __imp_g_strlcpy|0-0-0-0
113668|code|IMPORT __imp_mktime|0-0-0-0
113672|code|IMPORT __imp_strrchr|0-0-0-0
113676|code|IMPORT __imp_fwrite|0-0-0-0
113680|code|IMPORT __imp_sigaction|0-0-0-0
113684|code|IMPORT __imp_g_free|0-0-0-0
113688|code|IMPORT __imp_getegid|0-0-0-0
113692|code|IMPORT __imp___ctype_tolower_loc|0-0-0-0
113696|code|IMPORT __imp_execl|0-0-0-0
113700|code|IMPORT __imp_strtok|0-0-0-0
113704|code|IMPORT __imp_strtol|0-0-0-0
113708|code|IMPORT __imp_openlog|0-0-0-0
113712|code|IMPORT __imp_readdir64|0-0-0-0
113716|code|IMPORT __imp_system|0-0-0-0
113720|code|IMPORT __imp_localtime|0-0-0-0
113724|code|IMPORT __imp_chmod|0-0-0-0
113728|code|IMPORT __imp_sigfillset|0-0-0-0
113732|code|IMPORT __imp_geteuid|0-0-0-0
113736|code|IMPORT __imp_g_strchug|0-0-0-0
113740|code|IMPORT __imp_g_ascii_strncasecmp|0-0-0-0
113744|code|IMPORT __imp_chdir|0-0-0-0
113748|code|IMPORT __imp_strspn|0-0-0-0
113752|code|IMPORT __imp_fork|0-0-0-0
113756|code|IMPORT __imp_statvfs64|0-0-0-0
113760|code|IMPORT __imp_g_realloc|0-0-0-0
113764|code|IMPORT __imp_getgrnam|0-0-0-0
113768|code|IMPORT __imp_strcasecmp|0-0-0-0
113772|code|IMPORT __imp_fclose|0-0-0-0
113776|code|IMPORT __imp_globfree64|0-0-0-0
113780|code|IMPORT __imp_memset|0-0-0-0
113784|code|IMPORT __imp_wait|0-0-0-0
113788|code|IMPORT __imp_opendir|0-0-0-0
113792|code|IMPORT __imp_ctime|0-0-0-0
113796|code|IMPORT __imp_fread|0-0-0-0
113800|code|IMPORT __imp_getopt_long|0-0-0-0
113804|code|IMPORT __imp_g_file_test|0-0-0-0
113808|code|IMPORT __imp_free|0-0-0-0
113812|code|IMPORT __imp_memcpy|0-0-0-0
113816|code|IMPORT __imp_rmdir|0-0-0-0
113820|code|IMPORT __imp___xpg_basename|0-0-0-0
113824|code|IMPORT __imp_closelog|0-0-0-0
113828|code|IMPORT __imp___strdup|0-0-0-0
113832|code|IMPORT __imp_fputc|0-0-0-0
113836|code|IMPORT __imp_access|0-0-0-0
113840|code|IMPORT __imp_pclose|0-0-0-0
113844|code|IMPORT __imp_regcomp|0-0-0-0
113848|code|IMPORT __imp_mkdir|0-0-0-0
113852|code|IMPORT __imp_getgid|0-0-0-0
