address|type|disassembly|bytes
65536|data|DCD 0x464C457F; File format: \x7FELF|127-69-76-70
65540|data|DCB 1; File class: 32-bit|1
65541|data|DCB 1; Data encoding: little-endian|1
65542|data|DCB 1; File version|1
65543|data|DCB 0; OS/ABI: UNIX System V ABI|0
65544|data|DCB 0; ABI Version|0
65545|data|DCB 0, 0, 0, 0, 0, 0, 0; Padding|0-0-0-0-0-0-0
65552|data|DCW 2; File type: Executable|2-0
65554|data|DCW 0x28; Machine: ARM|40-0
65556|data|DCD 1; File version|1-0-0-0
65560|data|DCD start+1; Entry point|41-13-1-0
65564|data|DCD 0x34; PHT file offset|52-0-0-0
65568|data|DCD 0x14D4; SHT file offset|212-20-0-0
65572|data|DCD 0x5000402; Processor-specific flags|2-4-0-5
65576|data|DCW 0x34; ELF header size|52-0
65578|data|DCW 0x20; PHT entry size|32-0
65580|data|DCW 8; Number of entries in PHT|8-0
65582|data|DCW 0x28; SHT entry size|40-0
65584|data|DCW 0x1B; Number of entries in SHT|27-0
65586|data|DCW 0x1A; SHT entry index for string table|26-0
65588|data|DCD 0x70000001; Type: EXIDX|1-0-0-112
65592|data|DCD 0x1208; File offset|8-18-0-0
65596|data|DCD unk_11208; Virtual address|8-18-1-0
65600|data|DCD 0x11208; Physical address|8-18-1-0
65604|data|DCD 8; Size in file image|8-0-0-0
65608|data|DCD 8; Size in memory image|8-0-0-0
65612|data|DCD 4; Flags|4-0-0-0
65616|data|DCD 4; Alignment|4-0-0-0
65620|data|DCD 6; Type: PHDR|6-0-0-0
65624|data|DCD 0x34; File offset|52-0-0-0
65628|data|DCD dword_10034; Virtual address|52-0-1-0
65632|data|DCD 0x10034; Physical address|52-0-1-0
65636|data|DCD 0x100; Size in file image|0-1-0-0
65640|data|DCD 0x100; Size in memory image|0-1-0-0
65644|data|DCD 5; Flags|5-0-0-0
65648|data|DCD 4; Alignment|4-0-0-0
65652|data|DCD 3; Type: INTERP|3-0-0-0
65656|data|DCD 0x134; File offset|52-1-0-0
65660|data|DCD aLibLdLinuxArmh; Virtual address|52-1-1-0
65664|data|DCD 0x10134; Physical address|52-1-1-0
65668|data|DCD 0x19; Size in file image|25-0-0-0
65672|data|DCD 0x19; Size in memory image|25-0-0-0
65676|data|DCD 4; Flags|4-0-0-0
65680|data|DCD 1; Alignment|1-0-0-0
65684|data|DCD 1; Type: LOAD|1-0-0-0
65688|data|DCD 0; File offset|0-0-0-0
65692|data|DCD dword_10000; Virtual address|0-0-1-0
65696|data|DCD 0x10000; Physical address|0-0-1-0
65700|data|DCD 0x1214; Size in file image|20-18-0-0
65704|data|DCD 0x1214; Size in memory image|20-18-0-0
65708|data|DCD 5; Flags|5-0-0-0
65712|data|DCD 0x10000; Alignment|0-0-1-0
65716|data|DCD 1; Type: LOAD|1-0-0-0
65720|data|DCD 0x1214; File offset|20-18-0-0
65724|data|DCD off_21214; Virtual address|20-18-2-0
65728|data|DCD 0x21214; Physical address|20-18-2-0
65732|data|DCD 0x198; Size in file image|152-1-0-0
65736|data|DCD 0x254; Size in memory image|84-2-0-0
65740|data|DCD 6; Flags|6-0-0-0
65744|data|DCD 0x10000; Alignment|0-0-1-0
65748|data|DCD 2; Type: DYNAMIC|2-0-0-0
65752|data|DCD 0x1220; File offset|32-18-0-0
65756|data|DCD stru_21220; Virtual address|32-18-2-0
65760|data|DCD 0x21220; Physical address|32-18-2-0
65764|data|DCD 0x108; Size in file image|8-1-0-0
65768|data|DCD 0x108; Size in memory image|8-1-0-0
65772|data|DCD 6; Flags|6-0-0-0
65776|data|DCD 4; Alignment|4-0-0-0
65780|data|DCD 4; Type: NOTE|4-0-0-0
65784|data|DCD 0x150; File offset|80-1-0-0
65788|data|DCD dword_10150; Virtual address|80-1-1-0
65792|data|DCD 0x10150; Physical address|80-1-1-0
65796|data|DCD 0x44; Size in file image|68-0-0-0
65800|data|DCD 0x44; Size in memory image|68-0-0-0
65804|data|DCD 4; Flags|4-0-0-0
65808|data|DCD 4; Alignment|4-0-0-0
65812|data|DCD 0x6474E551; Type: STACK|81-229-116-100
65816|data|DCD 0; File offset|0-0-0-0
65820|data|DCD 0; Virtual address|0-0-0-0
65824|data|DCD 0; Physical address|0-0-0-0
65828|data|DCD 0; Size in file image|0-0-0-0
65832|data|DCD 0; Size in memory image|0-0-0-0
65836|data|DCD 6; Flags|6-0-0-0
65840|data|DCD 0x10; Alignment|16-0-0-0
65844|data|DCB "/lib/ld-linux-armhf.so.3",0|47-108-105-98-47-108-100-45-108-105-110-117-120-45-97-114-109-104-102-46-115-111-46-51-0
65869|data|DCB 0, 0, 0|0-0-0
65872|data|DCD 4; Name Size|4-0-0-0
65876|data|DCD 0x10; Desc Size|16-0-0-0
65880|data|DCD 1; Type: NT_GNU_ABI_TAG|1-0-0-0
65884|data|DCB "GNU",0; Name|71-78-85-0
65888|data|DCD 0, 2, 6, 0x20; ABI: Linux 2.6.32|0-0-0-0-2-0-0-0-6-0-0-0-32-0-0-0
65904|data|DCD 4; Name Size|4-0-0-0
65908|data|DCD 0x14; Desc Size|20-0-0-0
65912|data|DCD 3; Type: NT_GNU_BUILD_ID|3-0-0-0
65916|data|DCB "GNU",0; Name|71-78-85-0
65920|data|DCB 0x53, 0xBB, 0xA7, 0x7F, 0x50, 0xFF, 0xA0, 0xF0, 0x2A; Desc|83-187-167-127-80-255-160-240-42-69-92-241-135-194-203-248-229-251-227-34
65940|data|DCD 0x25|37-0-0-0
65944|data|DCD 5|5-0-0-0
65948|data|DCD 0x10|16-0-0-0
65952|data|DCD 9|9-0-0-0
65956|data|DCD 0x8044418E, 0xA4284881, 0x20000800, 0x83500402, 0x280|142-65-68-128-129-72-40-164-0-8-0-32-2-4-80-131-128-2-0-0-0-96-1-129-128-16-128-0-24-128-40-64-3-72-138-32-16-0-0-4-12-80-160-1-82-4-64-177-32-66-0-33-64-0-2-9-40-16-0-65-33-38-32-129
66020|data|DCD 5, 6, 8, 0xB, 0xD, 0xF, 0x13, 0, 0x14, 0x15, 0x18|5-0-0-0-6-0-0-0-8-0-0-0-11-0-0-0-13-0-0-0-15-0-0-0-19-0-0-0-0-0-0-0-20-0-0-0-21-0-0-0-24-0-0-0-0-0-0-0-26-0-0-0-28-0-0-0-0-0-0-0-30-0-0-0-31-0-0-0-0-0-0-0-32-0-0-0-33-0-0-0-34-0-0-0-0-0-0-0-35-0-0-0-37-0-0-0-38-0-0-0-41-0-0-0-0-0-0-0-0-0-0-0-43-0-0-0-44-0-0-0-45-0-0-0-46-0-0-0-0-0-0-0-47-0-0-0-49-0-0-0-50-0-0-0-53-0-0-0
66168|data|DCD 0x8C2E306B, 0xB8A758D6, 0x73093CF5, 0x8C2E6BF8, 0x722DBA32|107-48-46-140-214-88-167-184-245-60-9-115-248-107-46-140-50-186-45-114-125-191-81-24-222-199-65-168-1-35-249-164-92-86-57-195-135-210-135-180-132-221-45-161-234-211-239-14-78-235-57-60-19-59-91-38-1-175-52-232-199-14-224-61-0-208-132-122-46-78-61-246-3-28-34-230-228-155-149-205-137-177-157-73-204-203-81-176-31-196-88-122-176-176-168-148-125-237-17-15-157-187-147-28-89-239-151-121-227-166-3-115-59-42-185-153-107-127-154-124-76-235-12-243-121-104-135-255-37-117-130-13-6-164-135-255-254-1-60-197-217-113-88-28-174-96-135-255-187-227-146-124-229-158-224-255-103-73-73-34-67-69-213-236-47-192-67-129-8-44-174-255-43-42-31-128-97-62-151-128-62-192-65-74-190-218-87-27-185-141-241-14-118-84-60-148-96-113-43-52-15-87-232-245
66372|data|Elf32_Sym <0>|0-0-0-0-0-0-0-0-0-0-0-0-0-0-0-0
66388|data|Elf32_Sym <aItmDeregistert - byte_106C4, 0, 0, 0x20, 0, 0>; "_ITM_deregisterTMCloneTable"|20-0-0-0-0-0-0-0-0-0-0-0-32-0-0-0
66404|data|Elf32_Sym <aGmonStart - byte_106C4, 0, 0, 0x20, 0, 0>; "__gmon_start__"|77-0-0-0-0-0-0-0-0-0-0-0-32-0-0-0
66420|data|Elf32_Sym <aJvRegisterclas - byte_106C4, 0, 0, 0x20, 0, 0>; "_Jv_RegisterClasses"|174-0-0-0-0-0-0-0-0-0-0-0-32-0-0-0
66436|data|Elf32_Sym <aItmRegistertmc - byte_106C4, 0, 0, 0x20, 0, 0>; "_ITM_registerTMCloneTable"|194-0-0-0-0-0-0-0-0-0-0-0-32-0-0-0
66452|data|Elf32_Sym <aSetegid - byte_106C4, 0, 0, 0x12, 0, 0>; "setegid"|152-2-0-0-0-0-0-0-0-0-0-0-18-0-0-0
66468|data|Elf32_Sym <aQmailLookupCvm - byte_106C4, 0, 0, 0x12, 0, 0>; "qmail_lookup_cvm"|208-1-0-0-0-0-0-0-0-0-0-0-18-0-0-0
66484|data|Elf32_Sym <aCvmModuleStop - byte_106C4, cvm_module_stop+1, 2, 0x12, 0,\; "cvm_module_stop"|110-0-0-0-193-16-1-0-2-0-0-0-18-0-13-0
66500|data|Elf32_Sym <aSeteuid - byte_106C4, 0, 0, 0x12, 0, 0>; "seteuid"|197-2-0-0-0-0-0-0-0-0-0-0-18-0-0-0
66516|data|Elf32_Sym <aCvmFactUserid - byte_106C4, cvm_fact_userid, 4, 0x11, 0, \; "cvm_fact_userid"|220-0-0-0-200-19-2-0-4-0-0-0-17-0-24-0
66532|data|Elf32_Sym <aCvmFactDirecto - byte_106C4, cvm_fact_directory, 4, 0x11, \; "cvm_fact_directory"|236-0-0-0-204-19-2-0-4-0-0-0-17-0-24-0
66548|data|Elf32_Sym <aQmailDotfileEx - byte_106C4, 0, 0, 0x12, 0, 0>; "qmail_dotfile_exists"|225-1-0-0-0-0-0-0-0-0-0-0-18-0-0-0
66564|data|Elf32_Sym <aErrnoLocation - byte_106C4, 0, 0, 0x12, 0, 0>; "__errno_location"|128-2-0-0-0-0-0-0-0-0-0-0-18-0-0-0
66580|data|Elf32_Sym <aProgram - byte_106C4, program, 0xA, 0x11, 0, 0xF>; "program" ...|142-0-0-0-208-17-1-0-10-0-0-0-17-0-15-0
66596|data|Elf32_Sym <aCvmFactUsernam - byte_106C4, cvm_fact_username, 4, 0x11, \; "cvm_fact_username"|255-0-0-0-208-19-2-0-4-0-0-0-17-0-24-0
66612|data|Elf32_Sym <aCvmFactSysUser - byte_106C4, cvm_fact_sys_username, 4, \; "cvm_fact_sys_username"|17-1-0-0-176-19-2-0-4-0-0-0-17-0-24-0
66628|data|Elf32_Sym <aFini - byte_106C4, .term_proc, 0, 0x12, 0, 0xE>; "_fini"|39-1-0-0-196-17-1-0-0-0-0-0-18-0-14-0
66644|data|Elf32_Sym <aIbufOpenreadcl - byte_106C4, 0, 0, 0x12, 0, 0>; "ibuf_openreadclose"|25-2-0-0-0-0-0-0-0-0-0-0-18-0-0-0
66660|data|Elf32_Sym <aCvmFactMailbox - byte_106C4, cvm_fact_mailbox, 4, 0x11, 0,\; "cvm_fact_mailbox"|45-1-0-0-188-19-2-0-4-0-0-0-17-0-24-0
66676|data|Elf32_Sym <aBssEnd+1 - byte_106C4, _end, 0, 0x10, 0, 0x18>; "_bss_end__"|28-3-0-0-104-20-2-0-0-0-0-0-16-0-24-0
66692|data|Elf32_Sym <aRealloc - byte_106C4, 0, 0, 0x12, 0, 0>; "realloc"|98-2-0-0-0-0-0-0-0-0-0-0-18-0-0-0
66708|data|Elf32_Sym <aStriterValid - byte_106C4, 0, 0, 0x12, 0, 0>; "striter_valid"|60-2-0-0-0-0-0-0-0-0-0-0-18-0-0-0
66724|data|Elf32_Sym <aLibcStartMain - byte_106C4, 0, 0, 0x12, 0, 0>; "__libc_start_main"|232-2-0-0-0-0-0-0-0-0-0-0-18-0-0-0
66740|data|Elf32_Sym <aStriterAdvance - byte_106C4, 0, 0, 0x12, 0, 0>; "striter_advance"|44-2-0-0-0-0-0-0-0-0-0-0-18-0-0-0
66756|data|Elf32_Sym <aQmailLookupIni - byte_106C4, 0, 0, 0x12, 0, 0>; "qmail_lookup_init"|190-1-0-0-0-0-0-0-0-0-0-0-18-0-0-0
66772|data|Elf32_Sym <aCvmModuleLooku - byte_106C4, cvm_module_lookup+1, 0x196, \; "cvm_module_lookup"|92-0-0-0-137-14-1-0-150-1-0-0-18-0-13-0
66788|data|Elf32_Sym <aCvmFactRealnam - byte_106C4, cvm_fact_realname, 4, 0x11, \; "cvm_fact_realname"|62-1-0-0-192-19-2-0-4-0-0-0-17-0-24-0
66804|data|Elf32_Sym <aStriterStart - byte_106C4, 0, 0, 0x12, 0, 0>; "striter_start"|1-2-0-0-0-0-0-0-0-0-0-0-18-0-0-0
66820|data|Elf32_Sym <aCtypeTolowerLo - byte_106C4, 0, 0, 0x12, 0, 0>; "__ctype_tolower_loc"|212-2-0-0-0-0-0-0-0-0-0-0-18-0-0-0
66836|data|Elf32_Sym <aAbort - byte_106C4, 0, 0, 0x12, 0, 0>; "abort"|106-2-0-0-0-0-0-0-0-0-0-0-18-0-0-0
66852|data|Elf32_Sym <aStrlen - byte_106C4, 0, 0, 0x12, 0, 0>; "strlen"|121-2-0-0-0-0-0-0-0-0-0-0-18-0-0-0
66868|data|Elf32_Sym <aEnd - byte_106C4, _end, 0, 0x10, 0, 0x18>; "__end__"|39-3-0-0-104-20-2-0-0-0-0-0-16-0-24-0
66884|data|Elf32_Sym <aCvmModuleInit - byte_106C4, cvm_module_init+1, 0x80, 0x12,\; "cvm_module_init"|126-0-0-0-9-14-1-0-128-0-0-0-18-0-13-0
66900|data|Elf32_Sym <aCvmFactSysDire - byte_106C4, cvm_fact_sys_directory, 4, \; "cvm_fact_sys_directory"|80-1-0-0-196-19-2-0-4-0-0-0-17-0-24-0
66916|data|Elf32_Sym <aLibcStartMain+0xD - byte_106C4, main, 0, 0x12, 0, 0>; "main"|245-2-0-0-248-12-1-0-0-0-0-0-18-0-0-0
66932|data|Elf32_Sym <aCvmModuleFactU - byte_106C4, 0, 0, 0x12, 0, 0>; "cvm_module_fact_uint"|103-1-0-0-0-0-0-0-0-0-0-0-18-0-0-0
66948|data|Elf32_Sym <aGetgid - byte_106C4, 0, 0, 0x12, 0, 0>; "getgid"|160-2-0-0-0-0-0-0-0-0-0-0-18-0-0-0
66964|data|Elf32_Sym <aMemcmp - byte_106C4, 0, 0, 0x12, 0, 0>; "memcmp"|145-2-0-0-0-0-0-0-0-0-0-0-18-0-0-0
66980|data|Elf32_Sym <aGetuid - byte_106C4, 0, 0, 0x12, 0, 0>; "getuid"|205-2-0-0-0-0-0-0-0-0-0-0-18-0-0-0
66996|data|Elf32_Sym <aCvmFactShell - byte_106C4, __bss_start__, 4, 0x11, 0, \; "cvm_fact_shell"|124-1-0-0-172-19-2-0-4-0-0-0-17-0-24-0
67012|data|Elf32_Sym <aBssStart - byte_106C4, __bss_start__, 0, 0x10, 0, 0x18>; "__bss_start"|1-3-0-0-172-19-2-0-0-0-0-0-16-0-24-0
67028|data|Elf32_Sym <aGetenv - byte_106C4, 0, 0, 0x12, 0, 0>; "getenv"|190-2-0-0-0-0-0-0-0-0-0-0-18-0-0-0
67044|data|Elf32_Sym <aEnd_0 - byte_106C4, _end, 0, 0x10, 0, 0x18>; "_end"|47-3-0-0-104-20-2-0-0-0-0-0-16-0-24-0
67060|data|Elf32_Sym <aGetspnam - byte_106C4, 0, 0, 0x12, 0, 0>; "getspnam"|167-2-0-0-0-0-0-0-0-0-0-0-18-0-0-0
67076|data|Elf32_Sym <aCtypeBLoc - byte_106C4, 0, 0, 0x12, 0, 0>; "__ctype_b_loc"|176-2-0-0-0-0-0-0-0-0-0-0-18-0-0-0
67092|data|Elf32_Sym <aEdata - byte_106C4, __bss_start__, 0, 0x10, 0, 0x17>; "_edata"|250-2-0-0-172-19-2-0-0-0-0-0-16-0-23-0
67108|data|Elf32_Sym <aStrSubst - byte_106C4, 0, 0, 0x12, 0, 0>; "str_subst"|15-2-0-0-0-0-0-0-0-0-0-0-18-0-0-0
67124|data|Elf32_Sym <aGetpwnam - byte_106C4, 0, 0, 0x12, 0, 0>; "getpwnam"|112-2-0-0-0-0-0-0-0-0-0-0-18-0-0-0
67140|data|Elf32_Sym <aStrCopys - byte_106C4, 0, 0, 0x12, 0, 0>; "str_copys"|48-0-0-0-0-0-0-0-0-0-0-0-18-0-0-0
67156|data|Elf32_Sym <aCvmFactGroupid - byte_106C4, cvm_fact_groupid, 4, 0x11, 0,\; "cvm_fact_groupid"|139-1-0-0-184-19-2-0-4-0-0-0-17-0-24-0
67172|data|Elf32_Sym <aCvmFactDomain - byte_106C4, cvm_fact_domain, 4, 0x11, 0, \; "cvm_fact_domain"|156-1-0-0-180-19-2-0-4-0-0-0-17-0-24-0
67188|data|Elf32_Sym <aBssEnd - byte_106C4, _end, 0, 0x10, 0, 0x18>; "__bss_end__"|27-3-0-0-104-20-2-0-0-0-0-0-16-0-24-0
67204|data|Elf32_Sym <aCvmModuleInit+0xA - byte_106C4, .init_proc, 0, 0x12, 0, \; "_init"|136-0-0-0-196-11-1-0-0-0-0-0-18-0-11-0
67220|data|Elf32_Sym <aBssStart_0 - byte_106C4, __bss_start__, 0, 0x10, 0, 0x18>; "__bss_start__"|13-3-0-0-172-19-2-0-0-0-0-0-16-0-24-0
67236|data|Elf32_Sym <aCvmModuleResul - byte_106C4, cvm_module_results+1, 0x9A, \; "cvm_module_results"|58-0-0-0-37-16-1-0-154-0-0-0-18-0-13-0
67252|data|Elf32_Sym <aCvmModuleAuthe - byte_106C4, cvm_module_authenticate+1, 4,\; "cvm_module_authenticate"|150-0-0-0-33-16-1-0-4-0-0-0-18-0-13-0
67268|data|DCB 0|0
67269|data|DCB "libcvm-module.so.1",0|108-105-98-99-118-109-45-109-111-100-117-108-101-46-115-111-46-49-0
67288|data|DCB "_ITM_deregisterTMCloneTable",0|95-73-84-77-95-100-101-114-101-103-105-115-116-101-114-84-77-67-108-111-110-101-84-97-98-108-101-0
67316|data|DCB "str_copys",0|115-116-114-95-99-111-112-121-115-0
67326|data|DCB "cvm_module_results",0|99-118-109-95-109-111-100-117-108-101-95-114-101-115-117-108-116-115-0
67345|data|DCB "__gmon_start__",0|95-95-103-109-111-110-95-115-116-97-114-116-95-95-0
67360|data|DCB "cvm_module_lookup",0|99-118-109-95-109-111-100-117-108-101-95-108-111-111-107-117-112-0
67378|data|DCB "cvm_module_stop",0|99-118-109-95-109-111-100-117-108-101-95-115-116-111-112-0
67394|data|DCB "cvm_module_init",0|99-118-109-95-109-111-100-117-108-101-95-105-110-105-116-0
67410|data|DCB "program",0|112-114-111-103-114-97-109-0
67418|data|DCB "cvm_module_authenticate",0|99-118-109-95-109-111-100-117-108-101-95-97-117-116-104-101-110-116-105-99-97-116-101-0
67442|data|DCB "_Jv_RegisterClasses",0|95-74-118-95-82-101-103-105-115-116-101-114-67-108-97-115-115-101-115-0
67462|data|DCB "_ITM_registerTMCloneTable",0|95-73-84-77-95-114-101-103-105-115-116-101-114-84-77-67-108-111-110-101-84-97-98-108-101-0
67488|data|DCB "cvm_fact_userid",0|99-118-109-95-102-97-99-116-95-117-115-101-114-105-100-0
67504|data|DCB "cvm_fact_directory",0|99-118-109-95-102-97-99-116-95-100-105-114-101-99-116-111-114-121-0
67523|data|DCB "cvm_fact_username",0|99-118-109-95-102-97-99-116-95-117-115-101-114-110-97-109-101-0
67541|data|DCB "cvm_fact_sys_username",0|99-118-109-95-102-97-99-116-95-115-121-115-95-117-115-101-114-110-97-109-101-0
67563|data|DCB "_fini",0|95-102-105-110-105-0
67569|data|DCB "cvm_fact_mailbox",0|99-118-109-95-102-97-99-116-95-109-97-105-108-98-111-120-0
67586|data|DCB "cvm_fact_realname",0|99-118-109-95-102-97-99-116-95-114-101-97-108-110-97-109-101-0
67604|data|DCB "cvm_fact_sys_directory",0|99-118-109-95-102-97-99-116-95-115-121-115-95-100-105-114-101-99-116-111-114-121-0
67627|data|DCB "cvm_module_fact_uint",0|99-118-109-95-109-111-100-117-108-101-95-102-97-99-116-95-117-105-110-116-0
67648|data|DCB "cvm_fact_shell",0|99-118-109-95-102-97-99-116-95-115-104-101-108-108-0
67663|data|DCB "cvm_fact_groupid",0|99-118-109-95-102-97-99-116-95-103-114-111-117-112-105-100-0
67680|data|DCB "cvm_fact_domain",0|99-118-109-95-102-97-99-116-95-100-111-109-97-105-110-0
67696|data|DCB "libcvm-qmail.so.1",0|108-105-98-99-118-109-45-113-109-97-105-108-46-115-111-46-49-0
67714|data|DCB "qmail_lookup_init",0|113-109-97-105-108-95-108-111-111-107-117-112-95-105-110-105-116-0
67732|data|DCB "qmail_lookup_cvm",0|113-109-97-105-108-95-108-111-111-107-117-112-95-99-118-109-0
67749|data|DCB "qmail_dotfile_exists",0|113-109-97-105-108-95-100-111-116-102-105-108-101-95-101-120-105-115-116-115-0
67770|data|DCB "libbg.so.1",0|108-105-98-98-103-46-115-111-46-49-0
67781|data|DCB "striter_start",0|115-116-114-105-116-101-114-95-115-116-97-114-116-0
67795|data|DCB "str_subst",0|115-116-114-95-115-117-98-115-116-0
67805|data|DCB "ibuf_openreadclose",0|105-98-117-102-95-111-112-101-110-114-101-97-100-99-108-111-115-101-0
67824|data|DCB "striter_advance",0|115-116-114-105-116-101-114-95-97-100-118-97-110-99-101-0
67840|data|DCB "striter_valid",0|115-116-114-105-116-101-114-95-118-97-108-105-100-0
67854|data|DCB "libcrypt.so.1",0|108-105-98-99-114-121-112-116-46-115-111-46-49-0
67868|data|DCB "libc.so.6",0|108-105-98-99-46-115-111-46-54-0
67878|data|DCB "realloc",0|114-101-97-108-108-111-99-0
67886|data|DCB "abort",0|97-98-111-114-116-0
67892|data|DCB "getpwnam",0|103-101-116-112-119-110-97-109-0
67901|data|DCB "strlen",0|115-116-114-108-101-110-0
67908|data|DCB "__errno_location",0|95-95-101-114-114-110-111-95-108-111-99-97-116-105-111-110-0
67925|data|DCB "memcmp",0|109-101-109-99-109-112-0
67932|data|DCB "setegid",0|115-101-116-101-103-105-100-0
67940|data|DCB "getgid",0|103-101-116-103-105-100-0
67947|data|DCB "getspnam",0|103-101-116-115-112-110-97-109-0
67956|data|DCB "__ctype_b_loc",0|95-95-99-116-121-112-101-95-98-95-108-111-99-0
67970|data|DCB "getenv",0|103-101-116-101-110-118-0
67977|data|DCB "seteuid",0|115-101-116-101-117-105-100-0
67985|data|DCB "getuid",0|103-101-116-117-105-100-0
67992|data|DCB "__ctype_tolower_loc",0|95-95-99-116-121-112-101-95-116-111-108-111-119-101-114-95-108-111-99-0
68012|data|DCB "__libc_start_main",0|95-95-108-105-98-99-95-115-116-97-114-116-95-109-97-105-110-0
68030|data|DCB "_edata",0|95-101-100-97-116-97-0
68037|data|DCB "__bss_start",0|95-95-98-115-115-95-115-116-97-114-116-0
68049|data|DCB "__bss_start__",0|95-95-98-115-115-95-115-116-97-114-116-95-95-0
68063|data|DCB "__bss_end__",0|95-95-98-115-115-95-101-110-100-95-95-0
68075|data|DCB "__end__",0|95-95-101-110-100-95-95-0
68083|data|DCB "_end",0|95-101-110-100-0
68088|data|DCB "GLIBC_2.4",0|71-76-73-66-67-95-50-46-52-0
68098|data|DCW 0|0-0
68100|data|DCW 0; local  symbol: _ITM_deregisterTMCloneTable|0-0
68102|data|DCW 0; local  symbol: __gmon_start__|0-0
68104|data|DCW 0; local  symbol: _Jv_RegisterClasses|0-0
68106|data|DCW 0; local  symbol: _ITM_registerTMCloneTable|0-0
68108|data|DCW 2; setegid@@GLIBC_2.4|2-0
68110|data|DCW 0; local  symbol: qmail_lookup_cvm|0-0
68112|data|DCW 1; global symbol: cvm_module_stop|1-0
68114|data|DCW 2; seteuid@@GLIBC_2.4|2-0
68116|data|DCW 0; local  symbol: cvm_fact_userid|0-0
68118|data|DCW 0; local  symbol: cvm_fact_directory|0-0
68120|data|DCW 0; local  symbol: qmail_dotfile_exists|0-0
68122|data|DCW 2; __errno_location@@GLIBC_2.4|2-0
68124|data|DCW 1; global symbol: program|1-0
68126|data|DCW 0; local  symbol: cvm_fact_username|0-0
68128|data|DCW 0; local  symbol: cvm_fact_sys_username|0-0
68130|data|DCW 1; global symbol: _fini|1-0
68132|data|DCW 0; local  symbol: ibuf_openreadclose|0-0
68134|data|DCW 0; local  symbol: cvm_fact_mailbox|0-0
68136|data|DCW 1; global symbol: _bss_end__|1-0
68138|data|DCW 2; realloc@@GLIBC_2.4|2-0
68140|data|DCW 0; local  symbol: striter_valid|0-0
68142|data|DCW 2; __libc_start_main@@GLIBC_2.4|2-0
68144|data|DCW 0; local  symbol: striter_advance|0-0
68146|data|DCW 0; local  symbol: qmail_lookup_init|0-0
68148|data|DCW 1; global symbol: cvm_module_lookup|1-0
68150|data|DCW 0; local  symbol: cvm_fact_realname|0-0
68152|data|DCW 0; local  symbol: striter_start|0-0
68154|data|DCW 2; __ctype_tolower_loc@@GLIBC_2.4|2-0
68156|data|DCW 2; abort@@GLIBC_2.4|2-0
68158|data|DCW 2; strlen@@GLIBC_2.4|2-0
68160|data|DCW 1; global symbol: __end__|1-0
68162|data|DCW 1; global symbol: cvm_module_init|1-0
68164|data|DCW 0; local  symbol: cvm_fact_sys_directory|0-0
68166|data|DCW 0; local  symbol: main|0-0
68168|data|DCW 0; local  symbol: cvm_module_fact_uint|0-0
68170|data|DCW 2; getgid@@GLIBC_2.4|2-0
68172|data|DCW 2; memcmp@@GLIBC_2.4|2-0
68174|data|DCW 2; getuid@@GLIBC_2.4|2-0
68176|data|DCW 0; local  symbol: cvm_fact_shell|0-0
68178|data|DCW 1; global symbol: __bss_start|1-0
68180|data|DCW 2; getenv@@GLIBC_2.4|2-0
68182|data|DCW 1; global symbol: _end|1-0
68184|data|DCW 2; getspnam@@GLIBC_2.4|2-0
68186|data|DCW 2; __ctype_b_loc@@GLIBC_2.4|2-0
68188|data|DCW 1; global symbol: _edata|1-0
68190|data|DCW 0; local  symbol: str_subst|0-0
68192|data|DCW 2; getpwnam@@GLIBC_2.4|2-0
68194|data|DCW 0; local  symbol: str_copys|0-0
68196|data|DCW 0; local  symbol: cvm_fact_groupid|0-0
68198|data|DCW 0; local  symbol: cvm_fact_domain|0-0
68200|data|DCW 1; global symbol: __bss_end__|1-0
68202|data|DCW 1; global symbol: _init|1-0
68204|data|DCW 1; global symbol: __bss_start__|1-0
68206|data|DCW 1; global symbol: cvm_module_results|1-0
68208|data|DCW 1; global symbol: cvm_module_authenticate|1-0
68210|data|DCW 0|0-0
68212|data|Elf32_Verneed <1, 1, aLibcSo6 - byte_106C4, 0x10, 0>; "libc.so.6"|1-0-1-0-88-2-0-0-16-0-0-0-0-0-0-0
68228|data|Elf32_Vernaux <0xD696914, 0, 2, aGlibc24 - byte_106C4, 0>; "GLIBC_2.4"|20-105-105-13-0-0-2-0-52-3-0-0-0-0-0-0
68244|data|Elf32_Rel <0x213A0, 0x215>; R_ARM_GLOB_DAT __gmon_start__|160-19-2-0-21-2-0-0
68252|data|Elf32_Rel <0x213AC, 0x2714>; R_ARM_COPY cvm_fact_shell|172-19-2-0-20-39-0-0
68260|data|Elf32_Rel <0x213B0, 0xF14>; R_ARM_COPY cvm_fact_sys_username|176-19-2-0-20-15-0-0
68268|data|Elf32_Rel <0x213B4, 0x3214>; R_ARM_COPY cvm_fact_domain|180-19-2-0-20-50-0-0
68276|data|Elf32_Rel <0x213B8, 0x3114>; R_ARM_COPY cvm_fact_groupid|184-19-2-0-20-49-0-0
68284|data|Elf32_Rel <0x213BC, 0x1214>; R_ARM_COPY cvm_fact_mailbox|188-19-2-0-20-18-0-0
68292|data|Elf32_Rel <0x213C0, 0x1A14>; R_ARM_COPY cvm_fact_realname|192-19-2-0-20-26-0-0
68300|data|Elf32_Rel <0x213C4, 0x2114>; R_ARM_COPY cvm_fact_sys_directory|196-19-2-0-20-33-0-0
68308|data|Elf32_Rel <0x213C8, 0x914>; R_ARM_COPY cvm_fact_userid|200-19-2-0-20-9-0-0
68316|data|Elf32_Rel <0x213CC, 0xA14>; R_ARM_COPY cvm_fact_directory|204-19-2-0-20-10-0-0
68324|data|Elf32_Rel <0x213D0, 0xE14>; R_ARM_COPY cvm_fact_username|208-19-2-0-20-14-0-0
68332|data|Elf32_Rel <0x21334, 0x2F16>; R_ARM_JUMP_SLOT getpwnam|52-19-2-0-22-47-0-0
68340|data|Elf32_Rel <0x21338, 0x2616>; R_ARM_JUMP_SLOT getuid|56-19-2-0-22-38-0-0
68348|data|Elf32_Rel <0x2133C, 0x2B16>; R_ARM_JUMP_SLOT getspnam|60-19-2-0-22-43-0-0
68356|data|Elf32_Rel <0x21340, 0x3016>; R_ARM_JUMP_SLOT str_copys|64-19-2-0-22-48-0-0
68364|data|Elf32_Rel <0x21344, 0x616>; R_ARM_JUMP_SLOT qmail_lookup_cvm|68-19-2-0-22-6-0-0
68372|data|Elf32_Rel <0x21348, 0x2516>; R_ARM_JUMP_SLOT memcmp|72-19-2-0-22-37-0-0
68380|data|Elf32_Rel <0x2134C, 0xB16>; R_ARM_JUMP_SLOT qmail_dotfile_exists|76-19-2-0-22-11-0-0
68388|data|Elf32_Rel <0x21350, 0x1516>; R_ARM_JUMP_SLOT striter_valid|80-19-2-0-22-21-0-0
68396|data|Elf32_Rel <0x21354, 0x1116>; R_ARM_JUMP_SLOT ibuf_openreadclose|84-19-2-0-22-17-0-0
68404|data|Elf32_Rel <0x21358, 0x1416>; R_ARM_JUMP_SLOT realloc|88-19-2-0-22-20-0-0
68412|data|Elf32_Rel <0x2135C, 0x816>; R_ARM_JUMP_SLOT seteuid|92-19-2-0-22-8-0-0
68420|data|Elf32_Rel <0x21360, 0x2916>; R_ARM_JUMP_SLOT getenv|96-19-2-0-22-41-0-0
68428|data|Elf32_Rel <0x21364, 0x1816>; R_ARM_JUMP_SLOT qmail_lookup_init|100-19-2-0-22-24-0-0
68436|data|Elf32_Rel <0x21368, 0x1616>; R_ARM_JUMP_SLOT __libc_start_main|104-19-2-0-22-22-0-0
68444|data|Elf32_Rel <0x2136C, 0x2316>; R_ARM_JUMP_SLOT cvm_module_fact_uint|108-19-2-0-22-35-0-0
68452|data|Elf32_Rel <0x21370, 0x1C16>; R_ARM_JUMP_SLOT __ctype_tolower_loc|112-19-2-0-22-28-0-0
68460|data|Elf32_Rel <0x21374, 0x216>; R_ARM_JUMP_SLOT __gmon_start__|116-19-2-0-22-2-0-0
68468|data|Elf32_Rel <0x21378, 0x2C16>; R_ARM_JUMP_SLOT __ctype_b_loc|120-19-2-0-22-44-0-0
68476|data|Elf32_Rel <0x2137C, 0x1E16>; R_ARM_JUMP_SLOT strlen|124-19-2-0-22-30-0-0
68484|data|Elf32_Rel <0x21380, 0xC16>; R_ARM_JUMP_SLOT __errno_location|128-19-2-0-22-12-0-0
68492|data|Elf32_Rel <0x21384, 0x2416>; R_ARM_JUMP_SLOT getgid|132-19-2-0-22-36-0-0
68500|data|Elf32_Rel <0x21388, 0x2E16>; R_ARM_JUMP_SLOT str_subst|136-19-2-0-22-46-0-0
68508|data|Elf32_Rel <0x2138C, 0x516>; R_ARM_JUMP_SLOT setegid|140-19-2-0-22-5-0-0
68516|data|Elf32_Rel <0x21390, 0x2216>; R_ARM_JUMP_SLOT main|144-19-2-0-22-34-0-0
68524|data|Elf32_Rel <0x21394, 0x1716>; R_ARM_JUMP_SLOT striter_advance|148-19-2-0-22-23-0-0
68532|data|Elf32_Rel <0x21398, 0x1D16>; R_ARM_JUMP_SLOT abort|152-19-2-0-22-29-0-0
68540|data|Elf32_Rel <0x2139C, 0x1B16>; R_ARM_JUMP_SLOT striter_start|156-19-2-0-22-27-0-0
68548|code|PUSH            {R3,LR}; _init|8-64-45-233
68552|code|BL              sub_10D58|98-0-0-235
68556|code|POP             {R3,PC}|8-128-189-232
68560|code|PUSH            {LR}|4-224-45-229
68564|code|LDR             LR, =(_GLOBAL_OFFSET_TABLE_ - 0x10BE0)|4-224-159-229
68568|code|ADD             LR, PC, LR; _GLOBAL_OFFSET_TABLE_|14-224-143-224
68572|code|LDR             PC, [LR,#8]!|8-240-190-229
68576|data|DCD _GLOBAL_OFFSET_TABLE_ - 0x10BE0|72-7-1-0
68580|code|ADR             R12, 0x10BEC|0-198-143-226
68584|code|ADD             R12, R12, #0x10000|16-202-140-226
68588|code|LDR             PC, [R12,#(getpwnam_ptr - 0x20BEC)]!; __imp_getpwnam|72-247-188-229
68592|code|ADR             R12, 0x10BF8|0-198-143-226
68596|code|ADD             R12, R12, #0x10000|16-202-140-226
68600|code|LDR             PC, [R12,#(getuid_ptr - 0x20BF8)]!; __imp_getuid|64-247-188-229
68604|code|ADR             R12, 0x10C04|0-198-143-226
68608|code|ADD             R12, R12, #0x10000|16-202-140-226
68612|code|LDR             PC, [R12,#(getspnam_ptr - 0x20C04)]!; __imp_getspnam|56-247-188-229
68616|code|ADR             R12, 0x10C10|0-198-143-226
68620|code|ADD             R12, R12, #0x10000|16-202-140-226
68624|code|LDR             PC, [R12,#(str_copys_ptr - 0x20C10)]!; __imp_str_copys|48-247-188-229
68628|code|ADR             R12, 0x10C1C|0-198-143-226
68632|code|ADD             R12, R12, #0x10000|16-202-140-226
68636|code|LDR             PC, [R12,#(qmail_lookup_cvm_ptr - 0x20C1C)]!; __imp_qmail_lookup_cvm|40-247-188-229
68640|code|ADR             R12, 0x10C28|0-198-143-226
68644|code|ADD             R12, R12, #0x10000|16-202-140-226
68648|code|LDR             PC, [R12,#(memcmp_ptr - 0x20C28)]!; __imp_memcmp|32-247-188-229
68652|code|ADR             R12, 0x10C34|0-198-143-226
68656|code|ADD             R12, R12, #0x10000|16-202-140-226
68660|code|LDR             PC, [R12,#(qmail_dotfile_exists_ptr - 0x20C34)]!; __imp_qmail_dotfile_exists|24-247-188-229
68664|code|ADR             R12, 0x10C40|0-198-143-226
68668|code|ADD             R12, R12, #0x10000|16-202-140-226
68672|code|LDR             PC, [R12,#(striter_valid_ptr - 0x20C40)]!; __imp_striter_valid|16-247-188-229
68676|code|ADR             R12, 0x10C4C|0-198-143-226
68680|code|ADD             R12, R12, #0x10000|16-202-140-226
68684|code|LDR             PC, [R12,#(ibuf_openreadclose_ptr - 0x20C4C)]!; __imp_ibuf_openreadclose|8-247-188-229
68688|code|ADR             R12, 0x10C58|0-198-143-226
68692|code|ADD             R12, R12, #0x10000|16-202-140-226
68696|code|LDR             PC, [R12,#(realloc_ptr - 0x20C58)]!; __imp_realloc|0-247-188-229
68700|code|ADR             R12, 0x10C64|0-198-143-226
68704|code|ADD             R12, R12, #0x10000|16-202-140-226
68708|code|LDR             PC, [R12,#(seteuid_ptr - 0x20C64)]!; __imp_seteuid|248-246-188-229
68712|code|ADR             R12, 0x10C70|0-198-143-226
68716|code|ADD             R12, R12, #0x10000|16-202-140-226
68720|code|LDR             PC, [R12,#(getenv_ptr - 0x20C70)]!; __imp_getenv|240-246-188-229
68724|code|ADR             R12, 0x10C7C|0-198-143-226
68728|code|ADD             R12, R12, #0x10000|16-202-140-226
68732|code|LDR             PC, [R12,#(qmail_lookup_init_ptr - 0x20C7C)]!; __imp_qmail_lookup_init|232-246-188-229
68736|code|ADR             R12, 0x10C88|0-198-143-226
68740|code|ADD             R12, R12, #0x10000|16-202-140-226
68744|code|LDR             PC, [R12,#(__libc_start_main_ptr - 0x20C88)]!; __imp___libc_start_main|224-246-188-229
68748|code|ADR             R12, 0x10C94|0-198-143-226
68752|code|ADD             R12, R12, #0x10000|16-202-140-226
68756|code|LDR             PC, [R12,#(cvm_module_fact_uint_ptr - 0x20C94)]!; __imp_cvm_module_fact_uint|216-246-188-229
68760|code|ADR             R12, 0x10CA0|0-198-143-226
68764|code|ADD             R12, R12, #0x10000|16-202-140-226
68768|code|LDR             PC, [R12,#(__ctype_tolower_loc_ptr - 0x20CA0)]!; __imp___ctype_tolower_loc|208-246-188-229
68772|code|ADR             R12, 0x10CAC|0-198-143-226
68776|code|ADD             R12, R12, #0x10000|16-202-140-226
68780|code|LDR             PC, [R12,#(__gmon_start___ptr - 0x20CAC)]!; __imp___gmon_start__|200-246-188-229
68784|code|ADR             R12, 0x10CB8|0-198-143-226
68788|code|ADD             R12, R12, #0x10000|16-202-140-226
68792|code|LDR             PC, [R12,#(__ctype_b_loc_ptr - 0x20CB8)]!; __imp___ctype_b_loc|192-246-188-229
68796|code|ADR             R12, 0x10CC4|0-198-143-226
68800|code|ADD             R12, R12, #0x10000|16-202-140-226
68804|code|LDR             PC, [R12,#(strlen_ptr - 0x20CC4)]!; __imp_strlen|184-246-188-229
68808|code|ADR             R12, 0x10CD0|0-198-143-226
68812|code|ADD             R12, R12, #0x10000|16-202-140-226
68816|code|LDR             PC, [R12,#(__errno_location_ptr - 0x20CD0)]!; __imp___errno_location|176-246-188-229
68820|code|ADR             R12, 0x10CDC|0-198-143-226
68824|code|ADD             R12, R12, #0x10000|16-202-140-226
68828|code|LDR             PC, [R12,#(getgid_ptr - 0x20CDC)]!; __imp_getgid|168-246-188-229
68832|code|ADR             R12, 0x10CE8|0-198-143-226
68836|code|ADD             R12, R12, #0x10000|16-202-140-226
68840|code|LDR             PC, [R12,#(str_subst_ptr - 0x20CE8)]!; __imp_str_subst|160-246-188-229
68844|code|ADR             R12, 0x10CF4|0-198-143-226
68848|code|ADD             R12, R12, #0x10000|16-202-140-226
68852|code|LDR             PC, [R12,#(setegid_ptr - 0x20CF4)]!; __imp_setegid|152-246-188-229
68856|code|ADR             R12, 0x10D00|0-198-143-226
68860|code|ADD             R12, R12, #0x10000|16-202-140-226
68864|code|LDR             PC, [R12,#(main_ptr - 0x20D00)]!; __imp_main|144-246-188-229
68868|code|ADR             R12, 0x10D0C|0-198-143-226
68872|code|ADD             R12, R12, #0x10000|16-202-140-226
68876|code|LDR             PC, [R12,#(striter_advance_ptr - 0x20D0C)]!; __imp_striter_advance|136-246-188-229
68880|code|ADR             R12, 0x10D18|0-198-143-226
68884|code|ADD             R12, R12, #0x10000|16-202-140-226
68888|code|LDR             PC, [R12,#(abort_ptr - 0x20D18)]!; __imp_abort|128-246-188-229
68892|code|ADR             R12, 0x10D24|0-198-143-226
68896|code|ADD             R12, R12, #0x10000|16-202-140-226
68900|code|LDR             PC, [R12,#(striter_start_ptr - 0x20D24)]!; __imp_striter_start|120-246-188-229
68904|code|MOV.W           R11, #0|79-240-0-11
68908|code|MOV.W           LR, #0|79-240-0-14
68912|code|POP             {R1}; argc|2-188
68914|code|MOV             R2, SP; ubp_av|106-70
68916|code|PUSH            {R2}; stack_end|4-180
68918|code|PUSH            {R0}; rtld_fini|1-180
68920|code|LDR.W           R12, =(nullsub_1+1)|223-248-16-192
68924|code|PUSH.W          {R12}; fini|77-248-4-205
68928|code|LDR             R0, =main; main|3-72
68930|code|LDR             R3, =(sub_11180+1); init|4-75
68932|code|BLX             __libc_start_main|255-247-156-239
68936|code|BLX             abort|255-247-226-239
68940|data|DCD nullsub_1+1|193-17-1-0
68944|data|DCD main|248-12-1-0
68948|data|DCD sub_11180+1|129-17-1-0
68952|code|LDR             R3, =(_GLOBAL_OFFSET_TABLE_ - 0x10D68)|20-48-159-229
68956|code|LDR             R2, =(__gmon_start___ptr_0 - 0x21328)|20-32-159-229
68960|code|ADD             R3, PC, R3; _GLOBAL_OFFSET_TABLE_|3-48-143-224
68964|code|LDR             R2, [R3,R2]; __imp___gmon_start__|2-32-147-231
68968|code|CMP             R2, #0|0-0-82-227
68972|code|BXEQ            LR|30-255-47-1
68976|code|B               __gmon_start__|203-255-255-234
68980|data|DCD _GLOBAL_OFFSET_TABLE_ - 0x10D68|192-5-1-0
68984|data|DCD __gmon_start___ptr_0 - 0x21328|120-0-0-0
68988|code|LDR             R3, =0x213AF|7-75
68990|code|MOV             R0, #0x213AC|65-242-172-48-192-242-2-0
68998|code|SUBS            R3, R3, R0|27-26
69000|code|CMP             R3, #6|6-43
69002|code|BLS             locret_10D98|5-217
69004|code|MOV             R3, #0|64-242-0-3-192-242-0-3
69012|code|CBZ             R3, locret_10D98|3-177
69014|code|BX              R3|24-71
69016|code|BX              LR|112-71
69018|data|ALIGN 4|0-191
69020|data|DCD 0x213AF|175-19-2-0
69024|code|MOVW            R3, #0x13AC|65-242-172-51
69028|code|MOVW            R0, #0x13AC|65-242-172-48
69032|code|MOVT.W          R3, #2|192-242-2-3
69036|code|MOVT.W          R0, #2|192-242-2-0
69040|code|SUBS            R1, R3, R0|25-26
69042|code|ASRS            R1, R1, #2|137-16
69044|code|ADD.W           R1, R1, R1,LSR#31|1-235-209-113
69048|code|ASRS            R1, R1, #1|73-16
69050|code|BEQ             locret_10DC8|5-208
69052|code|MOV             R3, #0|64-242-0-3-192-242-0-3
69060|code|CBZ             R3, locret_10DC8|3-177
69062|code|BX              R3|24-71
69064|code|BX              LR|112-71
69066|data|ALIGN 4|0-191
69068|code|PUSH            {R4,LR}|16-181
69070|code|MOV             R4, #0x213D4|65-242-212-52-192-242-2-4
69078|code|LDRB            R3, [R4]|35-120
69080|code|CBNZ            R3, locret_10DE2|27-185
69082|code|BL              sub_10D7C|255-247-207-255
69086|code|MOVS            R3, #1|1-35
69088|code|STRB            R3, [R4]|35-112
69090|code|POP             {R4,PC}|16-189
69092|code|MOVW            R0, #0x121C|65-242-28-32
69096|code|PUSH            {R3,LR}|8-181
69098|code|MOVT.W          R0, #2|192-242-2-0
69102|code|LDR             R3, [R0]|3-104
69104|code|CBNZ            R3, loc_10DF8|19-185
69106|code|POP.W           {R3,LR}|189-232-8-64
69110|code|B               sub_10DA0|211-231
69112|code|MOV             R3, #0|64-242-0-3-192-242-0-3
69120|code|CMP             R3, #0|0-43
69122|code|BEQ             loc_10DF2|246-208
69124|code|BLX             R3|152-71
69126|code|B               loc_10DF2|244-231
69128|code|PUSH            {R4,LR}|16-181
69130|code|BLX             qmail_lookup_init|255-247-52-239
69134|code|ADDS            R0, #1|1-48
69136|code|IT EQ|8-191
69138|code|MOVEQ           R3, #4|4-35
69140|code|BNE             loc_10E1A|1-209
69142|code|MOV             R0, R3|24-70
69144|code|POP             {R4,PC}|16-189
69146|code|MOV             R0, #aCvmQmailLookas; name|65-242-220-16-192-242-1-0
69154|code|BLX             getenv|255-247-34-239
69158|code|MOV             R1, R0|1-70
69160|code|CBZ             R0, loc_10E4E|136-177
69162|code|MOV             R0, #0x213D8|65-242-216-48-192-242-2-0
69170|code|BLX             str_copys|255-247-234-238
69174|code|MOV.W           R3, #0x104|79-244-130-115
69178|code|CMP             R0, #0|0-40
69180|code|BEQ             loc_10E16|235-208
69182|code|MOVW            R0, #0x13D8|65-242-216-48
69186|code|MOVS            R1, #0x20 ; ' '|32-33
69188|code|MOVT.W          R0, #2|192-242-2-0
69192|code|MOVS            R2, #0|0-34
69194|code|BLX             str_subst|255-247-74-239
69198|code|MOV             R0, #aCvmQmailCheckP; name|65-242-240-16-192-242-1-0
69206|code|BLX             getenv|255-247-8-239
69210|code|CBZ             R0, loc_10E84|152-177
69212|code|LDRB            R3, [R0]|3-120
69214|code|CMP             R3, #0|0-43
69216|code|BEQ             loc_10E16|217-208
69218|code|CMP             R3, #0x2D ; '-'|45-43
69220|code|MOV             R4, #0x213D8|65-242-216-52-192-242-2-4
69228|code|ITE EQ|12-191
69230|code|MOVEQ           R3, #0x64 ; 'd'|100-35
69232|code|MOVNE           R3, #4|4-35
69234|code|STR             R3, [R4,#(dword_213E4 - 0x213D8)]|227-96
69236|code|BLX             getuid|255-247-188-238
69240|code|STR             R0, [R4,#(dword_213E8 - 0x213D8)]|32-97
69242|code|BLX             getgid|255-247-44-239
69246|code|MOVS            R3, #0|0-35
69248|code|STR             R0, [R4,#(dword_213EC - 0x213D8)]|96-97
69250|code|B               loc_10E16|200-231
69252|code|MOV             R3, R0|3-70
69254|code|B               loc_10E16|198-231
69256|code|PUSH.W          {R4-R8,LR}|45-233-240-65
69260|code|MOV             R4, #0x213D8|65-242-216-52-192-242-2-4
69268|code|SUB             SP, SP, #0x28|138-176
69270|code|ADD.W           R0, R4, #0x18|4-241-24-0
69274|code|ADD.W           R1, R4, #0x48 ; 'H'|4-241-72-1
69278|code|ADD.W           R2, R4, #0x54 ; 'T'|4-241-84-2
69282|code|ADD.W           R3, R4, #0x60 ; '`'|4-241-96-3
69286|code|BLX             qmail_lookup_cvm|255-247-182-238
69290|code|MOV             R5, R0|5-70
69292|code|CBZ             R0, loc_10EC8|96-177
69294|code|CMP             R0, #1|1-40
69296|code|BEQ             loc_10F24|56-208
69298|code|ADDS            R5, R0, #1|69-28
69300|code|BEQ             loc_10F1A|49-208
69302|code|MOVS            R0, #0x10|16-32
69304|code|MOVS            R1, #0|0-33
69306|code|BLX             cvm_module_fact_uint|255-247-232-238
69310|code|MOVS            R5, #0x64 ; 'd'|100-37
69312|code|MOV             R0, R5|40-70
69314|code|ADD             SP, SP, #0x28 ; '('|10-176
69316|code|POP.W           {R4-R8,PC}|189-232-240-129
69320|code|LDR             R3, [R4,#(dword_213E4 - 0x213D8)]|227-104
69322|code|CBZ             R3, loc_10ED8|43-177
69324|code|LDR             R0, [R4,#(dword_21400 - 0x213D8)]; gid|160-106
69326|code|BLX             setegid|255-247-14-239
69330|code|LDR             R0, [R4,#(dword_213FC - 0x213D8)]; uid|96-106
69332|code|BLX             seteuid|255-247-194-238
69336|code|MOVW            R6, #0x13D8|65-242-216-54
69340|code|LDR             R1, [R4,#(dword_21438 - 0x213D8)]|33-110
69342|code|MOVT.W          R6, #2|192-242-2-6
69346|code|ADD.W           R0, R6, #0x18|6-241-24-0
69350|code|ADD.W           R2, R6, #0x6C ; 'l'|6-241-108-2
69354|code|BLX             qmail_dotfile_exists|255-247-160-238
69358|code|LDR.W           R8, [R4,#(dword_213E4 - 0x213D8)]|212-248-12-128
69362|code|MOV             R7, R0|7-70
69364|code|CMP.W           R8, #0|184-241-0-15
69368|code|BEQ             loc_10F36|29-208
69370|code|LDR             R0, [R6,#(dword_213E8 - 0x213D8)]; uid|48-105
69372|code|BLX             seteuid|255-247-174-238
69376|code|LDR             R0, [R6,#(dword_213EC - 0x213D8)]; gid|112-105
69378|code|BLX             setegid|255-247-244-238
69382|code|ADDS            R3, R7, #1|123-28
69384|code|BNE             loc_10F3A|23-209
69386|code|BLX             __errno_location|255-247-222-238
69390|code|LDR             R3, [R0]|3-104
69392|code|CMP             R3, #0xD|13-43
69394|code|IT EQ|8-191
69396|code|CMPEQ.W         R8, #0x64 ; 'd'|184-241-100-15
69400|code|BEQ             loc_10EB6|205-208
69402|code|MOVS            R5, #4|4-37
69404|code|MOV             R0, R5|40-70
69406|code|ADD             SP, SP, #0x28 ; '('|10-176
69408|code|POP.W           {R4-R8,PC}|189-232-240-129
69412|code|MOV             R1, R0|1-70
69414|code|MOVS            R0, #0x10|16-32
69416|code|BLX             cvm_module_fact_uint|255-247-176-238
69420|code|MOVS            R5, #0x64 ; 'd'|100-37
69422|code|MOV             R0, R5|40-70
69424|code|ADD             SP, SP, #0x28 ; '('|10-176
69426|code|POP.W           {R4-R8,PC}|189-232-240-129
69430|code|ADDS            R3, R0, #1|67-28
69432|code|BEQ             loc_10F1A|239-208
69434|code|CMP             R7, #0|0-47
69436|code|BEQ             loc_10EB6|187-208
69438|code|LDR             R3, [R4,#(dword_213DC - 0x213D8)]|99-104
69440|code|MOV             R4, #0x213D8|65-242-216-52-192-242-2-4
69448|code|CMP             R3, #0|0-43
69450|code|BEQ             loc_10EC0|185-208
69452|code|LDR             R0, [R4,#(dword_21444 - 0x213D8)]|224-110
69454|code|ADD.W           R1, R4, #0x78 ; 'x'|4-241-120-1
69458|code|BLX             ibuf_openreadclose|255-247-120-238
69462|code|CMP             R0, #0|0-40
69464|code|BEQ             loc_10F1A|223-208
69466|code|ADD.W           R1, R4, #0x78 ; 'x'|4-241-120-1
69470|code|MOVS            R2, #0xA|10-34
69472|code|MOV             R0, SP|104-70
69474|code|BLX             striter_start|255-247-220-238
69478|code|MOV             R0, SP|104-70
69480|code|BLX             striter_valid|255-247-102-238
69484|code|MOV             R5, R0|5-70
69486|code|CMP             R0, #0|0-40
69488|code|BEQ             loc_10EC0|166-208
69490|code|LDR             R4, [SP,#0x40+var_34]|3-156
69492|code|LDR             R5, [SP,#0x40+var_38]|2-157
69494|code|CBZ             R4, loc_10F98|124-177
69496|code|BLX             __ctype_b_loc|255-247-154-238
69500|code|MOV             R3, R5|43-70
69502|code|LDR             R5, [R0]|5-104
69504|code|B               loc_10F86|1-224
69506|code|SUBS            R4, #1|1-60
69508|code|BEQ             loc_10F98|8-208
69510|code|MOV             R2, R3|26-70
69512|code|LDRB.W          R1, [R3],#1|19-248-1-27
69516|code|LDRH.W          R0, [R5,R1,LSL#1]|53-248-17-0
69520|code|LSLS            R6, R0, #0x12|134-4
69522|code|BMI             loc_10F82|246-212
69524|code|CMP             R1, #0x7C ; '|'|124-41
69526|code|BEQ             loc_10FA0|3-208
69528|code|MOV             R0, SP|104-70
69530|code|BLX             striter_advance|255-247-180-238
69534|code|B               loc_10F66|226-231
69536|code|SUBS            R4, #1|1-60
69538|code|ADD.W           R2, R2, #1|2-241-1-2
69542|code|BNE             loc_10FAE|2-209
69544|code|B               loc_10F98|246-231
69546|code|SUBS            R4, #1|1-60
69548|code|BEQ             loc_10F98|244-208
69550|code|LDRB            R3, [R2]|19-120
69552|code|MOV             R7, R2|23-70
69554|code|ADDS            R2, #1|1-50
69556|code|LDRH.W          R3, [R5,R3,LSL#1]|53-248-19-48
69560|code|LSLS            R0, R3, #0x12|152-4
69562|code|BMI             loc_10FAA|246-212
69564|code|ADD             R4, R7|60-68
69566|code|B               loc_10FCE|6-224
69568|code|CMP             R2, R4|162-66
69570|code|MOV             R6, R2|22-70
69572|code|BEQ             loc_10FD6|7-208
69574|code|LDRB.W          R3, [R2],#1|18-248-1-59
69578|code|LDRH.W          R3, [R5,R3,LSL#1]|53-248-19-48
69582|code|LSLS            R1, R3, #0x12|153-4
69584|code|ADD.W           R6, R2, #0xFFFFFFFF|2-241-255-54
69588|code|BPL             loc_10FC0|244-213
69590|code|CMP             R6, R7|190-66
69592|code|BLS             loc_10F98|222-217
69594|code|MOVW            R1, #0x13D8|65-242-216-49
69598|code|ADD             R0, SP, #0x40+var_2C|5-168
69600|code|MOVT.W          R1, #2|192-242-2-1
69604|code|MOVS            R2, #0|0-34
69606|code|SUBS            R6, R6, R7|246-27
69608|code|BLX             striter_start|255-247-152-238
69612|code|B               loc_10FF4|2-224
69614|code|ADD             R0, SP, #0x40+var_2C|5-168
69616|code|BLX             striter_advance|255-247-136-238
69620|code|ADD             R0, SP, #0x40+var_2C|5-168
69622|code|BLX             striter_valid|255-247-32-238
69626|code|MOV             R1, R7; s2|57-70
69628|code|MOV             R2, R6; n|50-70
69630|code|CMP             R0, #0|0-40
69632|code|BEQ             loc_10F98|202-208
69634|code|LDR             R3, [SP,#0x40+var_20]|8-155
69636|code|CMP             R6, R3|158-66
69638|code|BNE             loc_10FEE|242-209
69640|code|LDR             R0, [SP,#0x40+s1]; s1|7-152
69642|code|BLX             memcmp|255-247-10-238
69646|code|CMP             R0, #0|0-40
69648|code|BNE             loc_10FEE|237-209
69650|code|MOVS            R0, #0x10|16-32
69652|code|MOVS            R1, #1|1-33
69654|code|BLX             cvm_module_fact_uint|255-247-58-238
69658|code|MOVS            R5, #0x64 ; 'd'|100-37
69660|code|B               loc_10EC0|80-231
69662|data|ALIGN 0x10|0-191
69664|code|MOVS            R0, #6|6-32
69666|code|BX              LR|112-71
69668|code|MOVW            R2, #0x13D8|65-242-216-50
69672|code|MOVW            R3, #0x13D0|65-242-208-51
69676|code|MOVT.W          R2, #2|192-242-2-2
69680|code|MOVT.W          R3, #2|192-242-2-3
69684|code|PUSH.W          {R4-R11,LR}|45-233-240-79
69688|code|MOVW            R0, #0x13B0|65-242-176-48
69692|code|LDR.W           R8, [R2,#(dword_213F0 - 0x213D8)]|210-248-24-128
69696|code|MOVT.W          R0, #2|192-242-2-0
69700|code|LDR             R4, [R2,#(dword_21404 - 0x213D8)]|212-106
69702|code|MOVW            R12, #0x13C8|65-242-200-60
69706|code|LDR.W           R11, [R2,#(dword_213FC - 0x213D8)]|210-248-36-176
69710|code|MOVW            LR, #0x13B8|65-242-184-62
69714|code|LDR.W           R10, [R2,#(dword_21400 - 0x213D8)]|210-248-40-160
69718|code|MOVW            R7, #0x13CC|65-242-204-55
69722|code|LDR.W           R9, [R2,#(dword_21420 - 0x213D8)]|210-248-72-144
69726|code|MOVW            R6, #0x13C4|65-242-196-54
69730|code|STR.W           R8, [R3]|195-248-0-128
69734|code|MOVW            R5, #0x13B4|65-242-180-53
69738|code|MOVW            R1, #0x13BC|65-242-188-49
69742|code|MOVW            R2, #0x13C0|65-242-192-50
69746|code|MOVW            R3, #0x13AC|65-242-172-51
69750|code|STR.W           R8, [R0]|192-248-0-128
69754|code|MOVT.W          R12, #2|192-242-2-12
69758|code|MOV.W           R8, #0|79-240-0-8
69762|code|MOVT.W          LR, #2|192-242-2-14
69766|code|MOVT.W          R7, #2|192-242-2-7
69770|code|MOVT.W          R6, #2|192-242-2-6
69774|code|MOVT.W          R5, #2|192-242-2-5
69778|code|MOVT.W          R1, #2|192-242-2-1
69782|code|MOVT.W          R2, #2|192-242-2-2
69786|code|MOVT.W          R3, #2|192-242-2-3
69790|code|STR.W           R11, [R12]|204-248-0-176
69794|code|MOV             R0, R8|64-70
69796|code|STR.W           R10, [LR]|206-248-0-160
69800|code|STR             R4, [R7]|60-96
69802|code|STR             R4, [R6]|52-96
69804|code|STR.W           R9, [R5]|197-248-0-144
69808|code|STR             R4, [R1]|12-96
69810|code|STR.W           R8, [R2]|194-248-0-128
69814|code|STR.W           R8, [R3]|195-248-0-128
69818|code|POP.W           {R4-R11,PC}|189-232-240-143
69822|data|ALIGN 0x10|0-191
69824|code|BX              LR|112-71
69826|data|ALIGN 4|0-191
69828|code|PUSH.W          {R3-R11,LR}|45-233-248-79
69832|code|MOV             R10, R1|138-70
69834|code|MOV             R6, R0|6-70
69836|code|BLX             strlen|255-247-246-237
69840|code|MOV             R9, #0x2145C|65-242-92-73-192-242-2-9
69848|code|LDR.W           R3, [R9]|217-248-0-48
69852|code|CMP             R0, R3|152-66
69854|code|MOV             R4, R0|4-70
69856|code|BHI             loc_11152|55-216
69858|code|LDR.W           R8, [R9,#(dword_21460 - 0x2145C)]|217-248-4-128
69862|code|LDRB            R4, [R6]|52-120
69864|code|CMP             R4, #0|0-44
69866|code|BEQ             loc_1117C|71-208
69868|code|BLX             __ctype_b_loc|255-247-224-237
69872|code|MOV             R7, R8|71-70
69874|code|MOV             R11, R0|131-70
69876|code|LDR.W           R3, [R11]|219-248-0-48
69880|code|SXTH            R5, R4|37-178
69882|code|LDRH.W          R3, [R3,R5,LSL#1]|51-248-21-48
69886|code|LSLS            R3, R3, #0x17|219-5
69888|code|BPL             loc_1110C|4-213
69890|code|BLX             __ctype_tolower_loc|255-247-202-237
69894|code|LDR             R3, [R0]|3-104
69896|code|LDRB.W          R4, [R3,R5,LSL#2]|19-248-37-64
69900|code|STRB.W          R4, [R7],#1|7-248-1-75
69904|code|LDRB.W          R4, [R6,#1]!|22-248-1-79
69908|code|CMP             R4, #0|0-44
69910|code|BNE             loc_110F4|237-209
69912|code|MOVS            R3, #0|0-35
69914|code|STRB            R3, [R7]|59-112
69916|code|MOV             R0, R8|64-70
69918|code|BLX             getpwnam|255-247-98-237
69922|code|MOV             R4, R0|4-70
69924|code|CBZ             R0, loc_11142|104-177
69926|code|MOV             R0, R8|64-70
69928|code|BLX             getspnam|255-247-104-237
69932|code|STR.W           R0, [R9,#(dword_21464 - 0x2145C)]|201-248-8-0
69936|code|CBZ             R0, loc_1116C|224-177
69938|code|LDR             R3, [R0,#4]|67-104
69940|code|CBZ             R3, loc_11138|3-177
69942|code|STR             R3, [R4,#4]|99-96
69944|code|STR.W           R4, [R10]|202-248-0-64
69948|code|MOVS            R0, #0|0-32
69950|code|POP.W           {R3-R11,PC}|189-232-248-143
69954|code|BLX             __errno_location|255-247-194-237
69958|code|LDR             R3, [R0]|3-104
69960|code|CMP             R3, #0x1A|26-43
69962|code|BEQ             loc_11176|20-208
69964|code|MOVS            R0, #0x64 ; 'd'|100-32
69966|code|POP.W           {R3-R11,PC}|189-232-248-143
69970|code|LDR.W           R0, [R9,#(dword_21460 - 0x2145C)]|217-248-4-0
69974|code|ADDS            R1, R4, #1|97-28
69976|code|BLX             realloc|255-247-122-237
69980|code|STR.W           R0, [R9,#(dword_21460 - 0x2145C)]|201-248-4-0
69984|code|MOV             R8, R0|128-70
69986|code|CMP             R0, #0|0-40
69988|code|BEQ             loc_1111C|218-208
69990|code|STR.W           R4, [R9]|201-248-0-64
69994|code|B               loc_110E6|188-231
69996|code|BLX             __errno_location|255-247-172-237
70000|code|LDR             R3, [R0]|3-104
70002|code|CMP             R3, #0x1A|26-43
70004|code|BNE             loc_11138|224-209
70006|code|MOVS            R0, #4|4-32
70008|code|POP.W           {R3-R11,PC}|189-232-248-143
70012|code|MOV             R7, R8|71-70
70014|code|B               loc_11118|203-231
70016|code|PUSH.W          {R3-R9,LR}|45-233-248-67
70020|code|MOV             R7, R0|7-70
70022|code|LDR             R6, =(off_21218 - 0x11192)|12-78
70024|code|MOV             R8, R1|136-70
70026|code|LDR             R5, =(off_21214 - 0x11198)|12-77
70028|code|MOV             R9, R2|145-70
70030|code|ADD             R6, PC; off_21218|126-68
70032|code|BLX             .init_proc|255-247-24-237
70036|code|ADD             R5, PC; off_21214|125-68
70038|code|SUBS            R6, R6, R5|118-27
70040|code|ASRS            R6, R6, #2|182-16
70042|code|BEQ             locret_111B2|10-208
70044|code|SUBS            R5, #4|4-61
70046|code|MOVS            R4, #0|0-36
70048|code|ADDS            R4, #1|1-52
70050|code|LDR.W           R3, [R5,#4]!|85-248-4-63
70054|code|MOV             R0, R7|56-70
70056|code|MOV             R1, R8|65-70
70058|code|MOV             R2, R9|74-70
70060|code|BLX             R3|152-71
70062|code|CMP             R4, R6|180-66
70064|code|BNE             loc_111A0|246-209
70066|code|POP.W           {R3-R9,PC}|189-232-248-131
70070|data|ALIGN 4|0-191
70072|data|DCD off_21218 - 0x11192|134-0-1-0
70076|data|DCD off_21214 - 0x11198|124-0-1-0
70080|code|BX              LR|112-71
70082|data|ALIGN 4|0-191
70084|code|PUSH            {R3,LR}; _fini|8-64-45-233
70088|code|POP             {R3,PC}|8-128-189-232
135700|data|DCD sub_10DE4+1|229-13-1-0
135704|data|DCD sub_10DCC+1|205-13-1-0
135708|data|DCD 0|0-0-0-0
135712|data|Elf32_Dyn <1, <1>>; DT_NEEDED libcvm-module.so.1|1-0-0-0-1-0-0-0
135720|data|Elf32_Dyn <1, <0x1AC>>; DT_NEEDED libcvm-qmail.so.1|1-0-0-0-172-1-0-0
135728|data|Elf32_Dyn <1, <0x1F6>>; DT_NEEDED libbg.so.1|1-0-0-0-246-1-0-0
135736|data|Elf32_Dyn <1, <0x24A>>; DT_NEEDED libcrypt.so.1|1-0-0-0-74-2-0-0
135744|data|Elf32_Dyn <1, <0x258>>; DT_NEEDED libc.so.6|1-0-0-0-88-2-0-0
135752|data|Elf32_Dyn <0xC, <0x10BC4>>; DT_INIT|12-0-0-0-196-11-1-0
135760|data|Elf32_Dyn <0xD, <0x111C4>>; DT_FINI|13-0-0-0-196-17-1-0
135768|data|Elf32_Dyn <0x19, <0x21214>>; DT_INIT_ARRAY|25-0-0-0-20-18-2-0
135776|data|Elf32_Dyn <0x1B, <4>>; DT_INIT_ARRAYSZ|27-0-0-0-4-0-0-0
135784|data|Elf32_Dyn <0x1A, <0x21218>>; DT_FINI_ARRAY|26-0-0-0-24-18-2-0
135792|data|Elf32_Dyn <0x1C, <4>>; DT_FINI_ARRAYSZ|28-0-0-0-4-0-0-0
135800|data|Elf32_Dyn <0x6FFFFEF5, <0x10194>>; DT_GNU_HASH|245-254-255-111-148-1-1-0
135808|data|Elf32_Dyn <5, <0x106C4>>; DT_STRTAB|5-0-0-0-196-6-1-0
135816|data|Elf32_Dyn <6, <0x10344>>; DT_SYMTAB|6-0-0-0-68-3-1-0
135824|data|Elf32_Dyn <0xA, <0x33E>>; DT_STRSZ|10-0-0-0-62-3-0-0
135832|data|Elf32_Dyn <0xB, <0x10>>; DT_SYMENT|11-0-0-0-16-0-0-0
135840|data|Elf32_Dyn <0x15, <0>>; DT_DEBUG|21-0-0-0-0-0-0-0
135848|data|Elf32_Dyn <3, <0x21328>>; DT_PLTGOT|3-0-0-0-40-19-2-0
135856|data|Elf32_Dyn <2, <0xD8>>; DT_PLTRELSZ|2-0-0-0-216-0-0-0
135864|data|Elf32_Dyn <0x14, <0x11>>; DT_PLTREL|20-0-0-0-17-0-0-0
135872|data|Elf32_Dyn <0x17, <0x10AEC>>; DT_JMPREL|23-0-0-0-236-10-1-0
135880|data|Elf32_Dyn <0x11, <0x10A94>>; DT_REL|17-0-0-0-148-10-1-0
135888|data|Elf32_Dyn <0x12, <0x58>>; DT_RELSZ|18-0-0-0-88-0-0-0
135896|data|Elf32_Dyn <0x13, <8>>; DT_RELENT|19-0-0-0-8-0-0-0
135904|data|Elf32_Dyn <0x6FFFFFFE, <0x10A74>>; DT_VERNEED|254-255-255-111-116-10-1-0
135912|data|Elf32_Dyn <0x6FFFFFFF, <1>>; DT_VERNEEDNUM|255-255-255-111-1-0-0-0
135920|data|Elf32_Dyn <0x6FFFFFF0, <0x10A02>>; DT_VERSYM|240-255-255-111-2-10-1-0
135928|data|Elf32_Dyn <0>; DT_NULL|0-0-0-0-0-0-0-0
135976|data|DCD stru_21220|32-18-2-0
135980|data|DCD 0|0-0-0-0
135984|data|DCD 0|0-0-0-0
135988|data|DCD __imp_getpwnam|204-20-2-0
135992|data|DCD __imp_getuid|184-20-2-0
135996|data|DCD __imp_getspnam|192-20-2-0
136000|data|DCD __imp_str_copys|208-20-2-0
136004|data|DCD __imp_qmail_lookup_cvm|112-20-2-0
136008|data|DCD __imp_memcmp|180-20-2-0
136012|data|DCD __imp_qmail_dotfile_exists|120-20-2-0
136016|data|DCD __imp_striter_valid|136-20-2-0
136020|data|DCD __imp_ibuf_openreadclose|128-20-2-0
136024|data|DCD __imp_realloc|132-20-2-0
136028|data|DCD __imp_seteuid|116-20-2-0
136032|data|DCD __imp_getenv|188-20-2-0
136036|data|DCD __imp_qmail_lookup_init|148-20-2-0
136040|data|DCD __imp___libc_start_main|140-20-2-0
136044|data|DCD __imp_cvm_module_fact_uint|172-20-2-0
136048|data|DCD __imp___ctype_tolower_loc|156-20-2-0
136052|data|DCD __imp___gmon_start__|216-20-2-0
136056|data|DCD __imp___ctype_b_loc|196-20-2-0
136060|data|DCD __imp_strlen|164-20-2-0
136064|data|DCD __imp___errno_location|124-20-2-0
136068|data|DCD __imp_getgid|176-20-2-0
136072|data|DCD __imp_str_subst|200-20-2-0
136076|data|DCD __imp_setegid|108-20-2-0
136080|data|DCD __imp_main|168-20-2-0
136084|data|DCD __imp_striter_advance|144-20-2-0
136088|data|DCD __imp_abort|160-20-2-0
136092|data|DCD __imp_striter_start|152-20-2-0
136096|data|DCD __imp___gmon_start__|216-20-2-0
136100|data|ALIGN 8|0-0-0-0
136108|data|% 4; Alternative name is '__bss_start'|255-255-255-255
136112|data|% 4; Copy of shared data|255-255-255-255
136116|data|% 4; Copy of shared data|255-255-255-255
136120|data|% 4; Copy of shared data|255-255-255-255
136124|data|% 4; Copy of shared data|255-255-255-255
136128|data|% 4; Copy of shared data|255-255-255-255
136132|data|% 4; Copy of shared data|255-255-255-255
136136|data|% 4; Copy of shared data|255-255-255-255
136140|data|% 4; Copy of shared data|255-255-255-255
136144|data|% 4; Copy of shared data|255-255-255-255
136148|data|% 1|255
136156|data|% 4|255-255-255-255
136164|data|% 4|255-255-255-255
136168|data|% 4|255-255-255-255
136172|data|% 4|255-255-255-255
136176|data|% 4|255-255-255-255
136188|data|% 4|255-255-255-255
136192|data|% 4|255-255-255-255
136196|data|% 4|255-255-255-255
136200|data|ALIGN 0x20|255-255-255-255-255-255-255-255-255-255-255-255-255-255-255-255-255-255-255-255-255-255-255-255
136224|data|% 4|255-255-255-255
136248|data|% 4|255-255-255-255
136260|data|% 4|255-255-255-255
136284|data|% 4|255-255-255-255
136288|data|% 4|255-255-255-255
